0.94356599 	0.59946998 	0.61800914 	0.70804126 	0.50336526 	0.56364867 	0.32589080 	0.93142269 	0.73644444 	0.78032183 	0.55964533 	0.96292090 	0.23453210 	0.55577468 	0.30823336 	0.05673687 	
0.94356599 	0.97543913 	0.61800914 	0.70804126 	0.50336526 	0.56364867 	0.32589080 	0.93142269 	0.73644444 	0.78032183 	0.55964533 	0.96292090 	0.23453210 	0.55577468 	0.30823336 	0.05673687 	
0.94356599 	0.97543913 	0.98976456 	0.70804126 	0.50336526 	0.56364867 	0.32589080 	0.93142269 	0.73644444 	0.78032183 	0.55964533 	0.96292090 	0.23453210 	0.55577468 	0.30823336 	0.05673687 	
0.94356599 	0.97543913 	0.98976456 	0.95325261 	0.50336526 	0.56364867 	0.32589080 	0.93142269 	0.73644444 	0.78032183 	0.55964533 	0.96292090 	0.23453210 	0.55577468 	0.30823336 	0.05673687 	
0.94356599 	0.97543913 	0.98976456 	0.95325261 	0.98108374 	0.56364867 	0.32589080 	0.93142269 	0.73644444 	0.78032183 	0.55964533 	0.96292090 	0.23453210 	0.55577468 	0.30823336 	0.05673687 	
0.94356599 	0.97543913 	0.98976456 	0.95325261 	0.98108374 	0.95384476 	0.32589080 	0.93142269 	0.73644444 	0.78032183 	0.55964533 	0.96292090 	0.23453210 	0.55577468 	0.30823336 	0.05673687 	
0.94356599 	0.97543913 	0.98976456 	0.95325261 	0.98108374 	0.95384476 	0.91964349 	0.93142269 	0.73644444 	0.78032183 	0.55964533 	0.96292090 	0.23453210 	0.55577468 	0.30823336 	0.05673687 	
0.94356599 	0.97543913 	0.98976456 	0.95325261 	0.98108374 	0.95384476 	0.91964349 	0.96985185 	0.73644444 	0.78032183 	0.55964533 	0.96292090 	0.23453210 	0.55577468 	0.30823336 	0.05673687 	
0.94356599 	0.97543913 	0.98976456 	0.95325261 	0.98108374 	0.95384476 	0.91964349 	0.96985185 	0.92795687 	0.78032183 	0.55964533 	0.96292090 	0.23453210 	0.55577468 	0.30823336 	0.05673687 	
0.94356599 	0.97543913 	0.98976456 	0.95325261 	0.98108374 	0.95384476 	0.91964349 	0.96985185 	0.92795687 	0.96361111 	0.55964533 	0.96292090 	0.23453210 	0.55577468 	0.30823336 	0.05673687 	
0.94356599 	0.97543913 	0.98976456 	0.95325261 	0.98108374 	0.95384476 	0.91964349 	0.96985185 	0.92795687 	0.96361111 	0.91357291 	0.96292090 	0.23453210 	0.55577468 	0.30823336 	0.05673687 	
0.94356599 	0.97543913 	0.98976456 	0.95325261 	0.98108374 	0.95384476 	0.91964349 	0.96985185 	0.92795687 	0.96361111 	0.91357291 	0.96292090 	0.23453210 	0.55577468 	0.30823336 	0.05673687 	
0.94356599 	0.97543913 	0.98976456 	0.95325261 	0.98108374 	0.95384476 	0.91964349 	0.96985185 	0.92795687 	0.96361111 	0.91357291 	0.96292090 	0.92273935 	0.55577468 	0.30823336 	0.05673687 	
0.94356599 	0.97543913 	0.98976456 	0.95325261 	0.98108374 	0.95384476 	0.91964349 	0.96985185 	0.92795687 	0.96361111 	0.91357291 	0.96292090 	0.92273935 	0.93601933 	0.30823336 	0.05673687 	
0.94356599 	0.97543913 	0.98976456 	0.95325261 	0.98108374 	0.95384476 	0.91964349 	0.96985185 	0.92795687 	0.96361111 	0.91357291 	0.96292090 	0.92273935 	0.93601933 	0.94303004 	0.05673687 	
0.94356599 	0.97543913 	0.98976456 	0.95325261 	0.98108374 	0.95384476 	0.91964349 	0.96985185 	0.92795687 	0.96361111 	0.91357291 	0.96292090 	0.92273935 	0.93601933 	0.94303004 	0.89236879 	
0.97605336 	0.97543913 	0.98976456 	0.95325261 	0.98108374 	0.95384476 	0.91964349 	0.96985185 	0.92795687 	0.96361111 	0.91357291 	0.96292090 	0.92273935 	0.93601933 	0.94303004 	0.89236879 	
0.97605336 	0.98286949 	0.98976456 	0.95325261 	0.98108374 	0.95384476 	0.91964349 	0.96985185 	0.92795687 	0.96361111 	0.91357291 	0.96292090 	0.92273935 	0.93601933 	0.94303004 	0.89236879 	
0.97605336 	0.98286949 	0.99002651 	0.95325261 	0.98108374 	0.95384476 	0.91964349 	0.96985185 	0.92795687 	0.96361111 	0.91357291 	0.96292090 	0.92273935 	0.93601933 	0.94303004 	0.89236879 	
0.97605336 	0.98286949 	0.99002651 	0.95325261 	0.98108374 	0.95384476 	0.91964349 	0.96985185 	0.92795687 	0.96361111 	0.91357291 	0.96292090 	0.92273935 	0.93601933 	0.94303004 	0.89236879 	
0.97605336 	0.98286949 	0.99002651 	0.95325261 	0.98121074 	0.95384476 	0.91964349 	0.96985185 	0.92795687 	0.96361111 	0.91357291 	0.96292090 	0.92273935 	0.93601933 	0.94303004 	0.89236879 	
0.97605336 	0.98286949 	0.99002651 	0.95325261 	0.98121074 	0.96362675 	0.91964349 	0.96985185 	0.92795687 	0.96361111 	0.91357291 	0.96292090 	0.92273935 	0.93601933 	0.94303004 	0.89236879 	
0.97605336 	0.98286949 	0.99002651 	0.95325261 	0.98121074 	0.96362675 	0.92292098 	0.96985185 	0.92795687 	0.96361111 	0.91357291 	0.96292090 	0.92273935 	0.93601933 	0.94303004 	0.89236879 	
0.97605336 	0.98286949 	0.99002651 	0.95325261 	0.98121074 	0.96362675 	0.92292098 	0.98229289 	0.92795687 	0.96361111 	0.91357291 	0.96292090 	0.92273935 	0.93601933 	0.94303004 	0.89236879 	
0.97605336 	0.98286949 	0.99002651 	0.95325261 	0.98121074 	0.96362675 	0.92292098 	0.98229289 	0.92795687 	0.96361111 	0.91357291 	0.96292090 	0.92273935 	0.93601933 	0.94303004 	0.89236879 	
0.97605336 	0.98286949 	0.99002651 	0.95325261 	0.98121074 	0.96362675 	0.92292098 	0.98229289 	0.92795687 	0.96361111 	0.91357291 	0.96292090 	0.92273935 	0.93601933 	0.94303004 	0.89236879 	
0.97605336 	0.98286949 	0.99002651 	0.95325261 	0.98121074 	0.96362675 	0.92292098 	0.98229289 	0.92795687 	0.96361111 	0.91357291 	0.96292090 	0.92273935 	0.93601933 	0.94303004 	0.89236879 	
0.97605336 	0.98286949 	0.99002651 	0.95325261 	0.98121074 	0.96362675 	0.92292098 	0.98229289 	0.92795687 	0.96361111 	0.91357291 	0.96578352 	0.92273935 	0.93601933 	0.94303004 	0.89236879 	
0.97605336 	0.98286949 	0.99002651 	0.95325261 	0.98121074 	0.96362675 	0.92292098 	0.98229289 	0.92795687 	0.96361111 	0.91357291 	0.96578352 	0.98507310 	0.93601933 	0.94303004 	0.89236879 	
0.97605336 	0.98286949 	0.99002651 	0.95325261 	0.98121074 	0.96362675 	0.92292098 	0.98229289 	0.92795687 	0.96361111 	0.91357291 	0.96578352 	0.98507310 	0.93601933 	0.94303004 	0.89236879 	
0.97605336 	0.98286949 	0.99002651 	0.95325261 	0.98121074 	0.96362675 	0.92292098 	0.98229289 	0.92795687 	0.96361111 	0.91357291 	0.96578352 	0.98507310 	0.93601933 	0.98522071 	0.89236879 	
0.97605336 	0.98286949 	0.99002651 	0.95325261 	0.98121074 	0.96362675 	0.92292098 	0.98229289 	0.92795687 	0.96361111 	0.91357291 	0.96578352 	0.98507310 	0.93601933 	0.98522071 	0.91391399 	
0.98259192 	0.98286949 	0.99002651 	0.95325261 	0.98121074 	0.96362675 	0.92292098 	0.98229289 	0.92795687 	0.96361111 	0.91357291 	0.96578352 	0.98507310 	0.93601933 	0.98522071 	0.91391399 	
0.98259192 	0.98286949 	0.99002651 	0.95325261 	0.98121074 	0.96362675 	0.92292098 	0.98229289 	0.92795687 	0.96361111 	0.91357291 	0.96578352 	0.98507310 	0.93601933 	0.98522071 	0.91391399 	
0.98259192 	0.98286949 	0.99764770 	0.95325261 	0.98121074 	0.96362675 	0.92292098 	0.98229289 	0.92795687 	0.96361111 	0.91357291 	0.96578352 	0.98507310 	0.93601933 	0.98522071 	0.91391399 	
0.98259192 	0.98286949 	0.99764770 	0.95897210 	0.98121074 	0.96362675 	0.92292098 	0.98229289 	0.92795687 	0.96361111 	0.91357291 	0.96578352 	0.98507310 	0.93601933 	0.98522071 	0.91391399 	
0.98259192 	0.98286949 	0.99764770 	0.95897210 	0.99992471 	0.96362675 	0.92292098 	0.98229289 	0.92795687 	0.96361111 	0.91357291 	0.96578352 	0.98507310 	0.93601933 	0.98522071 	0.91391399 	
0.98259192 	0.98286949 	0.99764770 	0.95897210 	0.99992471 	0.96362675 	0.92292098 	0.98229289 	0.92795687 	0.96361111 	0.91357291 	0.96578352 	0.98507310 	0.93601933 	0.98522071 	0.91391399 	
0.98259192 	0.98286949 	0.99764770 	0.95897210 	0.99992471 	0.96362675 	0.99671745 	0.98229289 	0.92795687 	0.96361111 	0.91357291 	0.96578352 	0.98507310 	0.93601933 	0.98522071 	0.91391399 	
0.98259192 	0.98286949 	0.99764770 	0.95897210 	0.99992471 	0.96362675 	0.99671745 	0.99692434 	0.92795687 	0.96361111 	0.91357291 	0.96578352 	0.98507310 	0.93601933 	0.98522071 	0.91391399 	
0.98259192 	0.98286949 	0.99764770 	0.95897210 	0.99992471 	0.96362675 	0.99671745 	0.99692434 	0.94552194 	0.96361111 	0.91357291 	0.96578352 	0.98507310 	0.93601933 	0.98522071 	0.91391399 	
0.98259192 	0.98286949 	0.99764770 	0.95897210 	0.99992471 	0.96362675 	0.99671745 	0.99692434 	0.94552194 	0.96885425 	0.91357291 	0.96578352 	0.98507310 	0.93601933 	0.98522071 	0.91391399 	
0.98259192 	0.98286949 	0.99764770 	0.95897210 	0.99992471 	0.96362675 	0.99671745 	0.99692434 	0.94552194 	0.96885425 	0.91357291 	0.96578352 	0.98507310 	0.93601933 	0.98522071 	0.91391399 	
0.98259192 	0.98286949 	0.99764770 	0.95897210 	0.99992471 	0.96362675 	0.99671745 	0.99692434 	0.94552194 	0.96885425 	0.91357291 	0.97913256 	0.98507310 	0.93601933 	0.98522071 	0.91391399 	
0.98259192 	0.98286949 	0.99764770 	0.95897210 	0.99992471 	0.96362675 	0.99671745 	0.99692434 	0.94552194 	0.96885425 	0.91357291 	0.97913256 	0.98874060 	0.93601933 	0.98522071 	0.91391399 	
0.98259192 	0.98286949 	0.99764770 	0.95897210 	0.99992471 	0.96362675 	0.99671745 	0.99692434 	0.94552194 	0.96885425 	0.91357291 	0.97913256 	0.98874060 	0.95075169 	0.98522071 	0.91391399 	
0.98259192 	0.98286949 	0.99764770 	0.95897210 	0.99992471 	0.96362675 	0.99671745 	0.99692434 	0.94552194 	0.96885425 	0.91357291 	0.97913256 	0.98874060 	0.95075169 	0.99121871 	0.91391399 	
0.98259192 	0.98286949 	0.99764770 	0.95897210 	0.99992471 	0.96362675 	0.99671745 	0.99692434 	0.94552194 	0.96885425 	0.91357291 	0.97913256 	0.98874060 	0.95075169 	0.99121871 	0.92017841 	
0.98787820 	0.98286949 	0.99764770 	0.95897210 	0.99992471 	0.96362675 	0.99671745 	0.99692434 	0.94552194 	0.96885425 	0.91357291 	0.97913256 	0.98874060 	0.95075169 	0.99121871 	0.92017841 	
0.98787820 	0.98286949 	0.99764770 	0.95897210 	0.99992471 	0.96362675 	0.99671745 	0.99692434 	0.94552194 	0.96885425 	0.91357291 	0.97913256 	0.98874060 	0.95075169 	0.99121871 	0.92017841 	
0.98787820 	0.98286949 	0.99764770 	0.95897210 	0.99992471 	0.96362675 	0.99671745 	0.99692434 	0.94552194 	0.96885425 	0.91357291 	0.97913256 	0.98874060 	0.95075169 	0.99121871 	0.92017841 	
0.98787820 	0.98286949 	0.99764770 	0.97065769 	0.99992471 	0.96362675 	0.99671745 	0.99692434 	0.94552194 	0.96885425 	0.91357291 	0.97913256 	0.98874060 	0.95075169 	0.99121871 	0.92017841 	
0.98787820 	0.98286949 	0.99764770 	0.97065769 	0.99992471 	0.96362675 	0.99671745 	0.99692434 	0.94552194 	0.96885425 	0.91357291 	0.97913256 	0.98874060 	0.95075169 	0.99121871 	0.92017841 	
0.98787820 	0.98286949 	0.99764770 	0.97065769 	0.99992471 	0.99644913 	0.99671745 	0.99692434 	0.94552194 	0.96885425 	0.91357291 	0.97913256 	0.98874060 	0.95075169 	0.99121871 	0.92017841 	
0.98787820 	0.98286949 	0.99764770 	0.97065769 	0.99992471 	0.99644913 	0.99953767 	0.99692434 	0.94552194 	0.96885425 	0.91357291 	0.97913256 	0.98874060 	0.95075169 	0.99121871 	0.92017841 	
0.98787820 	0.98286949 	0.99764770 	0.97065769 	0.99992471 	0.99644913 	0.99953767 	0.99900987 	0.94552194 	0.96885425 	0.91357291 	0.97913256 	0.98874060 	0.95075169 	0.99121871 	0.92017841 	
0.98787820 	0.98286949 	0.99764770 	0.97065769 	0.99992471 	0.99644913 	0.99953767 	0.99900987 	0.96903347 	0.96885425 	0.91357291 	0.97913256 	0.98874060 	0.95075169 	0.99121871 	0.92017841 	
0.98787820 	0.98286949 	0.99764770 	0.97065769 	0.99992471 	0.99644913 	0.99953767 	0.99900987 	0.96903347 	0.98344197 	0.91357291 	0.97913256 	0.98874060 	0.95075169 	0.99121871 	0.92017841 	
0.98787820 	0.98286949 	0.99764770 	0.97065769 	0.99992471 	0.99644913 	0.99953767 	0.99900987 	0.96903347 	0.98344197 	0.96627769 	0.97913256 	0.98874060 	0.95075169 	0.99121871 	0.92017841 	
0.98787820 	0.98286949 	0.99764770 	0.97065769 	0.99992471 	0.99644913 	0.99953767 	0.99900987 	0.96903347 	0.98344197 	0.96627769 	0.99771701 	0.98874060 	0.95075169 	0.99121871 	0.92017841 	
0.98787820 	0.98286949 	0.99764770 	0.97065769 	0.99992471 	0.99644913 	0.99953767 	0.99900987 	0.96903347 	0.98344197 	0.96627769 	0.99771701 	0.98925862 	0.95075169 	0.99121871 	0.92017841 	
0.98787820 	0.98286949 	0.99764770 	0.97065769 	0.99992471 	0.99644913 	0.99953767 	0.99900987 	0.96903347 	0.98344197 	0.96627769 	0.99771701 	0.98925862 	0.96954122 	0.99121871 	0.92017841 	
0.98787820 	0.98286949 	0.99764770 	0.97065769 	0.99992471 	0.99644913 	0.99953767 	0.99900987 	0.96903347 	0.98344197 	0.96627769 	0.99771701 	0.98925862 	0.96954122 	0.99705245 	0.92017841 	
0.98787820 	0.98286949 	0.99764770 	0.97065769 	0.99992471 	0.99644913 	0.99953767 	0.99900987 	0.96903347 	0.98344197 	0.96627769 	0.99771701 	0.98925862 	0.96954122 	0.99705245 	0.97234650 	
0.98787820 	0.98286949 	0.99764770 	0.97065769 	0.99992471 	0.99644913 	0.99953767 	0.99900987 	0.96903347 	0.98344197 	0.96627769 	0.99771701 	0.98925862 	0.96954122 	0.99705245 	0.97234650 	
0.98787820 	0.99186292 	0.99764770 	0.97065769 	0.99992471 	0.99644913 	0.99953767 	0.99900987 	0.96903347 	0.98344197 	0.96627769 	0.99771701 	0.98925862 	0.96954122 	0.99705245 	0.97234650 	
0.98787820 	0.99186292 	0.98697209 	0.97065769 	0.99992471 	0.99644913 	0.99953767 	0.99900987 	0.96903347 	0.98344197 	0.96627769 	0.99771701 	0.98925862 	0.96954122 	0.99705245 	0.97234650 	
0.98787820 	0.99186292 	0.98697209 	0.98547721 	0.99992471 	0.99644913 	0.99953767 	0.99900987 	0.96903347 	0.98344197 	0.96627769 	0.99771701 	0.98925862 	0.96954122 	0.99705245 	0.97234650 	
0.98787820 	0.99186292 	0.98697209 	0.98547721 	0.99993638 	0.99644913 	0.99953767 	0.99900987 	0.96903347 	0.98344197 	0.96627769 	0.99771701 	0.98925862 	0.96954122 	0.99705245 	0.97234650 	
0.98787820 	0.99186292 	0.98697209 	0.98547721 	0.99993638 	0.99945392 	0.99953767 	0.99900987 	0.96903347 	0.98344197 	0.96627769 	0.99771701 	0.98925862 	0.96954122 	0.99705245 	0.97234650 	
0.98787820 	0.99186292 	0.98697209 	0.98547721 	0.99993638 	0.99945392 	0.99960944 	0.99900987 	0.96903347 	0.98344197 	0.96627769 	0.99771701 	0.98925862 	0.96954122 	0.99705245 	0.97234650 	
0.98787820 	0.99186292 	0.98697209 	0.98547721 	0.99993638 	0.99945392 	0.99960944 	0.99900987 	0.96903347 	0.98344197 	0.96627769 	0.99771701 	0.98925862 	0.96954122 	0.99705245 	0.97234650 	
0.98787820 	0.99186292 	0.98697209 	0.98547721 	0.99993638 	0.99945392 	0.99960944 	0.99900987 	0.96903347 	0.98344197 	0.96627769 	0.99771701 	0.98925862 	0.96954122 	0.99705245 	0.97234650 	
0.98787820 	0.99186292 	0.98697209 	0.98547721 	0.99993638 	0.99945392 	0.99960944 	0.99900987 	0.96903347 	0.98386831 	0.96627769 	0.99771701 	0.98925862 	0.96954122 	0.99705245 	0.97234650 	
0.98787820 	0.99186292 	0.98697209 	0.98547721 	0.99993638 	0.99945392 	0.99960944 	0.99900987 	0.96903347 	0.98386831 	0.97200313 	0.99771701 	0.98925862 	0.96954122 	0.99705245 	0.97234650 	
0.98787820 	0.99186292 	0.98697209 	0.98547721 	0.99993638 	0.99945392 	0.99960944 	0.99900987 	0.96903347 	0.98386831 	0.97200313 	0.99771701 	0.98925862 	0.96954122 	0.99705245 	0.97234650 	
0.98787820 	0.99186292 	0.98697209 	0.98547721 	0.99993638 	0.99945392 	0.99960944 	0.99900987 	0.96903347 	0.98386831 	0.97200313 	0.99771701 	0.99222686 	0.96954122 	0.99705245 	0.97234650 	
0.98787820 	0.99186292 	0.98697209 	0.98547721 	0.99993638 	0.99945392 	0.99960944 	0.99900987 	0.96903347 	0.98386831 	0.97200313 	0.99771701 	0.99222686 	0.97395827 	0.99705245 	0.97234650 	
0.98787820 	0.99186292 	0.98697209 	0.98547721 	0.99993638 	0.99945392 	0.99960944 	0.99900987 	0.96903347 	0.98386831 	0.97200313 	0.99771701 	0.99222686 	0.97395827 	0.99775873 	0.97234650 	
0.98787820 	0.99186292 	0.98697209 	0.98547721 	0.99993638 	0.99945392 	0.99960944 	0.99900987 	0.96903347 	0.98386831 	0.97200313 	0.99771701 	0.99222686 	0.97395827 	0.99775873 	0.97778780 	
0.99510670 	0.99186292 	0.98697209 	0.98547721 	0.99993638 	0.99945392 	0.99960944 	0.99900987 	0.96903347 	0.98386831 	0.97200313 	0.99771701 	0.99222686 	0.97395827 	0.99775873 	0.97778780 	
0.99510670 	0.99224439 	0.98697209 	0.98547721 	0.99993638 	0.99945392 	0.99960944 	0.99900987 	0.96903347 	0.98386831 	0.97200313 	0.99771701 	0.99222686 	0.97395827 	0.99775873 	0.97778780 	
0.99510670 	0.99224439 	0.98697209 	0.98547721 	0.99993638 	0.99945392 	0.99960944 	0.99900987 	0.96903347 	0.98386831 	0.97200313 	0.99771701 	0.99222686 	0.97395827 	0.99775873 	0.97778780 	
0.99510670 	0.99224439 	0.98697209 	0.98790605 	0.99993638 	0.99945392 	0.99960944 	0.99900987 	0.96903347 	0.98386831 	0.97200313 	0.99771701 	0.99222686 	0.97395827 	0.99775873 	0.97778780 	
0.99510670 	0.99224439 	0.98697209 	0.98790605 	0.99997022 	0.99945392 	0.99960944 	0.99900987 	0.96903347 	0.98386831 	0.97200313 	0.99771701 	0.99222686 	0.97395827 	0.99775873 	0.97778780 	
0.99510670 	0.99224439 	0.98697209 	0.98790605 	0.99997022 	0.99945392 	0.99960944 	0.99900987 	0.96903347 	0.98386831 	0.97200313 	0.99771701 	0.99222686 	0.97395827 	0.99775873 	0.97778780 	
0.99510670 	0.99224439 	0.98697209 	0.98790605 	0.99997022 	0.99945392 	0.99999391 	0.99900987 	0.96903347 	0.98386831 	0.97200313 	0.99771701 	0.99222686 	0.97395827 	0.99775873 	0.97778780 	
0.99510670 	0.99224439 	0.98697209 	0.98790605 	0.99997022 	0.99945392 	0.99999391 	0.99999491 	0.96903347 	0.98386831 	0.97200313 	0.99771701 	0.99222686 	0.97395827 	0.99775873 	0.97778780 	
0.99510670 	0.99224439 	0.98697209 	0.98790605 	0.99997022 	0.99945392 	0.99999391 	0.99999491 	0.97533294 	0.98386831 	0.97200313 	0.99771701 	0.99222686 	0.97395827 	0.99775873 	0.97778780 	
0.99510670 	0.99224439 	0.98697209 	0.98790605 	0.99997022 	0.99945392 	0.99999391 	0.99999491 	0.97533294 	0.98386831 	0.97200313 	0.99771701 	0.99222686 	0.97395827 	0.99775873 	0.97778780 	
0.99510670 	0.99224439 	0.98697209 	0.98790605 	0.99997022 	0.99945392 	0.99999391 	0.99999491 	0.97533294 	0.98386831 	0.98774947 	0.99771701 	0.99222686 	0.97395827 	0.99775873 	0.97778780 	
0.99510670 	0.99224439 	0.98697209 	0.98790605 	0.99997022 	0.99945392 	0.99999391 	0.99999491 	0.97533294 	0.98386831 	0.98774947 	0.99887841 	0.99222686 	0.97395827 	0.99775873 	0.97778780 	
0.99510670 	0.99224439 	0.98697209 	0.98790605 	0.99997022 	0.99945392 	0.99999391 	0.99999491 	0.97533294 	0.98386831 	0.98774947 	0.99887841 	0.99813008 	0.97395827 	0.99775873 	0.97778780 	
0.99510670 	0.99224439 	0.98697209 	0.98790605 	0.99997022 	0.99945392 	0.99999391 	0.99999491 	0.97533294 	0.98386831 	0.98774947 	0.99887841 	0.99813008 	0.97395827 	0.99775873 	0.97778780 	
0.99510670 	0.99224439 	0.98697209 	0.98790605 	0.99997022 	0.99945392 	0.99999391 	0.99999491 	0.97533294 	0.98386831 	0.98774947 	0.99887841 	0.99813008 	0.97395827 	0.99995658 	0.97778780 	
0.99510670 	0.99224439 	0.98697209 	0.98790605 	0.99997022 	0.99945392 	0.99999391 	0.99999491 	0.97533294 	0.98386831 	0.98774947 	0.99887841 	0.99813008 	0.97395827 	0.99995658 	0.97778780 	
0.99764337 	0.99224439 	0.98697209 	0.98790605 	0.99997022 	0.99945392 	0.99999391 	0.99999491 	0.97533294 	0.98386831 	0.98774947 	0.99887841 	0.99813008 	0.97395827 	0.99995658 	0.97778780 	
0.99764337 	0.99186292 	0.98697209 	0.98790605 	0.99997022 	0.99945392 	0.99999391 	0.99999491 	0.97533294 	0.98386831 	0.98774947 	0.99887841 	0.99813008 	0.97395827 	0.99995658 	0.97778780 	
0.99764337 	0.99186292 	0.98697209 	0.98790605 	0.99997022 	0.99945392 	0.99999391 	0.99999491 	0.97533294 	0.98386831 	0.98774947 	0.99887841 	0.99813008 	0.97395827 	0.99995658 	0.97778780 	
0.99764337 	0.99186292 	0.98697209 	0.98790605 	0.99997022 	0.99945392 	0.99999391 	0.99999491 	0.97533294 	0.98386831 	0.98774947 	0.99887841 	0.99813008 	0.97395827 	0.99995658 	0.97778780 	
0.99764337 	0.99186292 	0.98697209 	0.98790605 	0.99997022 	0.99945392 	0.99999391 	0.99999491 	0.97533294 	0.98386831 	0.98774947 	0.99887841 	0.99813008 	0.97395827 	0.99995658 	0.97778780 	
0.99764337 	0.99186292 	0.98697209 	0.98790605 	0.99997022 	0.99945392 	0.99999391 	0.99999491 	0.97533294 	0.98386831 	0.98774947 	0.99887841 	0.99813008 	0.97395827 	0.99995658 	0.97778780 	
0.99764337 	0.99186292 	0.98697209 	0.98790605 	0.99997022 	0.99945392 	0.99999391 	0.99999491 	0.97533294 	0.98386831 	0.98774947 	0.99887841 	0.99813008 	0.97395827 	0.99995658 	0.97778780 	
0.99764337 	0.99186292 	0.98697209 	0.98790605 	0.99997022 	0.99945392 	0.99999391 	0.99999491 	0.97533294 	0.98386831 	0.98774947 	0.99887841 	0.99813008 	0.97395827 	0.99995658 	0.97778780 	
0.99764337 	0.99186292 	0.98697209 	0.98790605 	0.99997022 	0.99945392 	0.99999391 	0.99999491 	0.98630238 	0.98386831 	0.98774947 	0.99887841 	0.99813008 	0.97395827 	0.99995658 	0.97778780 	
0.99764337 	0.99186292 	0.98697209 	0.98790605 	0.99997022 	0.99945392 	0.99999391 	0.99999491 	0.98630238 	0.98386831 	0.98774947 	0.99887841 	0.99813008 	0.97395827 	0.99995658 	0.97778780 	
0.99764337 	0.99186292 	0.98697209 	0.98790605 	0.99997022 	0.99945392 	0.99999391 	0.99999491 	0.98630238 	0.98386831 	0.99059889 	0.99887841 	0.99813008 	0.97395827 	0.99995658 	0.97778780 	
0.99764337 	0.99186292 	0.98697209 	0.98790605 	0.99997022 	0.99945392 	0.99999391 	0.99999491 	0.98630238 	0.98386831 	0.99059889 	0.99957501 	0.99813008 	0.97395827 	0.99995658 	0.97778780 	
0.99764337 	0.99186292 	0.98697209 	0.98790605 	0.99997022 	0.99945392 	0.99999391 	0.99999491 	0.98630238 	0.98386831 	0.99059889 	0.99957501 	0.99863509 	0.97395827 	0.99995658 	0.97778780 	
0.99764337 	0.99186292 	0.98697209 	0.98790605 	0.99997022 	0.99945392 	0.99999391 	0.99999491 	0.98630238 	0.98386831 	0.99059889 	0.99957501 	0.99863509 	0.97395827 	0.99995658 	0.97778780 	
0.99764337 	0.99186292 	0.98697209 	0.98790605 	0.99997022 	0.99945392 	0.99999391 	0.99999491 	0.98630238 	0.98386831 	0.99059889 	0.99957501 	0.99863509 	0.97395827 	0.99995658 	0.97778780 	
0.99764337 	0.99186292 	0.98697209 	0.98790605 	0.99997022 	0.99945392 	0.99999391 	0.99999491 	0.98630238 	0.98386831 	0.99059889 	0.99957501 	0.99863509 	0.97395827 	0.99995658 	0.98793020 	
0.99839173 	0.99186292 	0.98697209 	0.98790605 	0.99997022 	0.99945392 	0.99999391 	0.99999491 	0.98630238 	0.98386831 	0.99059889 	0.99957501 	0.99863509 	0.97395827 	0.99995658 	0.98793020 	
0.99839173 	0.99186292 	0.98697209 	0.98790605 	0.99997022 	0.99945392 	0.99999391 	0.99999491 	0.98630238 	0.98386831 	0.99059889 	0.99957501 	0.99863509 	0.97395827 	0.99995658 	0.98793020 	
0.99839173 	0.99186292 	0.98697209 	0.98790605 	0.99997022 	0.99945392 	0.99999391 	0.99999491 	0.98630238 	0.98386831 	0.99059889 	0.99957501 	0.99863509 	0.97395827 	0.99995658 	0.98793020 	
0.99839173 	0.99186292 	0.98697209 	0.99948850 	0.99997022 	0.99945392 	0.99999391 	0.99999491 	0.98630238 	0.98386831 	0.99059889 	0.99957501 	0.99863509 	0.97395827 	0.99995658 	0.98793020 	
0.99839173 	0.99186292 	0.98697209 	0.99948850 	0.99997022 	0.99945392 	0.99999391 	0.99999491 	0.98630238 	0.98386831 	0.99059889 	0.99957501 	0.99863509 	0.97395827 	0.99995658 	0.98793020 	
0.99839173 	0.99186292 	0.98697209 	0.99948850 	0.99997022 	0.99949197 	0.99999391 	0.99999491 	0.98630238 	0.98386831 	0.99059889 	0.99957501 	0.99863509 	0.97395827 	0.99995658 	0.98793020 	
0.99839173 	0.99186292 	0.98697209 	0.99948850 	0.99997022 	0.99949197 	0.99999391 	0.99999491 	0.98630238 	0.98386831 	0.99059889 	0.99957501 	0.99863509 	0.97395827 	0.99995658 	0.98793020 	
0.99839173 	0.99186292 	0.98697209 	0.99948850 	0.99997022 	0.99949197 	0.99999391 	0.99999491 	0.98630238 	0.98386831 	0.99059889 	0.99957501 	0.99863509 	0.97395827 	0.99995658 	0.98793020 	
0.99839173 	0.99186292 	0.98697209 	0.99948850 	0.99997022 	0.99949197 	0.99999391 	0.99999491 	0.99562320 	0.98386831 	0.99059889 	0.99957501 	0.99863509 	0.97395827 	0.99995658 	0.98793020 	
0.99839173 	0.99186292 	0.98697209 	0.99948850 	0.99997022 	0.99949197 	0.99999391 	0.99999491 	0.99562320 	0.98311807 	0.99059889 	0.99957501 	0.99863509 	0.97395827 	0.99995658 	0.98793020 	
0.99839173 	0.99186292 	0.98697209 	0.99948850 	0.99997022 	0.99949197 	0.99999391 	0.99999491 	0.99562320 	0.98311807 	0.99155417 	0.99957501 	0.99863509 	0.97395827 	0.99995658 	0.98793020 	
0.99839173 	0.99186292 	0.98697209 	0.99948850 	0.99997022 	0.99949197 	0.99999391 	0.99999491 	0.99562320 	0.98311807 	0.99155417 	0.99983995 	0.99863509 	0.97395827 	0.99995658 	0.98793020 	
0.99839173 	0.99186292 	0.98697209 	0.99948850 	0.99997022 	0.99949197 	0.99999391 	0.99999491 	0.99562320 	0.98311807 	0.99155417 	0.99983995 	0.99890413 	0.97395827 	0.99995658 	0.98793020 	
0.99839173 	0.99186292 	0.98697209 	0.99948850 	0.99997022 	0.99949197 	0.99999391 	0.99999491 	0.99562320 	0.98311807 	0.99155417 	0.99983995 	0.99890413 	0.99074778 	0.99995658 	0.98793020 	
0.99839173 	0.99186292 	0.98697209 	0.99948850 	0.99997022 	0.99949197 	0.99999391 	0.99999491 	0.99562320 	0.98311807 	0.99155417 	0.99983995 	0.99890413 	0.99074778 	0.99982168 	0.98793020 	
0.99839173 	0.99186292 	0.98697209 	0.99948850 	0.99997022 	0.99949197 	0.99999391 	0.99999491 	0.99562320 	0.98311807 	0.99155417 	0.99983995 	0.99890413 	0.99074778 	0.99982168 	0.98793020 	
0.99956355 	0.99186292 	0.98697209 	0.99948850 	0.99997022 	0.99949197 	0.99999391 	0.99999491 	0.99562320 	0.98311807 	0.99155417 	0.99983995 	0.99890413 	0.99074778 	0.99982168 	0.98793020 	
0.99956355 	0.98898291 	0.98697209 	0.99948850 	0.99997022 	0.99949197 	0.99999391 	0.99999491 	0.99562320 	0.98311807 	0.99155417 	0.99983995 	0.99890413 	0.99074778 	0.99982168 	0.98793020 	
0.99956355 	0.98898291 	0.98448885 	0.99948850 	0.99997022 	0.99949197 	0.99999391 	0.99999491 	0.99562320 	0.98311807 	0.99155417 	0.99983995 	0.99890413 	0.99074778 	0.99982168 	0.98793020 	
0.99956355 	0.98898291 	0.98448885 	0.99948850 	0.99997022 	0.99949197 	0.99999391 	0.99999491 	0.99562320 	0.98311807 	0.99155417 	0.99983995 	0.99890413 	0.99074778 	0.99982168 	0.98793020 	
0.99956355 	0.98898291 	0.98448885 	0.99948850 	0.99997022 	0.99949197 	0.99999391 	0.99999491 	0.99562320 	0.98311807 	0.99155417 	0.99983995 	0.99890413 	0.99074778 	0.99982168 	0.98793020 	
0.99956355 	0.98898291 	0.98448885 	0.99948850 	0.99997022 	0.99955397 	0.99999391 	0.99999491 	0.99562320 	0.98311807 	0.99155417 	0.99983995 	0.99890413 	0.99074778 	0.99982168 	0.98793020 	
0.99956355 	0.98898291 	0.98448885 	0.99948850 	0.99997022 	0.99955397 	0.99999391 	0.99999491 	0.99562320 	0.98311807 	0.99155417 	0.99983995 	0.99890413 	0.99074778 	0.99982168 	0.98793020 	
0.99956355 	0.98898291 	0.98448885 	0.99948850 	0.99997022 	0.99955397 	0.99999391 	0.99999491 	0.99562320 	0.98311807 	0.99155417 	0.99983995 	0.99890413 	0.99074778 	0.99982168 	0.98793020 	
0.99956355 	0.98898291 	0.98448885 	0.99948850 	0.99997022 	0.99955397 	0.99999391 	0.99999491 	0.99608457 	0.98311807 	0.99155417 	0.99983995 	0.99890413 	0.99074778 	0.99982168 	0.98793020 	
0.99956355 	0.98898291 	0.98448885 	0.99948850 	0.99997022 	0.99955397 	0.99999391 	0.99999491 	0.99608457 	0.98312251 	0.99155417 	0.99983995 	0.99890413 	0.99074778 	0.99982168 	0.98793020 	
0.99956355 	0.98898291 	0.98448885 	0.99948850 	0.99997022 	0.99955397 	0.99999391 	0.99999491 	0.99608457 	0.98312251 	0.99604638 	0.99983995 	0.99890413 	0.99074778 	0.99982168 	0.98793020 	
0.99956355 	0.98898291 	0.98448885 	0.99948850 	0.99997022 	0.99955397 	0.99999391 	0.99999491 	0.99608457 	0.98312251 	0.99604638 	0.99983995 	0.99890413 	0.99074778 	0.99982168 	0.98793020 	
0.99956355 	0.98898291 	0.98448885 	0.99948850 	0.99997022 	0.99955397 	0.99999391 	0.99999491 	0.99608457 	0.98312251 	0.99604638 	0.99983995 	0.99893666 	0.99074778 	0.99982168 	0.98793020 	
0.99956355 	0.98898291 	0.98448885 	0.99948850 	0.99997022 	0.99955397 	0.99999391 	0.99999491 	0.99608457 	0.98312251 	0.99604638 	0.99983995 	0.99893666 	0.99074778 	0.99982168 	0.98793020 	
0.99956355 	0.98898291 	0.98448885 	0.99948850 	0.99997022 	0.99955397 	0.99999391 	0.99999491 	0.99608457 	0.98312251 	0.99604638 	0.99983995 	0.99893666 	0.99074778 	0.99995658 	0.98793020 	
0.99956355 	0.98898291 	0.98448885 	0.99948850 	0.99997022 	0.99955397 	0.99999391 	0.99999491 	0.99608457 	0.98312251 	0.99604638 	0.99983995 	0.99893666 	0.99074778 	0.99995658 	0.99840908 	
0.99958379 	0.98898291 	0.98448885 	0.99948850 	0.99997022 	0.99955397 	0.99999391 	0.99999491 	0.99608457 	0.98312251 	0.99604638 	0.99983995 	0.99893666 	0.99074778 	0.99995658 	0.99840908 	
0.99958379 	0.98898291 	0.98448885 	0.99948850 	0.99997022 	0.99955397 	0.99999391 	0.99999491 	0.99608457 	0.98312251 	0.99604638 	0.99983995 	0.99893666 	0.99074778 	0.99995658 	0.99840908 	
0.99958379 	0.98898291 	0.98318502 	0.99948850 	0.99997022 	0.99955397 	0.99999391 	0.99999491 	0.99608457 	0.98312251 	0.99604638 	0.99983995 	0.99893666 	0.99074778 	0.99995658 	0.99840908 	
0.99958379 	0.98898291 	0.98318502 	0.99986543 	0.99997022 	0.99955397 	0.99999391 	0.99999491 	0.99608457 	0.98312251 	0.99604638 	0.99983995 	0.99893666 	0.99074778 	0.99995658 	0.99840908 	
0.99958379 	0.98898291 	0.98318502 	0.99986543 	0.99998215 	0.99955397 	0.99999391 	0.99999491 	0.99608457 	0.98312251 	0.99604638 	0.99983995 	0.99893666 	0.99074778 	0.99995658 	0.99840908 	
0.99958379 	0.98898291 	0.98318502 	0.99986543 	0.99998215 	0.99997710 	0.99999391 	0.99999491 	0.99608457 	0.98312251 	0.99604638 	0.99983995 	0.99893666 	0.99074778 	0.99995658 	0.99840908 	
0.99958379 	0.98898291 	0.98318502 	0.99986543 	0.99998215 	0.99997710 	0.99999391 	0.99999491 	0.99608457 	0.98312251 	0.99604638 	0.99983995 	0.99893666 	0.99074778 	0.99995658 	0.99840908 	
0.99958379 	0.98898291 	0.98318502 	0.99986543 	0.99998215 	0.99997710 	0.99999391 	0.99999491 	0.99608457 	0.98312251 	0.99604638 	0.99983995 	0.99893666 	0.99074778 	0.99995658 	0.99840908 	
0.99958379 	0.98898291 	0.98318502 	0.99986543 	0.99998215 	0.99997710 	0.99999391 	0.99999491 	0.99864264 	0.98312251 	0.99604638 	0.99983995 	0.99893666 	0.99074778 	0.99995658 	0.99840908 	
0.99958379 	0.98898291 	0.98318502 	0.99986543 	0.99998215 	0.99997710 	0.99999391 	0.99999491 	0.99864264 	0.98281476 	0.99604638 	0.99983995 	0.99893666 	0.99074778 	0.99995658 	0.99840908 	
0.99958379 	0.98898291 	0.98318502 	0.99986543 	0.99998215 	0.99997710 	0.99999391 	0.99999491 	0.99864264 	0.98281476 	0.99620298 	0.99983995 	0.99893666 	0.99074778 	0.99995658 	0.99840908 	
0.99958379 	0.98898291 	0.98318502 	0.99986543 	0.99998215 	0.99997710 	0.99999391 	0.99999491 	0.99864264 	0.98281476 	0.99620298 	0.99997110 	0.99893666 	0.99074778 	0.99995658 	0.99840908 	
0.99958379 	0.98898291 	0.98318502 	0.99986543 	0.99998215 	0.99997710 	0.99999391 	0.99999491 	0.99864264 	0.98281476 	0.99620298 	0.99997110 	0.99926540 	0.99074778 	0.99995658 	0.99840908 	
0.99958379 	0.98898291 	0.98318502 	0.99986543 	0.99998215 	0.99997710 	0.99999391 	0.99999491 	0.99864264 	0.98281476 	0.99620298 	0.99997110 	0.99926540 	0.99074778 	0.99995658 	0.99840908 	
0.99958379 	0.98898291 	0.98318502 	0.99986543 	0.99998215 	0.99997710 	0.99999391 	0.99999491 	0.99864264 	0.98281476 	0.99620298 	0.99997110 	0.99926540 	0.99074778 	0.99996983 	0.99840908 	
0.99958379 	0.98898291 	0.98318502 	0.99986543 	0.99998215 	0.99997710 	0.99999391 	0.99999491 	0.99864264 	0.98281476 	0.99620298 	0.99997110 	0.99926540 	0.99074778 	0.99996983 	0.99924557 	
0.99977688 	0.98898291 	0.98318502 	0.99986543 	0.99998215 	0.99997710 	0.99999391 	0.99999491 	0.99864264 	0.98281476 	0.99620298 	0.99997110 	0.99926540 	0.99074778 	0.99996983 	0.99924557 	
0.99977688 	0.98973664 	0.98318502 	0.99986543 	0.99998215 	0.99997710 	0.99999391 	0.99999491 	0.99864264 	0.98281476 	0.99620298 	0.99997110 	0.99926540 	0.99074778 	0.99996983 	0.99924557 	
0.99977688 	0.98973664 	0.98318502 	0.99986543 	0.99998215 	0.99997710 	0.99999391 	0.99999491 	0.99864264 	0.98281476 	0.99620298 	0.99997110 	0.99926540 	0.99074778 	0.99996983 	0.99924557 	
0.99977688 	0.98973664 	0.98318502 	0.99986543 	0.99998215 	0.99997710 	0.99999391 	0.99999491 	0.99864264 	0.98281476 	0.99620298 	0.99997110 	0.99926540 	0.99074778 	0.99996983 	0.99924557 	
0.99977688 	0.98973664 	0.98318502 	0.99986543 	0.99999894 	0.99997710 	0.99999391 	0.99999491 	0.99864264 	0.98281476 	0.99620298 	0.99997110 	0.99926540 	0.99074778 	0.99996983 	0.99924557 	
0.99977688 	0.98973664 	0.98318502 	0.99986543 	0.99999894 	0.99997710 	0.99999391 	0.99999491 	0.99864264 	0.98281476 	0.99620298 	0.99997110 	0.99926540 	0.99074778 	0.99996983 	0.99924557 	
0.99977688 	0.98973664 	0.98318502 	0.99986543 	0.99999894 	0.99997710 	0.99999391 	0.99999491 	0.99864264 	0.98281476 	0.99620298 	0.99997110 	0.99926540 	0.99074778 	0.99996983 	0.99924557 	
0.99977688 	0.98973664 	0.98318502 	0.99986543 	0.99999894 	0.99997710 	0.99999391 	0.99999491 	0.99864264 	0.98281476 	0.99620298 	0.99997110 	0.99926540 	0.99074778 	0.99996983 	0.99924557 	
0.99977688 	0.98973664 	0.98318502 	0.99986543 	0.99999894 	0.99997710 	0.99999391 	0.99999491 	0.99960630 	0.98281476 	0.99620298 	0.99997110 	0.99926540 	0.99074778 	0.99996983 	0.99924557 	
0.99977688 	0.98973664 	0.98318502 	0.99986543 	0.99999894 	0.99997710 	0.99999391 	0.99999491 	0.99960630 	0.98281476 	0.99620298 	0.99997110 	0.99926540 	0.99074778 	0.99996983 	0.99924557 	
0.99977688 	0.98973664 	0.98318502 	0.99986543 	0.99999894 	0.99997710 	0.99999391 	0.99999491 	0.99960630 	0.98281476 	0.99667837 	0.99997110 	0.99926540 	0.99074778 	0.99996983 	0.99924557 	
0.99977688 	0.98973664 	0.98318502 	0.99986543 	0.99999894 	0.99997710 	0.99999391 	0.99999491 	0.99960630 	0.98281476 	0.99667837 	0.99997110 	0.99926540 	0.99074778 	0.99996983 	0.99924557 	
0.99977688 	0.98973664 	0.98318502 	0.99986543 	0.99999894 	0.99997710 	0.99999391 	0.99999491 	0.99960630 	0.98281476 	0.99667837 	0.99997110 	0.99994322 	0.99074778 	0.99996983 	0.99924557 	
0.99977688 	0.98973664 	0.98318502 	0.99986543 	0.99999894 	0.99997710 	0.99999391 	0.99999491 	0.99960630 	0.98281476 	0.99667837 	0.99997110 	0.99994322 	0.98994921 	0.99996983 	0.99924557 	
0.99977688 	0.98973664 	0.98318502 	0.99986543 	0.99999894 	0.99997710 	0.99999391 	0.99999491 	0.99960630 	0.98281476 	0.99667837 	0.99997110 	0.99994322 	0.98994921 	0.99995658 	0.99924557 	
0.99977688 	0.98973664 	0.98318502 	0.99986543 	0.99999894 	0.99997710 	0.99999391 	0.99999491 	0.99960630 	0.98281476 	0.99667837 	0.99997110 	0.99994322 	0.98994921 	0.99995658 	0.99999266 	
0.99993835 	0.98973664 	0.98318502 	0.99986543 	0.99999894 	0.99997710 	0.99999391 	0.99999491 	0.99960630 	0.98281476 	0.99667837 	0.99997110 	0.99994322 	0.98994921 	0.99995658 	0.99999266 	
0.99993835 	0.98973664 	0.98318502 	0.99986543 	0.99999894 	0.99997710 	0.99999391 	0.99999491 	0.99960630 	0.98281476 	0.99667837 	0.99997110 	0.99994322 	0.98994921 	0.99995658 	0.99999266 	
0.99993835 	0.98973664 	0.98319916 	0.99986543 	0.99999894 	0.99997710 	0.99999391 	0.99999491 	0.99960630 	0.98281476 	0.99667837 	0.99997110 	0.99994322 	0.98994921 	0.99995658 	0.99999266 	
0.99993835 	0.98973664 	0.98319916 	0.99986543 	0.99999894 	0.99997710 	0.99999391 	0.99999491 	0.99960630 	0.98281476 	0.99667837 	0.99997110 	0.99994322 	0.98994921 	0.99995658 	0.99999266 	
0.99993835 	0.98973664 	0.98319916 	0.99986543 	0.99999894 	0.99997710 	0.99999391 	0.99999491 	0.99960630 	0.98281476 	0.99667837 	0.99997110 	0.99994322 	0.98994921 	0.99995658 	0.99999266 	
0.99993835 	0.98973664 	0.98319916 	0.99986543 	0.99999894 	0.99976619 	0.99999391 	0.99999491 	0.99960630 	0.98281476 	0.99667837 	0.99997110 	0.99994322 	0.98994921 	0.99995658 	0.99999266 	
0.99993835 	0.98973664 	0.98319916 	0.99986543 	0.99999894 	0.99976619 	0.99999391 	0.99999491 	0.99960630 	0.98281476 	0.99667837 	0.99997110 	0.99994322 	0.98994921 	0.99995658 	0.99999266 	
0.99993835 	0.98973664 	0.98319916 	0.99986543 	0.99999894 	0.99976619 	0.99999391 	0.99999491 	0.99960630 	0.98281476 	0.99667837 	0.99997110 	0.99994322 	0.98994921 	0.99995658 	0.99999266 	
0.99993835 	0.98973664 	0.98319916 	0.99986543 	0.99999894 	0.99976619 	0.99999391 	0.99999491 	0.99992699 	0.98281476 	0.99667837 	0.99997110 	0.99994322 	0.98994921 	0.99995658 	0.99999266 	
0.99993835 	0.98973664 	0.98319916 	0.99986543 	0.99999894 	0.99976619 	0.99999391 	0.99999491 	0.99992699 	0.98264462 	0.99667837 	0.99997110 	0.99994322 	0.98994921 	0.99995658 	0.99999266 	
0.99993835 	0.98973664 	0.98319916 	0.99986543 	0.99999894 	0.99976619 	0.99999391 	0.99999491 	0.99992699 	0.98264462 	0.99705905 	0.99997110 	0.99994322 	0.98994921 	0.99995658 	0.99999266 	
0.99993835 	0.98973664 	0.98319916 	0.99986543 	0.99999894 	0.99976619 	0.99999391 	0.99999491 	0.99992699 	0.98264462 	0.99705905 	0.99998054 	0.99994322 	0.98994921 	0.99995658 	0.99999266 	
0.99993835 	0.98973664 	0.98319916 	0.99986543 	0.99999894 	0.99976619 	0.99999391 	0.99999491 	0.99992699 	0.98264462 	0.99705905 	0.99998054 	0.99994322 	0.98994921 	0.99995658 	0.99999266 	
0.99993835 	0.98973664 	0.98319916 	0.99986543 	0.99999894 	0.99976619 	0.99999391 	0.99999491 	0.99992699 	0.98264462 	0.99705905 	0.99998054 	0.99994322 	0.98994921 	0.99995658 	0.99999266 	
0.99993835 	0.98973664 	0.98319916 	0.99986543 	0.99999894 	0.99976619 	0.99999391 	0.99999491 	0.99992699 	0.98264462 	0.99705905 	0.99998054 	0.99994322 	0.98994921 	0.99995658 	0.99999266 	
0.99993835 	0.98973664 	0.98319916 	0.99986543 	0.99999894 	0.99976619 	0.99999391 	0.99999491 	0.99992699 	0.98264462 	0.99705905 	0.99998054 	0.99994322 	0.98994921 	0.99995658 	0.99999266 	
0.99993835 	0.98973664 	0.98319916 	0.99986543 	0.99999894 	0.99976619 	0.99999391 	0.99999491 	0.99992699 	0.98264462 	0.99705905 	0.99998054 	0.99994322 	0.98994921 	0.99995658 	0.99999266 	
0.99993835 	0.98973664 	0.98319916 	0.99986543 	0.99999894 	0.99976619 	0.99999391 	0.99999491 	0.99992699 	0.98264462 	0.99705905 	0.99998054 	0.99994322 	0.98994921 	0.99995658 	0.99999266 	
0.99993835 	0.98973664 	0.98319916 	0.99986543 	0.99999894 	0.99976619 	0.99999391 	0.99999491 	0.99992699 	0.98264462 	0.99705905 	0.99998054 	0.99994322 	0.98994921 	0.99995658 	0.99999266 	
0.99993835 	0.98973664 	0.98319916 	0.99986543 	0.99999894 	0.99976619 	0.99999391 	0.99999491 	0.99992699 	0.98264462 	0.99705905 	0.99998054 	0.99994322 	0.98994921 	0.99995658 	0.99999266 	
0.99993835 	0.98973664 	0.98319916 	0.99986543 	0.99999894 	0.99976619 	0.99999391 	0.99999491 	0.99992699 	0.98264462 	0.99705905 	0.99998054 	0.99994322 	0.98994921 	0.99995658 	0.99999266 	
0.99993835 	0.98973664 	0.98319916 	0.99986543 	0.99999894 	0.99976619 	0.99999391 	0.99999491 	0.99992699 	0.98264462 	0.99705905 	0.99998054 	0.99994322 	0.98994921 	0.99995658 	0.99999266 	
0.99993835 	0.98973664 	0.98319916 	0.99986543 	0.99999894 	0.99976619 	0.99999891 	0.99999491 	0.99992699 	0.98264462 	0.99705905 	0.99998054 	0.99994322 	0.98994921 	0.99995658 	0.99999266 	
0.99993835 	0.98973664 	0.98319916 	0.99986543 	0.99999894 	0.99976619 	0.99999891 	0.99999844 	0.99992699 	0.98264462 	0.99705905 	0.99998054 	0.99994322 	0.98994921 	0.99995658 	0.99999266 	
0.99993835 	0.98973664 	0.98319916 	0.99986543 	0.99999894 	0.99976619 	0.99999891 	0.99999844 	0.99992699 	0.98264462 	0.99705905 	0.99998054 	0.99994322 	0.98994921 	0.99995658 	0.99999266 	
0.99993835 	0.98973664 	0.98319916 	0.99986543 	0.99999894 	0.99976619 	0.99999891 	0.99999844 	0.99992699 	0.98253663 	0.99705905 	0.99998054 	0.99994322 	0.98994921 	0.99995658 	0.99999266 	
0.99993835 	0.98973664 	0.98319916 	0.99986543 	0.99999894 	0.99976619 	0.99999891 	0.99999844 	0.99992699 	0.98253663 	0.99707168 	0.99998054 	0.99994322 	0.98994921 	0.99995658 	0.99999266 	
0.99993835 	0.98973664 	0.98319916 	0.99986543 	0.99999894 	0.99976619 	0.99999891 	0.99999844 	0.99992699 	0.98253663 	0.99707168 	0.99998054 	0.99994322 	0.98994921 	0.99995658 	0.99999266 	
0.99993835 	0.98973664 	0.98319916 	0.99986543 	0.99999894 	0.99976619 	0.99999891 	0.99999844 	0.99992699 	0.98253663 	0.99707168 	0.99998054 	0.99998972 	0.98994921 	0.99995658 	0.99999266 	
0.99993835 	0.98973664 	0.98319916 	0.99986543 	0.99999894 	0.99976619 	0.99999891 	0.99999844 	0.99992699 	0.98253663 	0.99707168 	0.99998054 	0.99998972 	0.98994921 	0.99995658 	0.99999266 	
0.99993835 	0.98973664 	0.98319916 	0.99986543 	0.99999894 	0.99976619 	0.99999891 	0.99999844 	0.99992699 	0.98253663 	0.99707168 	0.99998054 	0.99998972 	0.98994921 	0.99998108 	0.99999266 	
0.99993835 	0.98973664 	0.98319916 	0.99986543 	0.99999894 	0.99976619 	0.99999891 	0.99999844 	0.99992699 	0.98253663 	0.99707168 	0.99998054 	0.99998972 	0.98994921 	0.99998108 	0.99999394 	
0.99994283 	0.98973664 	0.98319916 	0.99986543 	0.99999894 	0.99976619 	0.99999891 	0.99999844 	0.99992699 	0.98253663 	0.99707168 	0.99998054 	0.99998972 	0.98994921 	0.99998108 	0.99999394 	
0.99994283 	0.98973664 	0.98319916 	0.99986543 	0.99999894 	0.99976619 	0.99999891 	0.99999844 	0.99992699 	0.98253663 	0.99707168 	0.99998054 	0.99998972 	0.98994921 	0.99998108 	0.99999394 	
0.99994283 	0.98973664 	0.98357898 	0.99986543 	0.99999894 	0.99976619 	0.99999891 	0.99999844 	0.99992699 	0.98253663 	0.99707168 	0.99998054 	0.99998972 	0.98994921 	0.99998108 	0.99999394 	
0.99994283 	0.98973664 	0.98357898 	0.99995204 	0.99999894 	0.99976619 	0.99999891 	0.99999844 	0.99992699 	0.98253663 	0.99707168 	0.99998054 	0.99998972 	0.98994921 	0.99998108 	0.99999394 	
0.99994283 	0.98973664 	0.98357898 	0.99995204 	0.99999894 	0.99976619 	0.99999891 	0.99999844 	0.99992699 	0.98253663 	0.99707168 	0.99998054 	0.99998972 	0.98994921 	0.99998108 	0.99999394 	
0.99994283 	0.98973664 	0.98357898 	0.99995204 	0.99999894 	0.99976619 	0.99999891 	0.99999844 	0.99992699 	0.98253663 	0.99707168 	0.99998054 	0.99998972 	0.98994921 	0.99998108 	0.99999394 	
0.99994283 	0.98973664 	0.98357898 	0.99995204 	0.99999894 	0.99976619 	0.99999891 	0.99999844 	0.99992699 	0.98253663 	0.99707168 	0.99998054 	0.99998972 	0.98994921 	0.99998108 	0.99999394 	
0.99994283 	0.98973664 	0.98357898 	0.99995204 	0.99999894 	0.99976619 	0.99999891 	0.99999844 	0.99992699 	0.98253663 	0.99707168 	0.99998054 	0.99998972 	0.98994921 	0.99998108 	0.99999394 	
0.99994283 	0.98973664 	0.98357898 	0.99995204 	0.99999894 	0.99976619 	0.99999891 	0.99999844 	0.99998864 	0.98253663 	0.99707168 	0.99998054 	0.99998972 	0.98994921 	0.99998108 	0.99999394 	
0.99994283 	0.98973664 	0.98357898 	0.99995204 	0.99999894 	0.99976619 	0.99999891 	0.99999844 	0.99998864 	0.98253663 	0.99707168 	0.99998054 	0.99998972 	0.98994921 	0.99998108 	0.99999394 	
0.99994283 	0.98973664 	0.98357898 	0.99995204 	0.99999894 	0.99976619 	0.99999891 	0.99999844 	0.99998864 	0.98253663 	0.99858462 	0.99998054 	0.99998972 	0.98994921 	0.99998108 	0.99999394 	
0.99994283 	0.98973664 	0.98357898 	0.99995204 	0.99999894 	0.99976619 	0.99999891 	0.99999844 	0.99998864 	0.98253663 	0.99858462 	0.99998978 	0.99998972 	0.98994921 	0.99998108 	0.99999394 	
0.99994283 	0.98973664 	0.98357898 	0.99995204 	0.99999894 	0.99976619 	0.99999891 	0.99999844 	0.99998864 	0.98253663 	0.99858462 	0.99998978 	0.99998972 	0.98994921 	0.99998108 	0.99999394 	
0.99994283 	0.98973664 	0.98357898 	0.99995204 	0.99999894 	0.99976619 	0.99999891 	0.99999844 	0.99998864 	0.98253663 	0.99858462 	0.99998978 	0.99998972 	0.98987892 	0.99998108 	0.99999394 	
0.99994283 	0.98973664 	0.98357898 	0.99995204 	0.99999894 	0.99976619 	0.99999891 	0.99999844 	0.99998864 	0.98253663 	0.99858462 	0.99998978 	0.99998972 	0.98987892 	0.99993538 	0.99999394 	
0.99994283 	0.98973664 	0.98357898 	0.99995204 	0.99999894 	0.99976619 	0.99999891 	0.99999844 	0.99998864 	0.98253663 	0.99858462 	0.99998978 	0.99998972 	0.98987892 	0.99993538 	0.99999394 	
0.99997904 	0.98973664 	0.98357898 	0.99995204 	0.99999894 	0.99976619 	0.99999891 	0.99999844 	0.99998864 	0.98253663 	0.99858462 	0.99998978 	0.99998972 	0.98987892 	0.99993538 	0.99999394 	
0.99997904 	0.98958104 	0.98357898 	0.99995204 	0.99999894 	0.99976619 	0.99999891 	0.99999844 	0.99998864 	0.98253663 	0.99858462 	0.99998978 	0.99998972 	0.98987892 	0.99993538 	0.99999394 	
0.99997904 	0.98958104 	0.98357898 	0.99995204 	0.99999894 	0.99976619 	0.99999891 	0.99999844 	0.99998864 	0.98253663 	0.99858462 	0.99998978 	0.99998972 	0.98987892 	0.99993538 	0.99999394 	
0.99997904 	0.98958104 	0.98357898 	0.99995204 	0.99999894 	0.99976619 	0.99999891 	0.99999844 	0.99998864 	0.98253663 	0.99858462 	0.99998978 	0.99998972 	0.98987892 	0.99993538 	0.99999394 	
0.99997904 	0.98958104 	0.98357898 	0.99995204 	0.99999894 	0.99976619 	0.99999891 	0.99999844 	0.99998864 	0.98253663 	0.99858462 	0.99998978 	0.99998972 	0.98987892 	0.99993538 	0.99999394 	
0.99997904 	0.98958104 	0.98357898 	0.99995204 	0.99999894 	0.99976619 	0.99999891 	0.99999844 	0.99998864 	0.98253663 	0.99858462 	0.99998978 	0.99998972 	0.98987892 	0.99993538 	0.99999394 	
0.99997904 	0.98958104 	0.98357898 	0.99995204 	0.99999894 	0.99976619 	0.99999891 	0.99999844 	0.99998864 	0.98253663 	0.99858462 	0.99998978 	0.99998972 	0.98987892 	0.99993538 	0.99999394 	
0.99997904 	0.98958104 	0.98357898 	0.99995204 	0.99999894 	0.99976619 	0.99999891 	0.99999954 	0.99998864 	0.98253663 	0.99858462 	0.99998978 	0.99998972 	0.98987892 	0.99993538 	0.99999394 	
0.99997904 	0.98958104 	0.98357898 	0.99995204 	0.99999894 	0.99976619 	0.99999891 	0.99999954 	0.99998864 	0.98253663 	0.99858462 	0.99998978 	0.99998972 	0.98987892 	0.99993538 	0.99999394 	
0.99997904 	0.98958104 	0.98357898 	0.99995204 	0.99999894 	0.99976619 	0.99999891 	0.99999954 	0.99998864 	0.98223989 	0.99858462 	0.99998978 	0.99998972 	0.98987892 	0.99993538 	0.99999394 	
0.99997904 	0.98958104 	0.98357898 	0.99995204 	0.99999894 	0.99976619 	0.99999891 	0.99999954 	0.99998864 	0.98223989 	0.99988370 	0.99998978 	0.99998972 	0.98987892 	0.99993538 	0.99999394 	
0.99997904 	0.98958104 	0.98357898 	0.99995204 	0.99999894 	0.99976619 	0.99999891 	0.99999954 	0.99998864 	0.98223989 	0.99988370 	0.99998978 	0.99998972 	0.98987892 	0.99993538 	0.99999394 	
0.99997904 	0.98958104 	0.98357898 	0.99995204 	0.99999894 	0.99976619 	0.99999891 	0.99999954 	0.99998864 	0.98223989 	0.99988370 	0.99998978 	0.99998972 	0.98987892 	0.99993538 	0.99999394 	
0.99997904 	0.98958104 	0.98357898 	0.99995204 	0.99999894 	0.99976619 	0.99999891 	0.99999954 	0.99998864 	0.98223989 	0.99988370 	0.99998978 	0.99998972 	0.98393700 	0.99993538 	0.99999394 	
0.99997904 	0.98958104 	0.98357898 	0.99995204 	0.99999894 	0.99976619 	0.99999891 	0.99999954 	0.99998864 	0.98223989 	0.99988370 	0.99998978 	0.99998972 	0.98393700 	0.99998162 	0.99999394 	
0.99997904 	0.98958104 	0.98357898 	0.99995204 	0.99999894 	0.99976619 	0.99999891 	0.99999954 	0.99998864 	0.98223989 	0.99988370 	0.99998978 	0.99998972 	0.98393700 	0.99998162 	0.99999623 	
0.99998180 	0.98958104 	0.98357898 	0.99995204 	0.99999894 	0.99976619 	0.99999891 	0.99999954 	0.99998864 	0.98223989 	0.99988370 	0.99998978 	0.99998972 	0.98393700 	0.99998162 	0.99999623 	
0.99998180 	0.99034692 	0.98357898 	0.99995204 	0.99999894 	0.99976619 	0.99999891 	0.99999954 	0.99998864 	0.98223989 	0.99988370 	0.99998978 	0.99998972 	0.98393700 	0.99998162 	0.99999623 	
0.99998180 	0.99034692 	0.98359809 	0.99995204 	0.99999894 	0.99976619 	0.99999891 	0.99999954 	0.99998864 	0.98223989 	0.99988370 	0.99998978 	0.99998972 	0.98393700 	0.99998162 	0.99999623 	
0.99998180 	0.99034692 	0.98359809 	0.99995204 	0.99999894 	0.99976619 	0.99999891 	0.99999954 	0.99998864 	0.98223989 	0.99988370 	0.99998978 	0.99998972 	0.98393700 	0.99998162 	0.99999623 	
0.99998180 	0.99034692 	0.98359809 	0.99995204 	0.99999894 	0.99976619 	0.99999891 	0.99999954 	0.99998864 	0.98223989 	0.99988370 	0.99998978 	0.99998972 	0.98393700 	0.99998162 	0.99999623 	
0.99998180 	0.99034692 	0.98359809 	0.99995204 	0.99999894 	0.99976619 	0.99999891 	0.99999954 	0.99998864 	0.98223989 	0.99988370 	0.99998978 	0.99998972 	0.98393700 	0.99998162 	0.99999623 	
0.99998180 	0.99034692 	0.98359809 	0.99995204 	0.99999894 	0.99976619 	0.99999891 	0.99999954 	0.99998864 	0.98223989 	0.99988370 	0.99998978 	0.99998972 	0.98393700 	0.99998162 	0.99999623 	
0.99998180 	0.99034692 	0.98359809 	0.99995204 	0.99999894 	0.99976619 	0.99999891 	0.99999954 	0.99998864 	0.98223989 	0.99988370 	0.99998978 	0.99998972 	0.98393700 	0.99998162 	0.99999623 	
0.99998180 	0.99034692 	0.98359809 	0.99995204 	0.99999894 	0.99976619 	0.99999891 	0.99999954 	0.99998864 	0.98223989 	0.99988370 	0.99998978 	0.99998972 	0.98393700 	0.99998162 	0.99999623 	
0.99998180 	0.99034692 	0.98359809 	0.99995204 	0.99999894 	0.99976619 	0.99999891 	0.99999954 	0.99998864 	0.98223989 	0.99988370 	0.99998978 	0.99998972 	0.98393700 	0.99998162 	0.99999623 	
0.99998180 	0.99034692 	0.98359809 	0.99995204 	0.99999894 	0.99976619 	0.99999891 	0.99999954 	0.99998864 	0.98223989 	0.99990078 	0.99998978 	0.99998972 	0.98393700 	0.99998162 	0.99999623 	
0.99998180 	0.99034692 	0.98359809 	0.99995204 	0.99999894 	0.99976619 	0.99999891 	0.99999954 	0.99998864 	0.98223989 	0.99990078 	0.99998978 	0.99998972 	0.98393700 	0.99998162 	0.99999623 	
0.99998180 	0.99034692 	0.98359809 	0.99995204 	0.99999894 	0.99976619 	0.99999891 	0.99999954 	0.99998864 	0.98223989 	0.99990078 	0.99998978 	0.99999066 	0.98393700 	0.99998162 	0.99999623 	
0.99998180 	0.99034692 	0.98359809 	0.99995204 	0.99999894 	0.99976619 	0.99999891 	0.99999954 	0.99998864 	0.98223989 	0.99990078 	0.99998978 	0.99999066 	0.98393700 	0.99998162 	0.99999623 	
0.99998180 	0.99034692 	0.98359809 	0.99995204 	0.99999894 	0.99976619 	0.99999891 	0.99999954 	0.99998864 	0.98223989 	0.99990078 	0.99998978 	0.99999066 	0.98393700 	0.99989123 	0.99999623 	
0.99998180 	0.99034692 	0.98359809 	0.99995204 	0.99999894 	0.99976619 	0.99999891 	0.99999954 	0.99998864 	0.98223989 	0.99990078 	0.99998978 	0.99999066 	0.98393700 	0.99989123 	0.99999623 	
0.99998180 	0.99034692 	0.98359809 	0.99995204 	0.99999894 	0.99976619 	0.99999891 	0.99999954 	0.99998864 	0.98223989 	0.99990078 	0.99998978 	0.99999066 	0.98393700 	0.99989123 	0.99999623 	
0.99998180 	0.99034692 	0.98359809 	0.99995204 	0.99999894 	0.99976619 	0.99999891 	0.99999954 	0.99998864 	0.98223989 	0.99990078 	0.99998978 	0.99999066 	0.98393700 	0.99989123 	0.99999623 	
0.99998180 	0.99034692 	0.98359809 	0.99995204 	0.99999894 	0.99976619 	0.99999891 	0.99999954 	0.99998864 	0.98223989 	0.99990078 	0.99998978 	0.99999066 	0.98393700 	0.99989123 	0.99999623 	
0.99998180 	0.99034692 	0.98359809 	0.99995327 	0.99999894 	0.99976619 	0.99999891 	0.99999954 	0.99998864 	0.98223989 	0.99990078 	0.99998978 	0.99999066 	0.98393700 	0.99989123 	0.99999623 	
0.99998180 	0.99034692 	0.98359809 	0.99995327 	0.99999894 	0.99976619 	0.99999891 	0.99999954 	0.99998864 	0.98223989 	0.99990078 	0.99998978 	0.99999066 	0.98393700 	0.99989123 	0.99999623 	
0.99998180 	0.99034692 	0.98359809 	0.99995327 	0.99999894 	0.99976619 	0.99999891 	0.99999954 	0.99998864 	0.98223989 	0.99990078 	0.99998978 	0.99999066 	0.98393700 	0.99989123 	0.99999623 	
0.99998180 	0.99034692 	0.98359809 	0.99995327 	0.99999894 	0.99976619 	0.99999891 	0.99999954 	0.99998864 	0.98223989 	0.99990078 	0.99998978 	0.99999066 	0.98393700 	0.99989123 	0.99999623 	
0.99998180 	0.99034692 	0.98359809 	0.99995327 	0.99999894 	0.99976619 	0.99999891 	0.99999954 	0.99998864 	0.98223989 	0.99990078 	0.99998978 	0.99999066 	0.98393700 	0.99989123 	0.99999623 	
0.99998180 	0.99034692 	0.98359809 	0.99995327 	0.99999894 	0.99976619 	0.99999891 	0.99999954 	0.99998966 	0.98223989 	0.99990078 	0.99998978 	0.99999066 	0.98393700 	0.99989123 	0.99999623 	
0.99998180 	0.99034692 	0.98359809 	0.99995327 	0.99999894 	0.99976619 	0.99999891 	0.99999954 	0.99998966 	0.98223989 	0.99990078 	0.99998978 	0.99999066 	0.98393700 	0.99989123 	0.99999623 	
0.99998180 	0.99034692 	0.98359809 	0.99995327 	0.99999894 	0.99976619 	0.99999891 	0.99999954 	0.99998966 	0.98223989 	0.99999091 	0.99998978 	0.99999066 	0.98393700 	0.99989123 	0.99999623 	
0.99998180 	0.99034692 	0.98359809 	0.99995327 	0.99999894 	0.99976619 	0.99999891 	0.99999954 	0.99998966 	0.98223989 	0.99999091 	0.99998978 	0.99999066 	0.98393700 	0.99989123 	0.99999623 	
0.99998180 	0.99034692 	0.98359809 	0.99995327 	0.99999894 	0.99976619 	0.99999891 	0.99999954 	0.99998966 	0.98223989 	0.99999091 	0.99998978 	0.99999066 	0.98393700 	0.99989123 	0.99999623 	
0.99998180 	0.99034692 	0.98359809 	0.99995327 	0.99999894 	0.99976619 	0.99999891 	0.99999954 	0.99998966 	0.98223989 	0.99999091 	0.99998978 	0.99999066 	0.98404542 	0.99989123 	0.99999623 	
0.99998180 	0.99034692 	0.98359809 	0.99995327 	0.99999894 	0.99976619 	0.99999891 	0.99999954 	0.99998966 	0.98223989 	0.99999091 	0.99998978 	0.99999066 	0.98404542 	0.99989123 	0.99999623 	
0.99998180 	0.99034692 	0.98359809 	0.99995327 	0.99999894 	0.99976619 	0.99999891 	0.99999954 	0.99998966 	0.98223989 	0.99999091 	0.99998978 	0.99999066 	0.98404542 	0.99989123 	0.99999623 	
0.99998180 	0.99034692 	0.98359809 	0.99995327 	0.99999894 	0.99976619 	0.99999891 	0.99999954 	0.99998966 	0.98223989 	0.99999091 	0.99998978 	0.99999066 	0.98404542 	0.99989123 	0.99999623 	
0.99998180 	0.98993218 	0.98359809 	0.99995327 	0.99999894 	0.99976619 	0.99999891 	0.99999954 	0.99998966 	0.98223989 	0.99999091 	0.99998978 	0.99999066 	0.98404542 	0.99989123 	0.99999623 	
0.99998180 	0.98993218 	0.98359809 	0.99995327 	0.99999894 	0.99976619 	0.99999891 	0.99999954 	0.99998966 	0.98223989 	0.99999091 	0.99998978 	0.99999066 	0.98404542 	0.99989123 	0.99999623 	
0.99998180 	0.98993218 	0.98359809 	0.99999840 	0.99999894 	0.99976619 	0.99999891 	0.99999954 	0.99998966 	0.98223989 	0.99999091 	0.99998978 	0.99999066 	0.98404542 	0.99989123 	0.99999623 	
0.99998180 	0.98993218 	0.98359809 	0.99999840 	0.99999894 	0.99976619 	0.99999891 	0.99999954 	0.99998966 	0.98223989 	0.99999091 	0.99998978 	0.99999066 	0.98404542 	0.99989123 	0.99999623 	
0.99998180 	0.98993218 	0.98359809 	0.99999840 	0.99999894 	0.99976619 	0.99999891 	0.99999954 	0.99998966 	0.98223989 	0.99999091 	0.99998978 	0.99999066 	0.98404542 	0.99989123 	0.99999623 	
0.99998180 	0.98993218 	0.98359809 	0.99999840 	0.99999894 	0.99976619 	0.99999891 	0.99999954 	0.99998966 	0.98223989 	0.99999091 	0.99998978 	0.99999066 	0.98404542 	0.99989123 	0.99999623 	
0.99998180 	0.98993218 	0.98359809 	0.99999840 	0.99999894 	0.99976619 	0.99999891 	0.99999954 	0.99998966 	0.98223989 	0.99999091 	0.99998978 	0.99999066 	0.98404542 	0.99989123 	0.99999623 	
0.99998180 	0.98993218 	0.98359809 	0.99999840 	0.99999894 	0.99976619 	0.99999891 	0.99999954 	0.99999272 	0.98223989 	0.99999091 	0.99998978 	0.99999066 	0.98404542 	0.99989123 	0.99999623 	
0.99998180 	0.98993218 	0.98359809 	0.99999840 	0.99999894 	0.99976619 	0.99999891 	0.99999954 	0.99999272 	0.98223989 	0.99999091 	0.99998978 	0.99999066 	0.98404542 	0.99989123 	0.99999623 	
0.99998180 	0.98993218 	0.98359809 	0.99999840 	0.99999894 	0.99976619 	0.99999891 	0.99999954 	0.99999272 	0.98223989 	0.99999091 	0.99998978 	0.99999066 	0.98404542 	0.99989123 	0.99999623 	
0.99998180 	0.98993218 	0.98359809 	0.99999840 	0.99999894 	0.99976619 	0.99999891 	0.99999954 	0.99999272 	0.98223989 	0.99999091 	0.99999999 	0.99999066 	0.98404542 	0.99989123 	0.99999623 	
0.99998180 	0.98993218 	0.98359809 	0.99999840 	0.99999894 	0.99976619 	0.99999891 	0.99999954 	0.99999272 	0.98223989 	0.99999091 	0.99999999 	0.99999557 	0.98404542 	0.99989123 	0.99999623 	
0.99998180 	0.98993218 	0.98359809 	0.99999840 	0.99999894 	0.99976619 	0.99999891 	0.99999954 	0.99999272 	0.98223989 	0.99999091 	0.99999999 	0.99999557 	0.98404542 	0.99989123 	0.99999623 	
0.99998180 	0.98993218 	0.98359809 	0.99999840 	0.99999894 	0.99976619 	0.99999891 	0.99999954 	0.99999272 	0.98223989 	0.99999091 	0.99999999 	0.99999557 	0.98404542 	0.99992266 	0.99999623 	
0.99998180 	0.98993218 	0.98359809 	0.99999840 	0.99999894 	0.99976619 	0.99999891 	0.99999954 	0.99999272 	0.98223989 	0.99999091 	0.99999999 	0.99999557 	0.98404542 	0.99992266 	0.99999623 	
0.99998180 	0.98993218 	0.98359809 	0.99999840 	0.99999894 	0.99976619 	0.99999891 	0.99999954 	0.99999272 	0.98223989 	0.99999091 	0.99999999 	0.99999557 	0.98404542 	0.99992266 	0.99999623 	
0.99998180 	0.99002393 	0.98359809 	0.99999840 	0.99999894 	0.99976619 	0.99999891 	0.99999954 	0.99999272 	0.98223989 	0.99999091 	0.99999999 	0.99999557 	0.98404542 	0.99992266 	0.99999623 	
0.99998180 	0.99002393 	0.98398511 	0.99999840 	0.99999894 	0.99976619 	0.99999891 	0.99999954 	0.99999272 	0.98223989 	0.99999091 	0.99999999 	0.99999557 	0.98404542 	0.99992266 	0.99999623 	
0.99998180 	0.99002393 	0.98398511 	0.99999840 	0.99999894 	0.99976619 	0.99999891 	0.99999954 	0.99999272 	0.98223989 	0.99999091 	0.99999999 	0.99999557 	0.98404542 	0.99992266 	0.99999623 	
0.99998180 	0.99002393 	0.98398511 	0.99999840 	0.99999894 	0.99976619 	0.99999891 	0.99999954 	0.99999272 	0.98223989 	0.99999091 	0.99999999 	0.99999557 	0.98404542 	0.99992266 	0.99999623 	
0.99998180 	0.99002393 	0.98398511 	0.99999840 	0.99999894 	0.99977963 	0.99999891 	0.99999954 	0.99999272 	0.98223989 	0.99999091 	0.99999999 	0.99999557 	0.98404542 	0.99992266 	0.99999623 	
0.99998180 	0.99002393 	0.98398511 	0.99999840 	0.99999894 	0.99977963 	0.99999891 	0.99999954 	0.99999272 	0.98223989 	0.99999091 	0.99999999 	0.99999557 	0.98404542 	0.99992266 	0.99999623 	
0.99998180 	0.99002393 	0.98398511 	0.99999840 	0.99999894 	0.99977963 	0.99999891 	0.99999954 	0.99999272 	0.98223989 	0.99999091 	0.99999999 	0.99999557 	0.98404542 	0.99992266 	0.99999623 	
0.99998180 	0.99002393 	0.98398511 	0.99999840 	0.99999894 	0.99977963 	0.99999891 	0.99999954 	0.99999681 	0.98223989 	0.99999091 	0.99999999 	0.99999557 	0.98404542 	0.99992266 	0.99999623 	
0.99998180 	0.99002393 	0.98398511 	0.99999840 	0.99999894 	0.99977963 	0.99999891 	0.99999954 	0.99999681 	0.98223989 	0.99999091 	0.99999999 	0.99999557 	0.98404542 	0.99992266 	0.99999623 	
0.99998180 	0.99002393 	0.98398511 	0.99999840 	0.99999894 	0.99977963 	0.99999891 	0.99999954 	0.99999681 	0.98223989 	0.99999091 	0.99999999 	0.99999557 	0.98404542 	0.99992266 	0.99999623 	
0.99998180 	0.99002393 	0.98398511 	0.99999840 	0.99999894 	0.99977963 	0.99999891 	0.99999954 	0.99999681 	0.98223989 	0.99999091 	0.99999999 	0.99999557 	0.98404542 	0.99992266 	0.99999623 	
0.99998180 	0.99002393 	0.98398511 	0.99999840 	0.99999894 	0.99977963 	0.99999891 	0.99999954 	0.99999681 	0.98223989 	0.99999091 	0.99999999 	0.99999557 	0.98404542 	0.99992266 	0.99999623 	
0.99998180 	0.99002393 	0.98398511 	0.99999840 	0.99999894 	0.99977963 	0.99999891 	0.99999954 	0.99999681 	0.98223989 	0.99999091 	0.99999999 	0.99999557 	0.98404542 	0.99992266 	0.99999623 	
0.99998180 	0.99002393 	0.98398511 	0.99999840 	0.99999894 	0.99977963 	0.99999891 	0.99999954 	0.99999681 	0.98223989 	0.99999091 	0.99999999 	0.99999557 	0.98404542 	0.99988627 	0.99999623 	
0.99998180 	0.99002393 	0.98398511 	0.99999840 	0.99999894 	0.99977963 	0.99999891 	0.99999954 	0.99999681 	0.98223989 	0.99999091 	0.99999999 	0.99999557 	0.98404542 	0.99988627 	0.99999972 	
0.99998749 	0.99002393 	0.98398511 	0.99999840 	0.99999894 	0.99977963 	0.99999891 	0.99999954 	0.99999681 	0.98223989 	0.99999091 	0.99999999 	0.99999557 	0.98404542 	0.99988627 	0.99999972 	
0.99998749 	0.99002393 	0.98398511 	0.99999840 	0.99999894 	0.99977963 	0.99999891 	0.99999954 	0.99999681 	0.98223989 	0.99999091 	0.99999999 	0.99999557 	0.98404542 	0.99988627 	0.99999972 	
0.99998749 	0.99002393 	0.98398511 	0.99999840 	0.99999894 	0.99977963 	0.99999891 	0.99999954 	0.99999681 	0.98223989 	0.99999091 	0.99999999 	0.99999557 	0.98404542 	0.99988627 	0.99999972 	
0.99998749 	0.99002393 	0.98398511 	0.99999840 	0.99999894 	0.99977963 	0.99999891 	0.99999954 	0.99999681 	0.98223989 	0.99999091 	0.99999999 	0.99999557 	0.98404542 	0.99988627 	0.99999972 	
0.99998749 	0.99002393 	0.98398511 	0.99999840 	0.99999894 	0.99977963 	0.99999891 	0.99999954 	0.99999681 	0.98223989 	0.99999091 	0.99999999 	0.99999557 	0.98404542 	0.99988627 	0.99999972 	
0.99998749 	0.99002393 	0.98398511 	0.99999840 	0.99999894 	0.99978197 	0.99999891 	0.99999954 	0.99999681 	0.98223989 	0.99999091 	0.99999999 	0.99999557 	0.98404542 	0.99988627 	0.99999972 	
0.99998749 	0.99002393 	0.98398511 	0.99999840 	0.99999894 	0.99978197 	0.99999891 	0.99999954 	0.99999681 	0.98223989 	0.99999091 	0.99999999 	0.99999557 	0.98404542 	0.99988627 	0.99999972 	
0.99998749 	0.99002393 	0.98398511 	0.99999840 	0.99999894 	0.99978197 	0.99999891 	0.99999967 	0.99999681 	0.98223989 	0.99999091 	0.99999999 	0.99999557 	0.98404542 	0.99988627 	0.99999972 	
0.99998749 	0.99002393 	0.98398511 	0.99999840 	0.99999894 	0.99978197 	0.99999891 	0.99999967 	0.99999681 	0.98223989 	0.99999091 	0.99999999 	0.99999557 	0.98404542 	0.99988627 	0.99999972 	
0.99998749 	0.99002393 	0.98398511 	0.99999840 	0.99999894 	0.99978197 	0.99999891 	0.99999967 	0.99999681 	0.98223989 	0.99999091 	0.99999999 	0.99999557 	0.98404542 	0.99988627 	0.99999972 	
0.99998749 	0.99002393 	0.98398511 	0.99999840 	0.99999894 	0.99978197 	0.99999891 	0.99999967 	0.99999681 	0.98223989 	0.99999091 	0.99999999 	0.99999557 	0.98404542 	0.99988627 	0.99999972 	
0.99998749 	0.99002393 	0.98398511 	0.99999840 	0.99999894 	0.99978197 	0.99999891 	0.99999967 	0.99999681 	0.98223989 	0.99999091 	0.99999999 	0.99999557 	0.98404542 	0.99988627 	0.99999972 	
0.99998749 	0.99002393 	0.98398511 	0.99999840 	0.99999894 	0.99978197 	0.99999891 	0.99999967 	0.99999681 	0.98223989 	0.99999091 	0.99999999 	0.99999557 	0.98404542 	0.99988627 	0.99999972 	
0.99998749 	0.99002393 	0.98398511 	0.99999840 	0.99999894 	0.99978197 	0.99999891 	0.99999967 	0.99999681 	0.98223989 	0.99999091 	0.99999999 	0.99999557 	0.98442372 	0.99988627 	0.99999972 	
0.99998749 	0.99002393 	0.98398511 	0.99999840 	0.99999894 	0.99978197 	0.99999891 	0.99999967 	0.99999681 	0.98223989 	0.99999091 	0.99999999 	0.99999557 	0.98442372 	0.99988627 	0.99999972 	
0.99998749 	0.99002393 	0.98398511 	0.99999840 	0.99999894 	0.99978197 	0.99999891 	0.99999967 	0.99999681 	0.98223989 	0.99999091 	0.99999999 	0.99999557 	0.98442372 	0.99988627 	0.99999972 	
0.99998749 	0.99002393 	0.98398511 	0.99999840 	0.99999894 	0.99978197 	0.99999891 	0.99999967 	0.99999681 	0.98223989 	0.99999091 	0.99999999 	0.99999557 	0.98442372 	0.99988627 	0.99999972 	
0.99998749 	0.98996057 	0.98398511 	0.99999840 	0.99999894 	0.99978197 	0.99999891 	0.99999967 	0.99999681 	0.98223989 	0.99999091 	0.99999999 	0.99999557 	0.98442372 	0.99988627 	0.99999972 	
0.99998749 	0.98996057 	0.98398511 	0.99999840 	0.99999894 	0.99978197 	0.99999891 	0.99999967 	0.99999681 	0.98223989 	0.99999091 	0.99999999 	0.99999557 	0.98442372 	0.99988627 	0.99999972 	
0.99998749 	0.98996057 	0.98398511 	0.99999876 	0.99999894 	0.99978197 	0.99999891 	0.99999967 	0.99999681 	0.98223989 	0.99999091 	0.99999999 	0.99999557 	0.98442372 	0.99988627 	0.99999972 	
0.99998749 	0.98996057 	0.98398511 	0.99999876 	0.99999894 	0.99978197 	0.99999891 	0.99999967 	0.99999681 	0.98223989 	0.99999091 	0.99999999 	0.99999557 	0.98442372 	0.99988627 	0.99999972 	
0.99998749 	0.98996057 	0.98398511 	0.99999876 	0.99999894 	0.99978459 	0.99999891 	0.99999967 	0.99999681 	0.98223989 	0.99999091 	0.99999999 	0.99999557 	0.98442372 	0.99988627 	0.99999972 	
0.99998749 	0.98996057 	0.98398511 	0.99999876 	0.99999894 	0.99978459 	0.99999891 	0.99999967 	0.99999681 	0.98223989 	0.99999091 	0.99999999 	0.99999557 	0.98442372 	0.99988627 	0.99999972 	
0.99998749 	0.98996057 	0.98398511 	0.99999876 	0.99999894 	0.99978459 	0.99999891 	0.99999967 	0.99999681 	0.98223989 	0.99999091 	0.99999999 	0.99999557 	0.98442372 	0.99988627 	0.99999972 	
0.99998749 	0.98996057 	0.98398511 	0.99999876 	0.99999894 	0.99978459 	0.99999891 	0.99999967 	0.99999997 	0.98223989 	0.99999091 	0.99999999 	0.99999557 	0.98442372 	0.99988627 	0.99999972 	
0.99998749 	0.98996057 	0.98398511 	0.99999876 	0.99999894 	0.99978459 	0.99999891 	0.99999967 	0.99999997 	0.98223989 	0.99999091 	0.99999999 	0.99999557 	0.98442372 	0.99988627 	0.99999972 	
0.99998749 	0.98996057 	0.98398511 	0.99999876 	0.99999894 	0.99978459 	0.99999891 	0.99999967 	0.99999997 	0.98223989 	0.99999091 	0.99999999 	0.99999557 	0.98442372 	0.99988627 	0.99999972 	
0.99998749 	0.98996057 	0.98398511 	0.99999876 	0.99999894 	0.99978459 	0.99999891 	0.99999967 	0.99999997 	0.98223989 	0.99999091 	0.99999999 	0.99999557 	0.98442372 	0.99988627 	0.99999972 	
0.99998749 	0.98996057 	0.98398511 	0.99999876 	0.99999894 	0.99978459 	0.99999891 	0.99999967 	0.99999997 	0.98223989 	0.99999091 	0.99999999 	0.99999557 	0.98442372 	0.99988627 	0.99999972 	
0.99998749 	0.98996057 	0.98398511 	0.99999876 	0.99999894 	0.99978459 	0.99999891 	0.99999967 	0.99999997 	0.98223989 	0.99999091 	0.99999999 	0.99999557 	0.98462643 	0.99988627 	0.99999972 	
0.99998749 	0.98996057 	0.98398511 	0.99999876 	0.99999894 	0.99978459 	0.99999891 	0.99999967 	0.99999997 	0.98223989 	0.99999091 	0.99999999 	0.99999557 	0.98462643 	0.99988472 	0.99999972 	
0.99998749 	0.98996057 	0.98398511 	0.99999876 	0.99999894 	0.99978459 	0.99999891 	0.99999967 	0.99999997 	0.98223989 	0.99999091 	0.99999999 	0.99999557 	0.98462643 	0.99988472 	0.99999972 	
0.99998753 	0.98996057 	0.98398511 	0.99999876 	0.99999894 	0.99978459 	0.99999891 	0.99999967 	0.99999997 	0.98223989 	0.99999091 	0.99999999 	0.99999557 	0.98462643 	0.99988472 	0.99999972 	
0.99998753 	0.98996057 	0.98398511 	0.99999876 	0.99999894 	0.99978459 	0.99999891 	0.99999967 	0.99999997 	0.98223989 	0.99999091 	0.99999999 	0.99999557 	0.98462643 	0.99988472 	0.99999972 	
0.99998753 	0.98996057 	0.98398511 	0.99999876 	0.99999894 	0.99978459 	0.99999891 	0.99999967 	0.99999997 	0.98223989 	0.99999091 	0.99999999 	0.99999557 	0.98462643 	0.99988472 	0.99999972 	
0.99998753 	0.98996057 	0.98398511 	0.99999876 	0.99999894 	0.99978459 	0.99999891 	0.99999967 	0.99999997 	0.98223989 	0.99999091 	0.99999999 	0.99999557 	0.98462643 	0.99988472 	0.99999972 	
0.99998753 	0.98996057 	0.98398511 	0.99999876 	0.99999894 	0.99978459 	0.99999891 	0.99999967 	0.99999997 	0.98223989 	0.99999091 	0.99999999 	0.99999557 	0.98462643 	0.99988472 	0.99999972 	
0.99998753 	0.98996057 	0.98398511 	0.99999876 	0.99999894 	0.99978459 	0.99999891 	0.99999967 	0.99999997 	0.98223989 	0.99999091 	0.99999999 	0.99999557 	0.98462643 	0.99988472 	0.99999972 	
0.99998753 	0.98996057 	0.98398511 	0.99999876 	0.99999894 	0.99978459 	0.99999891 	0.99999967 	0.99999997 	0.98223989 	0.99999091 	0.99999999 	0.99999557 	0.98462643 	0.99988472 	0.99999972 	
0.99998753 	0.98996057 	0.98398511 	0.99999876 	0.99999894 	0.99978459 	0.99999891 	0.99999967 	0.99999997 	0.98223989 	0.99999091 	0.99999999 	0.99999557 	0.98462643 	0.99988472 	0.99999972 	
0.99998753 	0.98996057 	0.98398511 	0.99999876 	0.99999894 	0.99978459 	0.99999891 	0.99999967 	0.99999997 	0.98223989 	0.99999091 	0.99999999 	0.99999557 	0.98462643 	0.99988472 	0.99999972 	
0.99998753 	0.98996057 	0.98398511 	0.99999876 	0.99999894 	0.99978459 	0.99999891 	0.99999967 	0.99999997 	0.98223989 	0.99999091 	0.99999999 	0.99999557 	0.98462643 	0.99988472 	0.99999972 	
0.99998753 	0.98996057 	0.98398511 	0.99999876 	0.99999894 	0.99978459 	0.99999891 	0.99999967 	0.99999997 	0.98223989 	0.99999091 	0.99999999 	0.99999557 	0.98462643 	0.99988472 	0.99999972 	
0.99998753 	0.98996057 	0.98398511 	0.99999876 	0.99999894 	0.99978459 	0.99999891 	0.99999967 	0.99999997 	0.98223989 	0.99999091 	0.99999999 	0.99999557 	0.98462643 	0.99988472 	0.99999972 	
0.99998753 	0.98996057 	0.98398511 	0.99999876 	0.99999894 	0.99978459 	0.99999891 	0.99999967 	0.99999997 	0.98223989 	0.99999091 	0.99999999 	0.99999730 	0.98462643 	0.99988472 	0.99999972 	
0.99998753 	0.98996057 	0.98398511 	0.99999876 	0.99999894 	0.99978459 	0.99999891 	0.99999967 	0.99999997 	0.98223989 	0.99999091 	0.99999999 	0.99999730 	0.98462643 	0.99988472 	0.99999972 	
0.99998753 	0.98996057 	0.98398511 	0.99999876 	0.99999894 	0.99978459 	0.99999891 	0.99999967 	0.99999997 	0.98223989 	0.99999091 	0.99999999 	0.99999730 	0.98462643 	0.99987537 	0.99999972 	
0.99998753 	0.98996057 	0.98398511 	0.99999876 	0.99999894 	0.99978459 	0.99999891 	0.99999967 	0.99999997 	0.98223989 	0.99999091 	0.99999999 	0.99999730 	0.98462643 	0.99987537 	0.99999972 	
0.99998753 	0.98996057 	0.98398511 	0.99999876 	0.99999894 	0.99978459 	0.99999891 	0.99999967 	0.99999997 	0.98223989 	0.99999091 	0.99999999 	0.99999730 	0.98462643 	0.99987537 	0.99999972 	
0.99998753 	0.98996057 	0.98398511 	0.99999876 	0.99999894 	0.99978459 	0.99999891 	0.99999967 	0.99999997 	0.98223989 	0.99999091 	0.99999999 	0.99999730 	0.98462643 	0.99987537 	0.99999972 	
0.99998753 	0.98996057 	0.98398511 	0.99999876 	0.99999894 	0.99978459 	0.99999891 	0.99999967 	0.99999997 	0.98223989 	0.99999091 	0.99999999 	0.99999730 	0.98462643 	0.99987537 	0.99999972 	
0.99998753 	0.98996057 	0.98398511 	0.99999876 	0.99999894 	0.99978459 	0.99999891 	0.99999967 	0.99999997 	0.98223989 	0.99999091 	0.99999999 	0.99999730 	0.98462643 	0.99987537 	0.99999972 	
0.99998753 	0.98996057 	0.98398511 	0.99999876 	0.99999894 	0.99978459 	0.99999891 	0.99999967 	0.99999997 	0.98223989 	0.99999091 	0.99999999 	0.99999730 	0.98462643 	0.99987537 	0.99999972 	
0.99998753 	0.98996057 	0.98398511 	0.99999876 	0.99999894 	0.99978459 	0.99999891 	0.99999967 	0.99999997 	0.98223989 	0.99999091 	0.99999999 	0.99999730 	0.98462643 	0.99987537 	0.99999972 	
0.99998753 	0.98996057 	0.98398511 	0.99999876 	0.99999894 	0.99978459 	0.99999891 	0.99999967 	0.99999997 	0.98223989 	0.99999091 	0.99999999 	0.99999730 	0.98462643 	0.99987537 	0.99999972 	
0.99998753 	0.98996057 	0.98398511 	0.99999876 	0.99999894 	0.99978459 	0.99999891 	0.99999967 	0.99999997 	0.98223989 	0.99999091 	0.99999999 	0.99999730 	0.98462643 	0.99987537 	0.99999972 	
0.99998753 	0.98996057 	0.98398511 	0.99999876 	0.99999894 	0.99978459 	0.99999891 	0.99999967 	0.99999997 	0.98223989 	0.99999091 	0.99999999 	0.99999730 	0.98462643 	0.99987537 	0.99999972 	
0.99998753 	0.98996057 	0.98398511 	0.99999876 	0.99999894 	0.99978459 	0.99999891 	0.99999967 	0.99999997 	0.98223989 	0.99999091 	0.99999999 	0.99999730 	0.98462643 	0.99987537 	0.99999972 	
0.99998753 	0.98996057 	0.98398511 	0.99999876 	0.99999894 	0.99978459 	0.99999891 	0.99999967 	0.99999997 	0.98223989 	0.99999332 	0.99999999 	0.99999730 	0.98462643 	0.99987537 	0.99999972 	
0.99998753 	0.98996057 	0.98398511 	0.99999876 	0.99999894 	0.99978459 	0.99999891 	0.99999967 	0.99999997 	0.98223989 	0.99999332 	0.99999999 	0.99999730 	0.98462643 	0.99987537 	0.99999972 	
0.99998753 	0.98996057 	0.98398511 	0.99999876 	0.99999894 	0.99978459 	0.99999891 	0.99999967 	0.99999997 	0.98223989 	0.99999332 	0.99999999 	0.99999730 	0.98462643 	0.99987537 	0.99999972 	
0.99998753 	0.98996057 	0.98398511 	0.99999876 	0.99999894 	0.99978459 	0.99999891 	0.99999967 	0.99999997 	0.98223989 	0.99999332 	0.99999999 	0.99999730 	0.98462643 	0.99987537 	0.99999972 	
0.99998753 	0.98996057 	0.98398511 	0.99999876 	0.99999894 	0.99978459 	0.99999891 	0.99999967 	0.99999997 	0.98223989 	0.99999332 	0.99999999 	0.99999730 	0.98462643 	0.99987537 	0.99999972 	
0.99998753 	0.98996057 	0.98398511 	0.99999876 	0.99999894 	0.99978459 	0.99999891 	0.99999967 	0.99999997 	0.98223989 	0.99999332 	0.99999999 	0.99999730 	0.98462643 	0.99987537 	0.99999972 	
0.99998753 	0.98996057 	0.98398511 	0.99999876 	0.99999894 	0.99978459 	0.99999891 	0.99999967 	0.99999997 	0.98223989 	0.99999332 	0.99999999 	0.99999730 	0.98462643 	0.99987537 	0.99999972 	
0.99998753 	0.98995669 	0.98398511 	0.99999876 	0.99999894 	0.99978459 	0.99999891 	0.99999967 	0.99999997 	0.98223989 	0.99999332 	0.99999999 	0.99999730 	0.98462643 	0.99987537 	0.99999972 	
0.99998753 	0.98995669 	0.98393808 	0.99999876 	0.99999894 	0.99978459 	0.99999891 	0.99999967 	0.99999997 	0.98223989 	0.99999332 	0.99999999 	0.99999730 	0.98462643 	0.99987537 	0.99999972 	
0.99998753 	0.98995669 	0.98393808 	0.99999939 	0.99999894 	0.99978459 	0.99999891 	0.99999967 	0.99999997 	0.98223989 	0.99999332 	0.99999999 	0.99999730 	0.98462643 	0.99987537 	0.99999972 	
0.99998753 	0.98995669 	0.98393808 	0.99999939 	0.99999894 	0.99978459 	0.99999891 	0.99999967 	0.99999997 	0.98223989 	0.99999332 	0.99999999 	0.99999730 	0.98462643 	0.99987537 	0.99999972 	
0.99998753 	0.98995669 	0.98393808 	0.99999939 	0.99999894 	0.99978459 	0.99999891 	0.99999967 	0.99999997 	0.98223989 	0.99999332 	0.99999999 	0.99999730 	0.98462643 	0.99987537 	0.99999972 	
0.99998753 	0.98995669 	0.98393808 	0.99999939 	0.99999894 	0.99978459 	0.99999891 	0.99999967 	0.99999997 	0.98223989 	0.99999332 	0.99999999 	0.99999730 	0.98462643 	0.99987537 	0.99999972 	
0.99998753 	0.98995669 	0.98393808 	0.99999939 	0.99999894 	0.99978459 	0.99999891 	0.99999967 	0.99999997 	0.98223989 	0.99999332 	0.99999999 	0.99999730 	0.98462643 	0.99987537 	0.99999972 	
0.99998753 	0.98995669 	0.98393808 	0.99999939 	0.99999894 	0.99978459 	0.99999891 	0.99999967 	0.99999997 	0.98223989 	0.99999332 	0.99999999 	0.99999730 	0.98462643 	0.99987537 	0.99999972 	
0.99998753 	0.98995669 	0.98393808 	0.99999939 	0.99999894 	0.99978459 	0.99999891 	0.99999967 	0.99999997 	0.98223989 	0.99999332 	0.99999999 	0.99999730 	0.98462643 	0.99987537 	0.99999972 	
0.99998753 	0.98995669 	0.98393808 	0.99999939 	0.99999894 	0.99978459 	0.99999891 	0.99999967 	0.99999997 	0.98223989 	0.99999751 	0.99999999 	0.99999730 	0.98462643 	0.99987537 	0.99999972 	
0.99998753 	0.98995669 	0.98393808 	0.99999939 	0.99999894 	0.99978459 	0.99999891 	0.99999967 	0.99999997 	0.98223989 	0.99999751 	0.99999999 	0.99999730 	0.98462643 	0.99987537 	0.99999972 	
0.99998753 	0.98995669 	0.98393808 	0.99999939 	0.99999894 	0.99978459 	0.99999891 	0.99999967 	0.99999997 	0.98223989 	0.99999751 	0.99999999 	0.99999967 	0.98462643 	0.99987537 	0.99999972 	
0.99998753 	0.98995669 	0.98393808 	0.99999939 	0.99999894 	0.99978459 	0.99999891 	0.99999967 	0.99999997 	0.98223989 	0.99999751 	0.99999999 	0.99999967 	0.98470295 	0.99987537 	0.99999972 	
0.99998753 	0.98995669 	0.98393808 	0.99999939 	0.99999894 	0.99978459 	0.99999891 	0.99999967 	0.99999997 	0.98223989 	0.99999751 	0.99999999 	0.99999967 	0.98470295 	0.99989139 	0.99999972 	
0.99998753 	0.98995669 	0.98393808 	0.99999939 	0.99999894 	0.99978459 	0.99999891 	0.99999967 	0.99999997 	0.98223989 	0.99999751 	0.99999999 	0.99999967 	0.98470295 	0.99989139 	0.99999973 	
0.99999726 	0.98995669 	0.98393808 	0.99999939 	0.99999894 	0.99978459 	0.99999891 	0.99999967 	0.99999997 	0.98223989 	0.99999751 	0.99999999 	0.99999967 	0.98470295 	0.99989139 	0.99999973 	
0.99999726 	0.98995669 	0.98393808 	0.99999939 	0.99999894 	0.99978459 	0.99999891 	0.99999967 	0.99999997 	0.98223989 	0.99999751 	0.99999999 	0.99999967 	0.98470295 	0.99989139 	0.99999973 	
0.99999726 	0.98995669 	0.98393808 	0.99999939 	0.99999894 	0.99978459 	0.99999891 	0.99999967 	0.99999997 	0.98223989 	0.99999751 	0.99999999 	0.99999967 	0.98470295 	0.99989139 	0.99999973 	
0.99999726 	0.98995669 	0.98393808 	0.99999939 	0.99999894 	0.99978459 	0.99999891 	0.99999967 	0.99999997 	0.98223989 	0.99999751 	0.99999999 	0.99999967 	0.98470295 	0.99989139 	0.99999973 	
0.99999726 	0.98995669 	0.98393808 	0.99999939 	0.99999894 	0.99978459 	0.99999891 	0.99999967 	0.99999997 	0.98223989 	0.99999751 	0.99999999 	0.99999967 	0.98470295 	0.99989139 	0.99999973 	
0.99999726 	0.98995669 	0.98393808 	0.99999939 	0.99999894 	0.99980526 	0.99999891 	0.99999967 	0.99999997 	0.98223989 	0.99999751 	0.99999999 	0.99999967 	0.98470295 	0.99989139 	0.99999973 	
0.99999726 	0.98995669 	0.98393808 	0.99999939 	0.99999894 	0.99980526 	0.99999891 	0.99999967 	0.99999997 	0.98223989 	0.99999751 	0.99999999 	0.99999967 	0.98470295 	0.99989139 	0.99999973 	
0.99999726 	0.98995669 	0.98393808 	0.99999939 	0.99999894 	0.99980526 	0.99999891 	0.99999967 	0.99999997 	0.98223989 	0.99999751 	0.99999999 	0.99999967 	0.98470295 	0.99989139 	0.99999973 	
0.99999726 	0.98995669 	0.98393808 	0.99999939 	0.99999894 	0.99980526 	0.99999891 	0.99999967 	0.99999997 	0.98223989 	0.99999751 	0.99999999 	0.99999967 	0.98470295 	0.99989139 	0.99999973 	
0.99999726 	0.98995669 	0.98393808 	0.99999939 	0.99999894 	0.99980526 	0.99999891 	0.99999967 	0.99999997 	0.98223989 	0.99999751 	0.99999999 	0.99999967 	0.98470295 	0.99989139 	0.99999973 	
0.99999726 	0.98995669 	0.98393808 	0.99999939 	0.99999894 	0.99980526 	0.99999891 	0.99999967 	0.99999997 	0.98223989 	0.99999832 	0.99999999 	0.99999967 	0.98470295 	0.99989139 	0.99999973 	
0.99999726 	0.98995669 	0.98393808 	0.99999939 	0.99999894 	0.99980526 	0.99999891 	0.99999967 	0.99999997 	0.98223989 	0.99999832 	0.99999999 	0.99999967 	0.98470295 	0.99989139 	0.99999973 	
0.99999726 	0.98995669 	0.98393808 	0.99999939 	0.99999894 	0.99980526 	0.99999891 	0.99999967 	0.99999997 	0.98223989 	0.99999832 	0.99999999 	0.99999967 	0.98470295 	0.99989139 	0.99999973 	
0.99999726 	0.98995669 	0.98393808 	0.99999939 	0.99999894 	0.99980526 	0.99999891 	0.99999967 	0.99999997 	0.98223989 	0.99999832 	0.99999999 	0.99999967 	0.98470295 	0.99989139 	0.99999973 	
0.99999726 	0.98995669 	0.98393808 	0.99999939 	0.99999894 	0.99980526 	0.99999891 	0.99999967 	0.99999997 	0.98223989 	0.99999832 	0.99999999 	0.99999967 	0.98470295 	0.99987537 	0.99999973 	
0.99999726 	0.98995669 	0.98393808 	0.99999939 	0.99999894 	0.99980526 	0.99999891 	0.99999967 	0.99999997 	0.98223989 	0.99999832 	0.99999999 	0.99999967 	0.98470295 	0.99987537 	0.99999973 	
