0.98958125 	0.87209595 	0.08729480 	0.79828475 	0.85282258 	0.66354197 	0.63482683 	0.79823625 	0.77898206 	0.61476636 	0.35272199 	0.11162369 	0.84150649 	0.42331572 	0.77211235 	0.06714467 	
0.98958125 	0.99973756 	0.08729480 	0.79828475 	0.85282258 	0.66354197 	0.63482683 	0.79823625 	0.77898206 	0.61476636 	0.35272199 	0.11162369 	0.84150649 	0.42331572 	0.77211235 	0.06714467 	
0.98958125 	0.99973756 	0.96618707 	0.79828475 	0.85282258 	0.66354197 	0.63482683 	0.79823625 	0.77898206 	0.61476636 	0.35272199 	0.11162369 	0.84150649 	0.42331572 	0.77211235 	0.06714467 	
0.98958125 	0.99973756 	0.96618707 	0.87388882 	0.85282258 	0.66354197 	0.63482683 	0.79823625 	0.77898206 	0.61476636 	0.35272199 	0.11162369 	0.84150649 	0.42331572 	0.77211235 	0.06714467 	
0.98958125 	0.99973756 	0.96618707 	0.87388882 	0.95498953 	0.66354197 	0.63482683 	0.79823625 	0.77898206 	0.61476636 	0.35272199 	0.11162369 	0.84150649 	0.42331572 	0.77211235 	0.06714467 	
0.98958125 	0.99973756 	0.96618707 	0.87388882 	0.95498953 	0.98517710 	0.63482683 	0.79823625 	0.77898206 	0.61476636 	0.35272199 	0.11162369 	0.84150649 	0.42331572 	0.77211235 	0.06714467 	
0.98958125 	0.99973756 	0.96618707 	0.87388882 	0.95498953 	0.98517710 	0.91724888 	0.79823625 	0.77898206 	0.61476636 	0.35272199 	0.11162369 	0.84150649 	0.42331572 	0.77211235 	0.06714467 	
0.98958125 	0.99973756 	0.96618707 	0.87388882 	0.95498953 	0.98517710 	0.91724888 	0.96033784 	0.77898206 	0.61476636 	0.35272199 	0.11162369 	0.84150649 	0.42331572 	0.77211235 	0.06714467 	
0.98958125 	0.99973756 	0.96618707 	0.87388882 	0.95498953 	0.98517710 	0.91724888 	0.96033784 	0.93916597 	0.61476636 	0.35272199 	0.11162369 	0.84150649 	0.42331572 	0.77211235 	0.06714467 	
0.98958125 	0.99973756 	0.96618707 	0.87388882 	0.95498953 	0.98517710 	0.91724888 	0.96033784 	0.93916597 	0.99263611 	0.35272199 	0.11162369 	0.84150649 	0.42331572 	0.77211235 	0.06714467 	
0.98958125 	0.99973756 	0.96618707 	0.87388882 	0.95498953 	0.98517710 	0.91724888 	0.96033784 	0.93916597 	0.99263611 	0.94421621 	0.11162369 	0.84150649 	0.42331572 	0.77211235 	0.06714467 	
0.98958125 	0.99973756 	0.96618707 	0.87388882 	0.95498953 	0.98517710 	0.91724888 	0.96033784 	0.93916597 	0.99263611 	0.94421621 	0.95310409 	0.84150649 	0.42331572 	0.77211235 	0.06714467 	
0.98958125 	0.99973756 	0.96618707 	0.87388882 	0.95498953 	0.98517710 	0.91724888 	0.96033784 	0.93916597 	0.99263611 	0.94421621 	0.95310409 	0.96814322 	0.42331572 	0.77211235 	0.06714467 	
0.98958125 	0.99973756 	0.96618707 	0.87388882 	0.95498953 	0.98517710 	0.91724888 	0.96033784 	0.93916597 	0.99263611 	0.94421621 	0.95310409 	0.96814322 	0.99895302 	0.77211235 	0.06714467 	
0.98958125 	0.99973756 	0.96618707 	0.87388882 	0.95498953 	0.98517710 	0.91724888 	0.96033784 	0.93916597 	0.99263611 	0.94421621 	0.95310409 	0.96814322 	0.99895302 	0.91035686 	0.06714467 	
0.98958125 	0.99973756 	0.96618707 	0.87388882 	0.95498953 	0.98517710 	0.91724888 	0.96033784 	0.93916597 	0.99263611 	0.94421621 	0.95310409 	0.96814322 	0.99895302 	0.91035686 	0.99328542 	
0.98958125 	0.99973756 	0.96618707 	0.87388882 	0.95498953 	0.98517710 	0.91724888 	0.96033784 	0.93916597 	0.99263611 	0.94421621 	0.95310409 	0.96814322 	0.99895302 	0.91035686 	0.99328542 	
0.98958125 	0.99973756 	0.96618707 	0.87388882 	0.95498953 	0.98517710 	0.91724888 	0.96033784 	0.93916597 	0.99263611 	0.94421621 	0.95310409 	0.96814322 	0.99895302 	0.91035686 	0.99328542 	
0.98958125 	0.99973756 	0.97162367 	0.87388882 	0.95498953 	0.98517710 	0.91724888 	0.96033784 	0.93916597 	0.99263611 	0.94421621 	0.95310409 	0.96814322 	0.99895302 	0.91035686 	0.99328542 	
0.98958125 	0.99973756 	0.97162367 	0.87388882 	0.95498953 	0.98517710 	0.91724888 	0.96033784 	0.93916597 	0.99263611 	0.94421621 	0.95310409 	0.96814322 	0.99895302 	0.91035686 	0.99328542 	
0.98958125 	0.99973756 	0.97162367 	0.87388882 	0.97035306 	0.98517710 	0.91724888 	0.96033784 	0.93916597 	0.99263611 	0.94421621 	0.95310409 	0.96814322 	0.99895302 	0.91035686 	0.99328542 	
0.98958125 	0.99973756 	0.97162367 	0.87388882 	0.97035306 	0.98533281 	0.91724888 	0.96033784 	0.93916597 	0.99263611 	0.94421621 	0.95310409 	0.96814322 	0.99895302 	0.91035686 	0.99328542 	
0.98958125 	0.99973756 	0.97162367 	0.87388882 	0.97035306 	0.98533281 	0.91724888 	0.96033784 	0.93916597 	0.99263611 	0.94421621 	0.95310409 	0.96814322 	0.99895302 	0.91035686 	0.99328542 	
0.98958125 	0.99973756 	0.97162367 	0.87388882 	0.97035306 	0.98533281 	0.91724888 	0.97620187 	0.93916597 	0.99263611 	0.94421621 	0.95310409 	0.96814322 	0.99895302 	0.91035686 	0.99328542 	
0.98958125 	0.99973756 	0.97162367 	0.87388882 	0.97035306 	0.98533281 	0.91724888 	0.97620187 	0.95727875 	0.99263611 	0.94421621 	0.95310409 	0.96814322 	0.99895302 	0.91035686 	0.99328542 	
0.98958125 	0.99973756 	0.97162367 	0.87388882 	0.97035306 	0.98533281 	0.91724888 	0.97620187 	0.95727875 	0.99263611 	0.94421621 	0.95310409 	0.96814322 	0.99895302 	0.91035686 	0.99328542 	
0.98958125 	0.99973756 	0.97162367 	0.87388882 	0.97035306 	0.98533281 	0.91724888 	0.97620187 	0.95727875 	0.99263611 	0.94421621 	0.95310409 	0.96814322 	0.99895302 	0.91035686 	0.99328542 	
0.98958125 	0.99973756 	0.97162367 	0.87388882 	0.97035306 	0.98533281 	0.91724888 	0.97620187 	0.95727875 	0.99263611 	0.94421621 	0.97636676 	0.96814322 	0.99895302 	0.91035686 	0.99328542 	
0.98958125 	0.99973756 	0.97162367 	0.87388882 	0.97035306 	0.98533281 	0.91724888 	0.97620187 	0.95727875 	0.99263611 	0.94421621 	0.97636676 	0.97906655 	0.99895302 	0.91035686 	0.99328542 	
0.98958125 	0.99973756 	0.97162367 	0.87388882 	0.97035306 	0.98533281 	0.91724888 	0.97620187 	0.95727875 	0.99263611 	0.94421621 	0.97636676 	0.97906655 	0.99895302 	0.91035686 	0.99328542 	
0.98958125 	0.99973756 	0.97162367 	0.87388882 	0.97035306 	0.98533281 	0.91724888 	0.97620187 	0.95727875 	0.99263611 	0.94421621 	0.97636676 	0.97906655 	0.99895302 	0.91655401 	0.99328542 	
0.98958125 	0.99973756 	0.97162367 	0.87388882 	0.97035306 	0.98533281 	0.91724888 	0.97620187 	0.95727875 	0.99263611 	0.94421621 	0.97636676 	0.97906655 	0.99895302 	0.91655401 	0.99328542 	
0.98958125 	0.99973756 	0.97162367 	0.87388882 	0.97035306 	0.98533281 	0.91724888 	0.97620187 	0.95727875 	0.99263611 	0.94421621 	0.97636676 	0.97906655 	0.99895302 	0.91655401 	0.99328542 	
0.98958125 	0.99990383 	0.97162367 	0.87388882 	0.97035306 	0.98533281 	0.91724888 	0.97620187 	0.95727875 	0.99263611 	0.94421621 	0.97636676 	0.97906655 	0.99895302 	0.91655401 	0.99328542 	
0.98958125 	0.99990383 	0.97360019 	0.87388882 	0.97035306 	0.98533281 	0.91724888 	0.97620187 	0.95727875 	0.99263611 	0.94421621 	0.97636676 	0.97906655 	0.99895302 	0.91655401 	0.99328542 	
0.98958125 	0.99990383 	0.97360019 	0.88909987 	0.97035306 	0.98533281 	0.91724888 	0.97620187 	0.95727875 	0.99263611 	0.94421621 	0.97636676 	0.97906655 	0.99895302 	0.91655401 	0.99328542 	
0.98958125 	0.99990383 	0.97360019 	0.88909987 	0.98209777 	0.98533281 	0.91724888 	0.97620187 	0.95727875 	0.99263611 	0.94421621 	0.97636676 	0.97906655 	0.99895302 	0.91655401 	0.99328542 	
0.98958125 	0.99990383 	0.97360019 	0.88909987 	0.98209777 	0.99334647 	0.91724888 	0.97620187 	0.95727875 	0.99263611 	0.94421621 	0.97636676 	0.97906655 	0.99895302 	0.91655401 	0.99328542 	
0.98958125 	0.99990383 	0.97360019 	0.88909987 	0.98209777 	0.99334647 	0.92237979 	0.97620187 	0.95727875 	0.99263611 	0.94421621 	0.97636676 	0.97906655 	0.99895302 	0.91655401 	0.99328542 	
0.98958125 	0.99990383 	0.97360019 	0.88909987 	0.98209777 	0.99334647 	0.92237979 	0.97620187 	0.95727875 	0.99263611 	0.94421621 	0.97636676 	0.97906655 	0.99895302 	0.91655401 	0.99328542 	
0.98958125 	0.99990383 	0.97360019 	0.88909987 	0.98209777 	0.99334647 	0.92237979 	0.97620187 	0.98622470 	0.99263611 	0.94421621 	0.97636676 	0.97906655 	0.99895302 	0.91655401 	0.99328542 	
0.98958125 	0.99990383 	0.97360019 	0.88909987 	0.98209777 	0.99334647 	0.92237979 	0.97620187 	0.98622470 	0.96974597 	0.94421621 	0.97636676 	0.97906655 	0.99895302 	0.91655401 	0.99328542 	
0.98958125 	0.99990383 	0.97360019 	0.88909987 	0.98209777 	0.99334647 	0.92237979 	0.97620187 	0.98622470 	0.96974597 	0.94731205 	0.97636676 	0.97906655 	0.99895302 	0.91655401 	0.99328542 	
0.98958125 	0.99990383 	0.97360019 	0.88909987 	0.98209777 	0.99334647 	0.92237979 	0.97620187 	0.98622470 	0.96974597 	0.94731205 	0.97642569 	0.97906655 	0.99895302 	0.91655401 	0.99328542 	
0.98958125 	0.99990383 	0.97360019 	0.88909987 	0.98209777 	0.99334647 	0.92237979 	0.97620187 	0.98622470 	0.96974597 	0.94731205 	0.97642569 	0.97906655 	0.99895302 	0.91655401 	0.99328542 	
0.98958125 	0.99990383 	0.97360019 	0.88909987 	0.98209777 	0.99334647 	0.92237979 	0.97620187 	0.98622470 	0.96974597 	0.94731205 	0.97642569 	0.97906655 	0.99918297 	0.91655401 	0.99328542 	
0.98958125 	0.99990383 	0.97360019 	0.88909987 	0.98209777 	0.99334647 	0.92237979 	0.97620187 	0.98622470 	0.96974597 	0.94731205 	0.97642569 	0.97906655 	0.99918297 	0.91655401 	0.99328542 	
0.98958125 	0.99990383 	0.97360019 	0.88909987 	0.98209777 	0.99334647 	0.92237979 	0.97620187 	0.98622470 	0.96974597 	0.94731205 	0.97642569 	0.97906655 	0.99918297 	0.91655401 	0.99686280 	
0.98958125 	0.99990383 	0.97360019 	0.88909987 	0.98209777 	0.99334647 	0.92237979 	0.97620187 	0.98622470 	0.96974597 	0.94731205 	0.97642569 	0.97906655 	0.99918297 	0.91655401 	0.99686280 	
0.98958125 	0.99990383 	0.97360019 	0.88909987 	0.98209777 	0.99334647 	0.92237979 	0.97620187 	0.98622470 	0.96974597 	0.94731205 	0.97642569 	0.97906655 	0.99918297 	0.91655401 	0.99686280 	
0.98958125 	0.99990383 	0.99332672 	0.88909987 	0.98209777 	0.99334647 	0.92237979 	0.97620187 	0.98622470 	0.96974597 	0.94731205 	0.97642569 	0.97906655 	0.99918297 	0.91655401 	0.99686280 	
0.98958125 	0.99990383 	0.99332672 	0.89150304 	0.98209777 	0.99334647 	0.92237979 	0.97620187 	0.98622470 	0.96974597 	0.94731205 	0.97642569 	0.97906655 	0.99918297 	0.91655401 	0.99686280 	
0.98958125 	0.99990383 	0.99332672 	0.89150304 	0.98643761 	0.99334647 	0.92237979 	0.97620187 	0.98622470 	0.96974597 	0.94731205 	0.97642569 	0.97906655 	0.99918297 	0.91655401 	0.99686280 	
0.98958125 	0.99990383 	0.99332672 	0.89150304 	0.98643761 	0.99334647 	0.92237979 	0.97620187 	0.98622470 	0.96974597 	0.94731205 	0.97642569 	0.97906655 	0.99918297 	0.91655401 	0.99686280 	
0.98958125 	0.99990383 	0.99332672 	0.89150304 	0.98643761 	0.99334647 	0.92324984 	0.97620187 	0.98622470 	0.96974597 	0.94731205 	0.97642569 	0.97906655 	0.99918297 	0.91655401 	0.99686280 	
0.98958125 	0.99990383 	0.99332672 	0.89150304 	0.98643761 	0.99334647 	0.92324984 	0.97774979 	0.98622470 	0.96974597 	0.94731205 	0.97642569 	0.97906655 	0.99918297 	0.91655401 	0.99686280 	
0.98958125 	0.99990383 	0.99332672 	0.89150304 	0.98643761 	0.99334647 	0.92324984 	0.97774979 	0.99731600 	0.96974597 	0.94731205 	0.97642569 	0.97906655 	0.99918297 	0.91655401 	0.99686280 	
0.98958125 	0.99990383 	0.99332672 	0.89150304 	0.98643761 	0.99334647 	0.92324984 	0.97774979 	0.99731600 	0.98628260 	0.94731205 	0.97642569 	0.97906655 	0.99918297 	0.91655401 	0.99686280 	
0.98958125 	0.99990383 	0.99332672 	0.89150304 	0.98643761 	0.99334647 	0.92324984 	0.97774979 	0.99731600 	0.98628260 	0.95602637 	0.97642569 	0.97906655 	0.99918297 	0.91655401 	0.99686280 	
0.98958125 	0.99990383 	0.99332672 	0.89150304 	0.98643761 	0.99334647 	0.92324984 	0.97774979 	0.99731600 	0.98628260 	0.95602637 	0.99015833 	0.97906655 	0.99918297 	0.91655401 	0.99686280 	
0.98958125 	0.99990383 	0.99332672 	0.89150304 	0.98643761 	0.99334647 	0.92324984 	0.97774979 	0.99731600 	0.98628260 	0.95602637 	0.99015833 	0.99170424 	0.99918297 	0.91655401 	0.99686280 	
0.98958125 	0.99990383 	0.99332672 	0.89150304 	0.98643761 	0.99334647 	0.92324984 	0.97774979 	0.99731600 	0.98628260 	0.95602637 	0.99015833 	0.99170424 	0.99557659 	0.91655401 	0.99686280 	
0.98958125 	0.99990383 	0.99332672 	0.89150304 	0.98643761 	0.99334647 	0.92324984 	0.97774979 	0.99731600 	0.98628260 	0.95602637 	0.99015833 	0.99170424 	0.99557659 	0.91655401 	0.99686280 	
0.98958125 	0.99990383 	0.99332672 	0.89150304 	0.98643761 	0.99334647 	0.92324984 	0.97774979 	0.99731600 	0.98628260 	0.95602637 	0.99015833 	0.99170424 	0.99557659 	0.91655401 	0.99686280 	
0.99339236 	0.99990383 	0.99332672 	0.89150304 	0.98643761 	0.99334647 	0.92324984 	0.97774979 	0.99731600 	0.98628260 	0.95602637 	0.99015833 	0.99170424 	0.99557659 	0.91655401 	0.99686280 	
0.99339236 	0.99990383 	0.99332672 	0.89150304 	0.98643761 	0.99334647 	0.92324984 	0.97774979 	0.99731600 	0.98628260 	0.95602637 	0.99015833 	0.99170424 	0.99557659 	0.91655401 	0.99686280 	
0.99339236 	0.99990383 	0.99332672 	0.89150304 	0.98643761 	0.99334647 	0.92324984 	0.97774979 	0.99731600 	0.98628260 	0.95602637 	0.99015833 	0.99170424 	0.99557659 	0.91655401 	0.99686280 	
0.99339236 	0.99990383 	0.99332672 	0.98497918 	0.98643761 	0.99334647 	0.92324984 	0.97774979 	0.99731600 	0.98628260 	0.95602637 	0.99015833 	0.99170424 	0.99557659 	0.91655401 	0.99686280 	
0.99339236 	0.99990383 	0.99332672 	0.98497918 	0.99263960 	0.99334647 	0.92324984 	0.97774979 	0.99731600 	0.98628260 	0.95602637 	0.99015833 	0.99170424 	0.99557659 	0.91655401 	0.99686280 	
0.99339236 	0.99990383 	0.99332672 	0.98497918 	0.99263960 	0.99787574 	0.92324984 	0.97774979 	0.99731600 	0.98628260 	0.95602637 	0.99015833 	0.99170424 	0.99557659 	0.91655401 	0.99686280 	
0.99339236 	0.99990383 	0.99332672 	0.98497918 	0.99263960 	0.99787574 	0.92408469 	0.97774979 	0.99731600 	0.98628260 	0.95602637 	0.99015833 	0.99170424 	0.99557659 	0.91655401 	0.99686280 	
0.99339236 	0.99990383 	0.99332672 	0.98497918 	0.99263960 	0.99787574 	0.92408469 	0.98553418 	0.99731600 	0.98628260 	0.95602637 	0.99015833 	0.99170424 	0.99557659 	0.91655401 	0.99686280 	
0.99339236 	0.99990383 	0.99332672 	0.98497918 	0.99263960 	0.99787574 	0.92408469 	0.98553418 	0.99731600 	0.98628260 	0.95602637 	0.99015833 	0.99170424 	0.99557659 	0.91655401 	0.99686280 	
0.99339236 	0.99990383 	0.99332672 	0.98497918 	0.99263960 	0.99787574 	0.92408469 	0.98553418 	0.99731600 	0.97575267 	0.95602637 	0.99015833 	0.99170424 	0.99557659 	0.91655401 	0.99686280 	
0.99339236 	0.99990383 	0.99332672 	0.98497918 	0.99263960 	0.99787574 	0.92408469 	0.98553418 	0.99731600 	0.97575267 	0.99281697 	0.99015833 	0.99170424 	0.99557659 	0.91655401 	0.99686280 	
0.99339236 	0.99990383 	0.99332672 	0.98497918 	0.99263960 	0.99787574 	0.92408469 	0.98553418 	0.99731600 	0.97575267 	0.99281697 	0.99898122 	0.99170424 	0.99557659 	0.91655401 	0.99686280 	
0.99339236 	0.99990383 	0.99332672 	0.98497918 	0.99263960 	0.99787574 	0.92408469 	0.98553418 	0.99731600 	0.97575267 	0.99281697 	0.99898122 	0.99416091 	0.99557659 	0.91655401 	0.99686280 	
0.99339236 	0.99990383 	0.99332672 	0.98497918 	0.99263960 	0.99787574 	0.92408469 	0.98553418 	0.99731600 	0.97575267 	0.99281697 	0.99898122 	0.99416091 	0.97727369 	0.91655401 	0.99686280 	
0.99339236 	0.99990383 	0.99332672 	0.98497918 	0.99263960 	0.99787574 	0.92408469 	0.98553418 	0.99731600 	0.97575267 	0.99281697 	0.99898122 	0.99416091 	0.97727369 	0.94423978 	0.99686280 	
0.99339236 	0.99990383 	0.99332672 	0.98497918 	0.99263960 	0.99787574 	0.92408469 	0.98553418 	0.99731600 	0.97575267 	0.99281697 	0.99898122 	0.99416091 	0.97727369 	0.94423978 	0.99677854 	
0.99462016 	0.99990383 	0.99332672 	0.98497918 	0.99263960 	0.99787574 	0.92408469 	0.98553418 	0.99731600 	0.97575267 	0.99281697 	0.99898122 	0.99416091 	0.97727369 	0.94423978 	0.99677854 	
0.99462016 	0.99990383 	0.99332672 	0.98497918 	0.99263960 	0.99787574 	0.92408469 	0.98553418 	0.99731600 	0.97575267 	0.99281697 	0.99898122 	0.99416091 	0.97727369 	0.94423978 	0.99677854 	
0.99462016 	0.99990383 	0.99332672 	0.98497918 	0.99263960 	0.99787574 	0.92408469 	0.98553418 	0.99731600 	0.97575267 	0.99281697 	0.99898122 	0.99416091 	0.97727369 	0.94423978 	0.99677854 	
0.99462016 	0.99990383 	0.99332672 	0.99700871 	0.99263960 	0.99787574 	0.92408469 	0.98553418 	0.99731600 	0.97575267 	0.99281697 	0.99898122 	0.99416091 	0.97727369 	0.94423978 	0.99677854 	
0.99462016 	0.99990383 	0.99332672 	0.99700871 	0.98178159 	0.99787574 	0.92408469 	0.98553418 	0.99731600 	0.97575267 	0.99281697 	0.99898122 	0.99416091 	0.97727369 	0.94423978 	0.99677854 	
0.99462016 	0.99990383 	0.99332672 	0.99700871 	0.98178159 	0.99737385 	0.92408469 	0.98553418 	0.99731600 	0.97575267 	0.99281697 	0.99898122 	0.99416091 	0.97727369 	0.94423978 	0.99677854 	
0.99462016 	0.99990383 	0.99332672 	0.99700871 	0.98178159 	0.99737385 	0.99178323 	0.98553418 	0.99731600 	0.97575267 	0.99281697 	0.99898122 	0.99416091 	0.97727369 	0.94423978 	0.99677854 	
0.99462016 	0.99990383 	0.99332672 	0.99700871 	0.98178159 	0.99737385 	0.99178323 	0.98553418 	0.99731600 	0.97575267 	0.99281697 	0.99898122 	0.99416091 	0.97727369 	0.94423978 	0.99677854 	
0.99462016 	0.99990383 	0.99332672 	0.99700871 	0.98178159 	0.99737385 	0.99178323 	0.98553418 	0.99731600 	0.97575267 	0.99281697 	0.99898122 	0.99416091 	0.97727369 	0.94423978 	0.99677854 	
0.99462016 	0.99990383 	0.99332672 	0.99700871 	0.98178159 	0.99737385 	0.99178323 	0.98553418 	0.99731600 	0.97978116 	0.99281697 	0.99898122 	0.99416091 	0.97727369 	0.94423978 	0.99677854 	
0.99462016 	0.99990383 	0.99332672 	0.99700871 	0.98178159 	0.99737385 	0.99178323 	0.98553418 	0.99731600 	0.97978116 	0.99452196 	0.99898122 	0.99416091 	0.97727369 	0.94423978 	0.99677854 	
0.99462016 	0.99990383 	0.99332672 	0.99700871 	0.98178159 	0.99737385 	0.99178323 	0.98553418 	0.99731600 	0.97978116 	0.99452196 	0.99904733 	0.99416091 	0.97727369 	0.94423978 	0.99677854 	
0.99462016 	0.99990383 	0.99332672 	0.99700871 	0.98178159 	0.99737385 	0.99178323 	0.98553418 	0.99731600 	0.97978116 	0.99452196 	0.99904733 	0.99432926 	0.97727369 	0.94423978 	0.99677854 	
0.99462016 	0.99990383 	0.99332672 	0.99700871 	0.98178159 	0.99737385 	0.99178323 	0.98553418 	0.99731600 	0.97978116 	0.99452196 	0.99904733 	0.99432926 	0.97752177 	0.94423978 	0.99677854 	
0.99462016 	0.99990383 	0.99332672 	0.99700871 	0.98178159 	0.99737385 	0.99178323 	0.98553418 	0.99731600 	0.97978116 	0.99452196 	0.99904733 	0.99432926 	0.97752177 	0.96833090 	0.99677854 	
0.99462016 	0.99990383 	0.99332672 	0.99700871 	0.98178159 	0.99737385 	0.99178323 	0.98553418 	0.99731600 	0.97978116 	0.99452196 	0.99904733 	0.99432926 	0.97752177 	0.96833090 	0.99764476 	
0.99679598 	0.99990383 	0.99332672 	0.99700871 	0.98178159 	0.99737385 	0.99178323 	0.98553418 	0.99731600 	0.97978116 	0.99452196 	0.99904733 	0.99432926 	0.97752177 	0.96833090 	0.99764476 	
0.99679598 	0.99991500 	0.99332672 	0.99700871 	0.98178159 	0.99737385 	0.99178323 	0.98553418 	0.99731600 	0.97978116 	0.99452196 	0.99904733 	0.99432926 	0.97752177 	0.96833090 	0.99764476 	
0.99679598 	0.99991500 	0.99332672 	0.99700871 	0.98178159 	0.99737385 	0.99178323 	0.98553418 	0.99731600 	0.97978116 	0.99452196 	0.99904733 	0.99432926 	0.97752177 	0.96833090 	0.99764476 	
0.99679598 	0.99991500 	0.99332672 	0.99700871 	0.98178159 	0.99737385 	0.99178323 	0.98553418 	0.99731600 	0.97978116 	0.99452196 	0.99904733 	0.99432926 	0.97752177 	0.96833090 	0.99764476 	
0.99679598 	0.99991500 	0.99332672 	0.99700871 	0.98178159 	0.99737385 	0.99178323 	0.98553418 	0.99731600 	0.97978116 	0.99452196 	0.99904733 	0.99432926 	0.97752177 	0.96833090 	0.99764476 	
0.99679598 	0.99991500 	0.99332672 	0.99700871 	0.98178159 	0.99544321 	0.99178323 	0.98553418 	0.99731600 	0.97978116 	0.99452196 	0.99904733 	0.99432926 	0.97752177 	0.96833090 	0.99764476 	
0.99679598 	0.99991500 	0.99332672 	0.99700871 	0.98178159 	0.99544321 	0.99268250 	0.98553418 	0.99731600 	0.97978116 	0.99452196 	0.99904733 	0.99432926 	0.97752177 	0.96833090 	0.99764476 	
0.99679598 	0.99991500 	0.99332672 	0.99700871 	0.98178159 	0.99544321 	0.99268250 	0.99833830 	0.99731600 	0.97978116 	0.99452196 	0.99904733 	0.99432926 	0.97752177 	0.96833090 	0.99764476 	
0.99679598 	0.99991500 	0.99332672 	0.99700871 	0.98178159 	0.99544321 	0.99268250 	0.99833830 	0.99856364 	0.97978116 	0.99452196 	0.99904733 	0.99432926 	0.97752177 	0.96833090 	0.99764476 	
0.99679598 	0.99991500 	0.99332672 	0.99700871 	0.98178159 	0.99544321 	0.99268250 	0.99833830 	0.99856364 	0.97593550 	0.99452196 	0.99904733 	0.99432926 	0.97752177 	0.96833090 	0.99764476 	
0.99679598 	0.99991500 	0.99332672 	0.99700871 	0.98178159 	0.99544321 	0.99268250 	0.99833830 	0.99856364 	0.97593550 	0.99452196 	0.99904733 	0.99432926 	0.97752177 	0.96833090 	0.99764476 	
0.99679598 	0.99991500 	0.99332672 	0.99700871 	0.98178159 	0.99544321 	0.99268250 	0.99833830 	0.99856364 	0.97593550 	0.99452196 	0.99922305 	0.99432926 	0.97752177 	0.96833090 	0.99764476 	
0.99679598 	0.99991500 	0.99332672 	0.99700871 	0.98178159 	0.99544321 	0.99268250 	0.99833830 	0.99856364 	0.97593550 	0.99452196 	0.99922305 	0.99867110 	0.97752177 	0.96833090 	0.99764476 	
0.99679598 	0.99991500 	0.99332672 	0.99700871 	0.98178159 	0.99544321 	0.99268250 	0.99833830 	0.99856364 	0.97593550 	0.99452196 	0.99922305 	0.99867110 	0.97752177 	0.96833090 	0.99764476 	
0.99679598 	0.99991500 	0.99332672 	0.99700871 	0.98178159 	0.99544321 	0.99268250 	0.99833830 	0.99856364 	0.97593550 	0.99452196 	0.99922305 	0.99867110 	0.97752177 	0.99522283 	0.99764476 	
0.99679598 	0.99991500 	0.99332672 	0.99700871 	0.98178159 	0.99544321 	0.99268250 	0.99833830 	0.99856364 	0.97593550 	0.99452196 	0.99922305 	0.99867110 	0.97752177 	0.99522283 	0.99867325 	
0.99725670 	0.99991500 	0.99332672 	0.99700871 	0.98178159 	0.99544321 	0.99268250 	0.99833830 	0.99856364 	0.97593550 	0.99452196 	0.99922305 	0.99867110 	0.97752177 	0.99522283 	0.99867325 	
0.99725670 	0.99991500 	0.99332672 	0.99700871 	0.98178159 	0.99544321 	0.99268250 	0.99833830 	0.99856364 	0.97593550 	0.99452196 	0.99922305 	0.99867110 	0.97752177 	0.99522283 	0.99867325 	
0.99725670 	0.99991500 	0.99731541 	0.99700871 	0.98178159 	0.99544321 	0.99268250 	0.99833830 	0.99856364 	0.97593550 	0.99452196 	0.99922305 	0.99867110 	0.97752177 	0.99522283 	0.99867325 	
0.99725670 	0.99991500 	0.99731541 	0.99700871 	0.98178159 	0.99544321 	0.99268250 	0.99833830 	0.99856364 	0.97593550 	0.99452196 	0.99922305 	0.99867110 	0.97752177 	0.99522283 	0.99867325 	
0.99725670 	0.99991500 	0.99731541 	0.99700871 	0.98240779 	0.99544321 	0.99268250 	0.99833830 	0.99856364 	0.97593550 	0.99452196 	0.99922305 	0.99867110 	0.97752177 	0.99522283 	0.99867325 	
0.99725670 	0.99991500 	0.99731541 	0.99700871 	0.98240779 	0.99028329 	0.99268250 	0.99833830 	0.99856364 	0.97593550 	0.99452196 	0.99922305 	0.99867110 	0.97752177 	0.99522283 	0.99867325 	
0.99725670 	0.99991500 	0.99731541 	0.99700871 	0.98240779 	0.99028329 	0.99268250 	0.99833830 	0.99856364 	0.97593550 	0.99452196 	0.99922305 	0.99867110 	0.97752177 	0.99522283 	0.99867325 	
0.99725670 	0.99991500 	0.99731541 	0.99700871 	0.98240779 	0.99028329 	0.99268250 	0.99833830 	0.99856364 	0.97593550 	0.99452196 	0.99922305 	0.99867110 	0.97752177 	0.99522283 	0.99867325 	
0.99725670 	0.99991500 	0.99731541 	0.99700871 	0.98240779 	0.99028329 	0.99268250 	0.99833830 	0.99945992 	0.97593550 	0.99452196 	0.99922305 	0.99867110 	0.97752177 	0.99522283 	0.99867325 	
0.99725670 	0.99991500 	0.99731541 	0.99700871 	0.98240779 	0.99028329 	0.99268250 	0.99833830 	0.99945992 	0.97592961 	0.99452196 	0.99922305 	0.99867110 	0.97752177 	0.99522283 	0.99867325 	
0.99725670 	0.99991500 	0.99731541 	0.99700871 	0.98240779 	0.99028329 	0.99268250 	0.99833830 	0.99945992 	0.97592961 	0.99606732 	0.99922305 	0.99867110 	0.97752177 	0.99522283 	0.99867325 	
0.99725670 	0.99991500 	0.99731541 	0.99700871 	0.98240779 	0.99028329 	0.99268250 	0.99833830 	0.99945992 	0.97592961 	0.99606732 	0.99990434 	0.99867110 	0.97752177 	0.99522283 	0.99867325 	
0.99725670 	0.99991500 	0.99731541 	0.99700871 	0.98240779 	0.99028329 	0.99268250 	0.99833830 	0.99945992 	0.97592961 	0.99606732 	0.99990434 	0.99961814 	0.97752177 	0.99522283 	0.99867325 	
0.99725670 	0.99991500 	0.99731541 	0.99700871 	0.98240779 	0.99028329 	0.99268250 	0.99833830 	0.99945992 	0.97592961 	0.99606732 	0.99990434 	0.99961814 	0.97752177 	0.99522283 	0.99867325 	
0.99725670 	0.99991500 	0.99731541 	0.99700871 	0.98240779 	0.99028329 	0.99268250 	0.99833830 	0.99945992 	0.97592961 	0.99606732 	0.99990434 	0.99961814 	0.97752177 	0.99522283 	0.99867325 	
0.99725670 	0.99991500 	0.99731541 	0.99700871 	0.98240779 	0.99028329 	0.99268250 	0.99833830 	0.99945992 	0.97592961 	0.99606732 	0.99990434 	0.99961814 	0.97752177 	0.99522283 	0.99786734 	
0.99948038 	0.99991500 	0.99731541 	0.99700871 	0.98240779 	0.99028329 	0.99268250 	0.99833830 	0.99945992 	0.97592961 	0.99606732 	0.99990434 	0.99961814 	0.97752177 	0.99522283 	0.99786734 	
0.99948038 	0.99991500 	0.99731541 	0.99700871 	0.98240779 	0.99028329 	0.99268250 	0.99833830 	0.99945992 	0.97592961 	0.99606732 	0.99990434 	0.99961814 	0.97752177 	0.99522283 	0.99786734 	
0.99948038 	0.99991500 	0.99851996 	0.99700871 	0.98240779 	0.99028329 	0.99268250 	0.99833830 	0.99945992 	0.97592961 	0.99606732 	0.99990434 	0.99961814 	0.97752177 	0.99522283 	0.99786734 	
0.99948038 	0.99991500 	0.99851996 	0.99835115 	0.98240779 	0.99028329 	0.99268250 	0.99833830 	0.99945992 	0.97592961 	0.99606732 	0.99990434 	0.99961814 	0.97752177 	0.99522283 	0.99786734 	
0.99948038 	0.99991500 	0.99851996 	0.99835115 	0.98240779 	0.99028329 	0.99268250 	0.99833830 	0.99945992 	0.97592961 	0.99606732 	0.99990434 	0.99961814 	0.97752177 	0.99522283 	0.99786734 	
0.99948038 	0.99991500 	0.99851996 	0.99835115 	0.98240779 	0.99028329 	0.99268250 	0.99833830 	0.99945992 	0.97592961 	0.99606732 	0.99990434 	0.99961814 	0.97752177 	0.99522283 	0.99786734 	
0.99948038 	0.99991500 	0.99851996 	0.99835115 	0.98240779 	0.99028329 	0.99286751 	0.99833830 	0.99945992 	0.97592961 	0.99606732 	0.99990434 	0.99961814 	0.97752177 	0.99522283 	0.99786734 	
0.99948038 	0.99991500 	0.99851996 	0.99835115 	0.98240779 	0.99028329 	0.99286751 	0.99845146 	0.99945992 	0.97592961 	0.99606732 	0.99990434 	0.99961814 	0.97752177 	0.99522283 	0.99786734 	
0.99948038 	0.99991500 	0.99851996 	0.99835115 	0.98240779 	0.99028329 	0.99286751 	0.99845146 	0.99989401 	0.97592961 	0.99606732 	0.99990434 	0.99961814 	0.97752177 	0.99522283 	0.99786734 	
0.99948038 	0.99991500 	0.99851996 	0.99835115 	0.98240779 	0.99028329 	0.99286751 	0.99845146 	0.99989401 	0.97592957 	0.99606732 	0.99990434 	0.99961814 	0.97752177 	0.99522283 	0.99786734 	
0.99948038 	0.99991500 	0.99851996 	0.99835115 	0.98240779 	0.99028329 	0.99286751 	0.99845146 	0.99989401 	0.97592957 	0.99986058 	0.99990434 	0.99961814 	0.97752177 	0.99522283 	0.99786734 	
0.99948038 	0.99991500 	0.99851996 	0.99835115 	0.98240779 	0.99028329 	0.99286751 	0.99845146 	0.99989401 	0.97592957 	0.99986058 	0.99990434 	0.99961814 	0.97752177 	0.99522283 	0.99786734 	
0.99948038 	0.99991500 	0.99851996 	0.99835115 	0.98240779 	0.99028329 	0.99286751 	0.99845146 	0.99989401 	0.97592957 	0.99986058 	0.99990434 	0.99962404 	0.97752177 	0.99522283 	0.99786734 	
0.99948038 	0.99991500 	0.99851996 	0.99835115 	0.98240779 	0.99028329 	0.99286751 	0.99845146 	0.99989401 	0.97592957 	0.99986058 	0.99990434 	0.99962404 	0.97777292 	0.99522283 	0.99786734 	
0.99948038 	0.99991500 	0.99851996 	0.99835115 	0.98240779 	0.99028329 	0.99286751 	0.99845146 	0.99989401 	0.97592957 	0.99986058 	0.99990434 	0.99962404 	0.97777292 	0.99522283 	0.99786734 	
0.99948038 	0.99991500 	0.99851996 	0.99835115 	0.98240779 	0.99028329 	0.99286751 	0.99845146 	0.99989401 	0.97592957 	0.99986058 	0.99990434 	0.99962404 	0.97777292 	0.99522283 	0.99786734 	
0.99948038 	0.99991500 	0.99851996 	0.99835115 	0.98240779 	0.99028329 	0.99286751 	0.99845146 	0.99989401 	0.97592957 	0.99986058 	0.99990434 	0.99962404 	0.97777292 	0.99522283 	0.99786734 	
0.99948038 	0.99996885 	0.99851996 	0.99835115 	0.98240779 	0.99028329 	0.99286751 	0.99845146 	0.99989401 	0.97592957 	0.99986058 	0.99990434 	0.99962404 	0.97777292 	0.99522283 	0.99786734 	
0.99948038 	0.99996885 	0.99888261 	0.99835115 	0.98240779 	0.99028329 	0.99286751 	0.99845146 	0.99989401 	0.97592957 	0.99986058 	0.99990434 	0.99962404 	0.97777292 	0.99522283 	0.99786734 	
0.99948038 	0.99996885 	0.99888261 	0.99845476 	0.98240779 	0.99028329 	0.99286751 	0.99845146 	0.99989401 	0.97592957 	0.99986058 	0.99990434 	0.99962404 	0.97777292 	0.99522283 	0.99786734 	
0.99948038 	0.99996885 	0.99888261 	0.99845476 	0.98301279 	0.99028329 	0.99286751 	0.99845146 	0.99989401 	0.97592957 	0.99986058 	0.99990434 	0.99962404 	0.97777292 	0.99522283 	0.99786734 	
0.99948038 	0.99996885 	0.99888261 	0.99845476 	0.98301279 	0.99054653 	0.99286751 	0.99845146 	0.99989401 	0.97592957 	0.99986058 	0.99990434 	0.99962404 	0.97777292 	0.99522283 	0.99786734 	
0.99948038 	0.99996885 	0.99888261 	0.99845476 	0.98301279 	0.99054653 	0.99924230 	0.99845146 	0.99989401 	0.97592957 	0.99986058 	0.99990434 	0.99962404 	0.97777292 	0.99522283 	0.99786734 	
0.99948038 	0.99996885 	0.99888261 	0.99845476 	0.98301279 	0.99054653 	0.99924230 	0.99929112 	0.99989401 	0.97592957 	0.99986058 	0.99990434 	0.99962404 	0.97777292 	0.99522283 	0.99786734 	
0.99948038 	0.99996885 	0.99888261 	0.99845476 	0.98301279 	0.99054653 	0.99924230 	0.99929112 	0.99989401 	0.97592957 	0.99986058 	0.99990434 	0.99962404 	0.97777292 	0.99522283 	0.99786734 	
0.99948038 	0.99996885 	0.99888261 	0.99845476 	0.98301279 	0.99054653 	0.99924230 	0.99929112 	0.99989401 	0.97566566 	0.99986058 	0.99990434 	0.99962404 	0.97777292 	0.99522283 	0.99786734 	
0.99948038 	0.99996885 	0.99888261 	0.99845476 	0.98301279 	0.99054653 	0.99924230 	0.99929112 	0.99989401 	0.97566566 	0.99990282 	0.99990434 	0.99962404 	0.97777292 	0.99522283 	0.99786734 	
0.99948038 	0.99996885 	0.99888261 	0.99845476 	0.98301279 	0.99054653 	0.99924230 	0.99929112 	0.99989401 	0.97566566 	0.99990282 	0.99990434 	0.99962404 	0.97777292 	0.99522283 	0.99786734 	
0.99948038 	0.99996885 	0.99888261 	0.99845476 	0.98301279 	0.99054653 	0.99924230 	0.99929112 	0.99989401 	0.97566566 	0.99990282 	0.99990434 	0.99962651 	0.97777292 	0.99522283 	0.99786734 	
0.99948038 	0.99996885 	0.99888261 	0.99845476 	0.98301279 	0.99054653 	0.99924230 	0.99929112 	0.99989401 	0.97566566 	0.99990282 	0.99990434 	0.99962651 	0.97889045 	0.99522283 	0.99786734 	
0.99948038 	0.99996885 	0.99888261 	0.99845476 	0.98301279 	0.99054653 	0.99924230 	0.99929112 	0.99989401 	0.97566566 	0.99990282 	0.99990434 	0.99962651 	0.97889045 	0.99522283 	0.99786734 	
0.99948038 	0.99996885 	0.99888261 	0.99845476 	0.98301279 	0.99054653 	0.99924230 	0.99929112 	0.99989401 	0.97566566 	0.99990282 	0.99990434 	0.99962651 	0.97889045 	0.99522283 	0.99786734 	
0.99983103 	0.99996885 	0.99888261 	0.99845476 	0.98301279 	0.99054653 	0.99924230 	0.99929112 	0.99989401 	0.97566566 	0.99990282 	0.99990434 	0.99962651 	0.97889045 	0.99522283 	0.99786734 	
0.99983103 	0.99996885 	0.99888261 	0.99845476 	0.98301279 	0.99054653 	0.99924230 	0.99929112 	0.99989401 	0.97566566 	0.99990282 	0.99990434 	0.99962651 	0.97889045 	0.99522283 	0.99786734 	
0.99983103 	0.99996885 	0.99998025 	0.99845476 	0.98301279 	0.99054653 	0.99924230 	0.99929112 	0.99989401 	0.97566566 	0.99990282 	0.99990434 	0.99962651 	0.97889045 	0.99522283 	0.99786734 	
0.99983103 	0.99996885 	0.99998025 	0.99998470 	0.98301279 	0.99054653 	0.99924230 	0.99929112 	0.99989401 	0.97566566 	0.99990282 	0.99990434 	0.99962651 	0.97889045 	0.99522283 	0.99786734 	
0.99983103 	0.99996885 	0.99998025 	0.99998470 	0.98301279 	0.99054653 	0.99924230 	0.99929112 	0.99989401 	0.97566566 	0.99990282 	0.99990434 	0.99962651 	0.97889045 	0.99522283 	0.99786734 	
0.99983103 	0.99996885 	0.99998025 	0.99998470 	0.98301279 	0.99054653 	0.99924230 	0.99929112 	0.99989401 	0.97566566 	0.99990282 	0.99990434 	0.99962651 	0.97889045 	0.99522283 	0.99786734 	
0.99983103 	0.99996885 	0.99998025 	0.99998470 	0.98301279 	0.99054653 	0.99976660 	0.99929112 	0.99989401 	0.97566566 	0.99990282 	0.99990434 	0.99962651 	0.97889045 	0.99522283 	0.99786734 	
0.99983103 	0.99996885 	0.99998025 	0.99998470 	0.98301279 	0.99054653 	0.99976660 	0.99957297 	0.99989401 	0.97566566 	0.99990282 	0.99990434 	0.99962651 	0.97889045 	0.99522283 	0.99786734 	
0.99983103 	0.99996885 	0.99998025 	0.99998470 	0.98301279 	0.99054653 	0.99976660 	0.99957297 	0.99989401 	0.97566566 	0.99990282 	0.99990434 	0.99962651 	0.97889045 	0.99522283 	0.99786734 	
0.99983103 	0.99996885 	0.99998025 	0.99998470 	0.98301279 	0.99054653 	0.99976660 	0.99957297 	0.99989401 	0.97557807 	0.99990282 	0.99990434 	0.99962651 	0.97889045 	0.99522283 	0.99786734 	
0.99983103 	0.99996885 	0.99998025 	0.99998470 	0.98301279 	0.99054653 	0.99976660 	0.99957297 	0.99989401 	0.97557807 	0.99990282 	0.99990434 	0.99962651 	0.97889045 	0.99522283 	0.99786734 	
0.99983103 	0.99996885 	0.99998025 	0.99998470 	0.98301279 	0.99054653 	0.99976660 	0.99957297 	0.99989401 	0.97557807 	0.99990282 	0.99994087 	0.99962651 	0.97889045 	0.99522283 	0.99786734 	
0.99983103 	0.99996885 	0.99998025 	0.99998470 	0.98301279 	0.99054653 	0.99976660 	0.99957297 	0.99989401 	0.97557807 	0.99990282 	0.99994087 	0.99962652 	0.97889045 	0.99522283 	0.99786734 	
0.99983103 	0.99996885 	0.99998025 	0.99998470 	0.98301279 	0.99054653 	0.99976660 	0.99957297 	0.99989401 	0.97557807 	0.99990282 	0.99994087 	0.99962652 	0.97889045 	0.99522283 	0.99786734 	
0.99983103 	0.99996885 	0.99998025 	0.99998470 	0.98301279 	0.99054653 	0.99976660 	0.99957297 	0.99989401 	0.97557807 	0.99990282 	0.99994087 	0.99962652 	0.97889045 	0.99590920 	0.99786734 	
0.99983103 	0.99996885 	0.99998025 	0.99998470 	0.98301279 	0.99054653 	0.99976660 	0.99957297 	0.99989401 	0.97557807 	0.99990282 	0.99994087 	0.99962652 	0.97889045 	0.99590920 	0.99786734 	
0.99983103 	0.99996885 	0.99998025 	0.99998470 	0.98301279 	0.99054653 	0.99976660 	0.99957297 	0.99989401 	0.97557807 	0.99990282 	0.99994087 	0.99962652 	0.97889045 	0.99590920 	0.99786734 	
0.99983103 	0.99996915 	0.99998025 	0.99998470 	0.98301279 	0.99054653 	0.99976660 	0.99957297 	0.99989401 	0.97557807 	0.99990282 	0.99994087 	0.99962652 	0.97889045 	0.99590920 	0.99786734 	
0.99983103 	0.99996915 	0.99999280 	0.99998470 	0.98301279 	0.99054653 	0.99976660 	0.99957297 	0.99989401 	0.97557807 	0.99990282 	0.99994087 	0.99962652 	0.97889045 	0.99590920 	0.99786734 	
0.99983103 	0.99996915 	0.99999280 	0.99998470 	0.98301279 	0.99054653 	0.99976660 	0.99957297 	0.99989401 	0.97557807 	0.99990282 	0.99994087 	0.99962652 	0.97889045 	0.99590920 	0.99786734 	
0.99983103 	0.99996915 	0.99999280 	0.99998470 	0.98306839 	0.99054653 	0.99976660 	0.99957297 	0.99989401 	0.97557807 	0.99990282 	0.99994087 	0.99962652 	0.97889045 	0.99590920 	0.99786734 	
0.99983103 	0.99996915 	0.99999280 	0.99998470 	0.98306839 	0.99054653 	0.99976660 	0.99957297 	0.99989401 	0.97557807 	0.99990282 	0.99994087 	0.99962652 	0.97889045 	0.99590920 	0.99786734 	
0.99983103 	0.99996915 	0.99999280 	0.99998470 	0.98306839 	0.99054653 	0.99976660 	0.99957297 	0.99989401 	0.97557807 	0.99990282 	0.99994087 	0.99962652 	0.97889045 	0.99590920 	0.99786734 	
0.99983103 	0.99996915 	0.99999280 	0.99998470 	0.98306839 	0.99054653 	0.99976660 	0.99988549 	0.99989401 	0.97557807 	0.99990282 	0.99994087 	0.99962652 	0.97889045 	0.99590920 	0.99786734 	
0.99983103 	0.99996915 	0.99999280 	0.99998470 	0.98306839 	0.99054653 	0.99976660 	0.99988549 	0.99998705 	0.97557807 	0.99990282 	0.99994087 	0.99962652 	0.97889045 	0.99590920 	0.99786734 	
0.99983103 	0.99996915 	0.99999280 	0.99998470 	0.98306839 	0.99054653 	0.99976660 	0.99988549 	0.99998705 	0.97546504 	0.99990282 	0.99994087 	0.99962652 	0.97889045 	0.99590920 	0.99786734 	
0.99983103 	0.99996915 	0.99999280 	0.99998470 	0.98306839 	0.99054653 	0.99976660 	0.99988549 	0.99998705 	0.97546504 	0.99990282 	0.99994087 	0.99962652 	0.97889045 	0.99590920 	0.99786734 	
0.99983103 	0.99996915 	0.99999280 	0.99998470 	0.98306839 	0.99054653 	0.99976660 	0.99988549 	0.99998705 	0.97546504 	0.99990282 	0.99994087 	0.99962652 	0.97889045 	0.99590920 	0.99786734 	
0.99983103 	0.99996915 	0.99999280 	0.99998470 	0.98306839 	0.99054653 	0.99976660 	0.99988549 	0.99998705 	0.97546504 	0.99990282 	0.99994087 	0.99975858 	0.97889045 	0.99590920 	0.99786734 	
0.99983103 	0.99996915 	0.99999280 	0.99998470 	0.98306839 	0.99054653 	0.99976660 	0.99988549 	0.99998705 	0.97546504 	0.99990282 	0.99994087 	0.99975858 	0.97839081 	0.99590920 	0.99786734 	
0.99983103 	0.99996915 	0.99999280 	0.99998470 	0.98306839 	0.99054653 	0.99976660 	0.99988549 	0.99998705 	0.97546504 	0.99990282 	0.99994087 	0.99975858 	0.97839081 	0.99822196 	0.99786734 	
0.99983103 	0.99996915 	0.99999280 	0.99998470 	0.98306839 	0.99054653 	0.99976660 	0.99988549 	0.99998705 	0.97546504 	0.99990282 	0.99994087 	0.99975858 	0.97839081 	0.99822196 	0.99786734 	
0.99988978 	0.99996915 	0.99999280 	0.99998470 	0.98306839 	0.99054653 	0.99976660 	0.99988549 	0.99998705 	0.97546504 	0.99990282 	0.99994087 	0.99975858 	0.97839081 	0.99822196 	0.99786734 	
0.99988978 	0.99998630 	0.99999280 	0.99998470 	0.98306839 	0.99054653 	0.99976660 	0.99988549 	0.99998705 	0.97546504 	0.99990282 	0.99994087 	0.99975858 	0.97839081 	0.99822196 	0.99786734 	
0.99988978 	0.99998630 	0.99999727 	0.99998470 	0.98306839 	0.99054653 	0.99976660 	0.99988549 	0.99998705 	0.97546504 	0.99990282 	0.99994087 	0.99975858 	0.97839081 	0.99822196 	0.99786734 	
0.99988978 	0.99998630 	0.99999727 	0.99998470 	0.98306839 	0.99054653 	0.99976660 	0.99988549 	0.99998705 	0.97546504 	0.99990282 	0.99994087 	0.99975858 	0.97839081 	0.99822196 	0.99786734 	
0.99988978 	0.99998630 	0.99999727 	0.99998470 	0.98309203 	0.99054653 	0.99976660 	0.99988549 	0.99998705 	0.97546504 	0.99990282 	0.99994087 	0.99975858 	0.97839081 	0.99822196 	0.99786734 	
0.99988978 	0.99998630 	0.99999727 	0.99998470 	0.98309203 	0.99054653 	0.99976660 	0.99988549 	0.99998705 	0.97546504 	0.99990282 	0.99994087 	0.99975858 	0.97839081 	0.99822196 	0.99786734 	
0.99988978 	0.99998630 	0.99999727 	0.99998470 	0.98309203 	0.99054653 	0.99995152 	0.99988549 	0.99998705 	0.97546504 	0.99990282 	0.99994087 	0.99975858 	0.97839081 	0.99822196 	0.99786734 	
0.99988978 	0.99998630 	0.99999727 	0.99998470 	0.98309203 	0.99054653 	0.99995152 	0.99988549 	0.99998705 	0.97546504 	0.99990282 	0.99994087 	0.99975858 	0.97839081 	0.99822196 	0.99786734 	
0.99988978 	0.99998630 	0.99999727 	0.99998470 	0.98309203 	0.99054653 	0.99995152 	0.99988549 	0.99998705 	0.97546504 	0.99990282 	0.99994087 	0.99975858 	0.97839081 	0.99822196 	0.99786734 	
0.99988978 	0.99998630 	0.99999727 	0.99998470 	0.98309203 	0.99054653 	0.99995152 	0.99988549 	0.99998705 	0.97546504 	0.99990282 	0.99994087 	0.99975858 	0.97839081 	0.99822196 	0.99786734 	
0.99988978 	0.99998630 	0.99999727 	0.99998470 	0.98309203 	0.99054653 	0.99995152 	0.99988549 	0.99998705 	0.97546504 	0.99993589 	0.99994087 	0.99975858 	0.97839081 	0.99822196 	0.99786734 	
0.99988978 	0.99998630 	0.99999727 	0.99998470 	0.98309203 	0.99054653 	0.99995152 	0.99988549 	0.99998705 	0.97546504 	0.99993589 	0.99994087 	0.99975858 	0.97839081 	0.99822196 	0.99786734 	
0.99988978 	0.99998630 	0.99999727 	0.99998470 	0.98309203 	0.99054653 	0.99995152 	0.99988549 	0.99998705 	0.97546504 	0.99993589 	0.99994087 	0.99985390 	0.97839081 	0.99822196 	0.99786734 	
0.99988978 	0.99998630 	0.99999727 	0.99998470 	0.98309203 	0.99054653 	0.99995152 	0.99988549 	0.99998705 	0.97546504 	0.99993589 	0.99994087 	0.99985390 	0.97839081 	0.99822196 	0.99786734 	
0.99988978 	0.99998630 	0.99999727 	0.99998470 	0.98309203 	0.99054653 	0.99995152 	0.99988549 	0.99998705 	0.97546504 	0.99993589 	0.99994087 	0.99985390 	0.97839081 	0.99914144 	0.99786734 	
0.99988978 	0.99998630 	0.99999727 	0.99998470 	0.98309203 	0.99054653 	0.99995152 	0.99988549 	0.99998705 	0.97546504 	0.99993589 	0.99994087 	0.99985390 	0.97839081 	0.99914144 	0.99732563 	
0.99988978 	0.99998630 	0.99999727 	0.99998470 	0.98309203 	0.99054653 	0.99995152 	0.99988549 	0.99998705 	0.97546504 	0.99993589 	0.99994087 	0.99985390 	0.97839081 	0.99914144 	0.99732563 	
0.99988978 	0.99998630 	0.99999727 	0.99998470 	0.98309203 	0.99054653 	0.99995152 	0.99988549 	0.99998705 	0.97546504 	0.99993589 	0.99994087 	0.99985390 	0.97839081 	0.99914144 	0.99732563 	
0.99988978 	0.99998630 	0.99999727 	0.99998470 	0.98309203 	0.99054653 	0.99995152 	0.99988549 	0.99998705 	0.97546504 	0.99993589 	0.99994087 	0.99985390 	0.97839081 	0.99914144 	0.99732563 	
0.99988978 	0.99998630 	0.99999727 	0.99998470 	0.98309203 	0.99054653 	0.99995152 	0.99988549 	0.99998705 	0.97546504 	0.99993589 	0.99994087 	0.99985390 	0.97839081 	0.99914144 	0.99732563 	
0.99988978 	0.99998630 	0.99999727 	0.99998470 	0.98309203 	0.99054653 	0.99995152 	0.99988549 	0.99998705 	0.97546504 	0.99993589 	0.99994087 	0.99985390 	0.97839081 	0.99914144 	0.99732563 	
0.99988978 	0.99998630 	0.99999727 	0.99998470 	0.98309203 	0.99054653 	0.99995152 	0.99988549 	0.99998705 	0.97546504 	0.99993589 	0.99994087 	0.99985390 	0.97839081 	0.99914144 	0.99732563 	
0.99988978 	0.99998630 	0.99999727 	0.99998470 	0.98309203 	0.99054653 	0.99995391 	0.99988549 	0.99998705 	0.97546504 	0.99993589 	0.99994087 	0.99985390 	0.97839081 	0.99914144 	0.99732563 	
0.99988978 	0.99998630 	0.99999727 	0.99998470 	0.98309203 	0.99054653 	0.99995391 	0.99988549 	0.99998705 	0.97546504 	0.99993589 	0.99994087 	0.99985390 	0.97839081 	0.99914144 	0.99732563 	
0.99988978 	0.99998630 	0.99999727 	0.99998470 	0.98309203 	0.99054653 	0.99995391 	0.99988549 	0.99998705 	0.97546504 	0.99993589 	0.99994087 	0.99985390 	0.97839081 	0.99914144 	0.99732563 	
0.99988978 	0.99998630 	0.99999727 	0.99998470 	0.98309203 	0.99054653 	0.99995391 	0.99988549 	0.99998705 	0.97546504 	0.99993589 	0.99994087 	0.99985390 	0.97839081 	0.99914144 	0.99732563 	
0.99988978 	0.99998630 	0.99999727 	0.99998470 	0.98309203 	0.99054653 	0.99995391 	0.99988549 	0.99998705 	0.97546504 	0.99993589 	0.99994087 	0.99985390 	0.97839081 	0.99914144 	0.99732563 	
0.99988978 	0.99998630 	0.99999727 	0.99998470 	0.98309203 	0.99054653 	0.99995391 	0.99988549 	0.99998705 	0.97546504 	0.99993589 	0.99994087 	0.99985390 	0.97839081 	0.99914144 	0.99732563 	
0.99988978 	0.99998630 	0.99999727 	0.99998470 	0.98309203 	0.99054653 	0.99995391 	0.99988549 	0.99998705 	0.97546504 	0.99993589 	0.99994087 	0.99997679 	0.97839081 	0.99914144 	0.99732563 	
0.99988978 	0.99998630 	0.99999727 	0.99998470 	0.98309203 	0.99054653 	0.99995391 	0.99988549 	0.99998705 	0.97546504 	0.99993589 	0.99994087 	0.99997679 	0.97839081 	0.99914144 	0.99732563 	
0.99988978 	0.99998630 	0.99999727 	0.99998470 	0.98309203 	0.99054653 	0.99995391 	0.99988549 	0.99998705 	0.97546504 	0.99993589 	0.99994087 	0.99997679 	0.97839081 	0.99914144 	0.99732563 	
0.99988978 	0.99998630 	0.99999727 	0.99998470 	0.98309203 	0.99054653 	0.99995391 	0.99988549 	0.99998705 	0.97546504 	0.99993589 	0.99994087 	0.99997679 	0.97839081 	0.99914144 	0.99732563 	
0.99990904 	0.99998630 	0.99999727 	0.99998470 	0.98309203 	0.99054653 	0.99995391 	0.99988549 	0.99998705 	0.97546504 	0.99993589 	0.99994087 	0.99997679 	0.97839081 	0.99914144 	0.99732563 	
0.99990904 	0.99998630 	0.99999727 	0.99998470 	0.98309203 	0.99054653 	0.99995391 	0.99988549 	0.99998705 	0.97546504 	0.99993589 	0.99994087 	0.99997679 	0.97839081 	0.99914144 	0.99732563 	
0.99990904 	0.99998630 	0.99999995 	0.99998470 	0.98309203 	0.99054653 	0.99995391 	0.99988549 	0.99998705 	0.97546504 	0.99993589 	0.99994087 	0.99997679 	0.97839081 	0.99914144 	0.99732563 	
0.99990904 	0.99998630 	0.99999995 	0.99998470 	0.98309203 	0.99054653 	0.99995391 	0.99988549 	0.99998705 	0.97546504 	0.99993589 	0.99994087 	0.99997679 	0.97839081 	0.99914144 	0.99732563 	
0.99990904 	0.99998630 	0.99999995 	0.99998470 	0.98309203 	0.99054653 	0.99995391 	0.99988549 	0.99998705 	0.97546504 	0.99993589 	0.99994087 	0.99997679 	0.97839081 	0.99914144 	0.99732563 	
0.99990904 	0.99998630 	0.99999995 	0.99998470 	0.98309203 	0.99054653 	0.99995391 	0.99988549 	0.99998705 	0.97546504 	0.99993589 	0.99994087 	0.99997679 	0.97839081 	0.99914144 	0.99732563 	
0.99990904 	0.99998630 	0.99999995 	0.99998470 	0.98309203 	0.99054653 	0.99995391 	0.99988549 	0.99998705 	0.97546504 	0.99993589 	0.99994087 	0.99997679 	0.97839081 	0.99914144 	0.99732563 	
0.99990904 	0.99998630 	0.99999995 	0.99998470 	0.98309203 	0.99054653 	0.99995391 	0.99995093 	0.99998705 	0.97546504 	0.99993589 	0.99994087 	0.99997679 	0.97839081 	0.99914144 	0.99732563 	
0.99990904 	0.99998630 	0.99999995 	0.99998470 	0.98309203 	0.99054653 	0.99995391 	0.99995093 	0.99998705 	0.97546504 	0.99993589 	0.99994087 	0.99997679 	0.97839081 	0.99914144 	0.99732563 	
0.99990904 	0.99998630 	0.99999995 	0.99998470 	0.98309203 	0.99054653 	0.99995391 	0.99995093 	0.99998705 	0.97539961 	0.99993589 	0.99994087 	0.99997679 	0.97839081 	0.99914144 	0.99732563 	
0.99990904 	0.99998630 	0.99999995 	0.99998470 	0.98309203 	0.99054653 	0.99995391 	0.99995093 	0.99998705 	0.97539961 	0.99998780 	0.99994087 	0.99997679 	0.97839081 	0.99914144 	0.99732563 	
0.99990904 	0.99998630 	0.99999995 	0.99998470 	0.98309203 	0.99054653 	0.99995391 	0.99995093 	0.99998705 	0.97539961 	0.99998780 	0.99996610 	0.99997679 	0.97839081 	0.99914144 	0.99732563 	
0.99990904 	0.99998630 	0.99999995 	0.99998470 	0.98309203 	0.99054653 	0.99995391 	0.99995093 	0.99998705 	0.97539961 	0.99998780 	0.99996610 	0.99997679 	0.97839081 	0.99914144 	0.99732563 	
0.99990904 	0.99998630 	0.99999995 	0.99998470 	0.98309203 	0.99054653 	0.99995391 	0.99995093 	0.99998705 	0.97539961 	0.99998780 	0.99996610 	0.99997679 	0.97839081 	0.99914144 	0.99732563 	
0.99990904 	0.99998630 	0.99999995 	0.99998470 	0.98309203 	0.99054653 	0.99995391 	0.99995093 	0.99998705 	0.97539961 	0.99998780 	0.99996610 	0.99997679 	0.97839081 	0.99923733 	0.99732563 	
0.99990904 	0.99998630 	0.99999995 	0.99998470 	0.98309203 	0.99054653 	0.99995391 	0.99995093 	0.99998705 	0.97539961 	0.99998780 	0.99996610 	0.99997679 	0.97839081 	0.99923733 	0.99732563 	
0.99995700 	0.99998630 	0.99999995 	0.99998470 	0.98309203 	0.99054653 	0.99995391 	0.99995093 	0.99998705 	0.97539961 	0.99998780 	0.99996610 	0.99997679 	0.97839081 	0.99923733 	0.99732563 	
0.99995700 	0.99999426 	0.99999995 	0.99998470 	0.98309203 	0.99054653 	0.99995391 	0.99995093 	0.99998705 	0.97539961 	0.99998780 	0.99996610 	0.99997679 	0.97839081 	0.99923733 	0.99732563 	
0.99995700 	0.99999426 	0.99999995 	0.99998470 	0.98309203 	0.99054653 	0.99995391 	0.99995093 	0.99998705 	0.97539961 	0.99998780 	0.99996610 	0.99997679 	0.97839081 	0.99923733 	0.99732563 	
0.99995700 	0.99999426 	0.99999995 	0.99998470 	0.98309203 	0.99054653 	0.99995391 	0.99995093 	0.99998705 	0.97539961 	0.99998780 	0.99996610 	0.99997679 	0.97839081 	0.99923733 	0.99732563 	
0.99995700 	0.99999426 	0.99999995 	0.99998470 	0.98309203 	0.99054653 	0.99995391 	0.99995093 	0.99998705 	0.97539961 	0.99998780 	0.99996610 	0.99997679 	0.97839081 	0.99923733 	0.99732563 	
0.99995700 	0.99999426 	0.99999995 	0.99998470 	0.98309203 	0.99054653 	0.99995391 	0.99995093 	0.99998705 	0.97539961 	0.99998780 	0.99996610 	0.99997679 	0.97839081 	0.99923733 	0.99732563 	
0.99995700 	0.99999426 	0.99999995 	0.99998470 	0.98309203 	0.99054653 	0.99999147 	0.99995093 	0.99998705 	0.97539961 	0.99998780 	0.99996610 	0.99997679 	0.97839081 	0.99923733 	0.99732563 	
0.99995700 	0.99999426 	0.99999995 	0.99998470 	0.98309203 	0.99054653 	0.99999147 	0.99997982 	0.99998705 	0.97539961 	0.99998780 	0.99996610 	0.99997679 	0.97839081 	0.99923733 	0.99732563 	
0.99995700 	0.99999426 	0.99999995 	0.99998470 	0.98309203 	0.99054653 	0.99999147 	0.99997982 	0.99999646 	0.97539961 	0.99998780 	0.99996610 	0.99997679 	0.97839081 	0.99923733 	0.99732563 	
0.99995700 	0.99999426 	0.99999995 	0.99998470 	0.98309203 	0.99054653 	0.99999147 	0.99997982 	0.99999646 	0.97520559 	0.99998780 	0.99996610 	0.99997679 	0.97839081 	0.99923733 	0.99732563 	
0.99995700 	0.99999426 	0.99999995 	0.99998470 	0.98309203 	0.99054653 	0.99999147 	0.99997982 	0.99999646 	0.97520559 	0.99998905 	0.99996610 	0.99997679 	0.97839081 	0.99923733 	0.99732563 	
0.99995700 	0.99999426 	0.99999995 	0.99998470 	0.98309203 	0.99054653 	0.99999147 	0.99997982 	0.99999646 	0.97520559 	0.99998905 	0.99996610 	0.99997679 	0.97839081 	0.99923733 	0.99732563 	
0.99995700 	0.99999426 	0.99999995 	0.99998470 	0.98309203 	0.99054653 	0.99999147 	0.99997982 	0.99999646 	0.97520559 	0.99998905 	0.99996610 	0.99999048 	0.97839081 	0.99923733 	0.99732563 	
0.99995700 	0.99999426 	0.99999995 	0.99998470 	0.98309203 	0.99054653 	0.99999147 	0.99997982 	0.99999646 	0.97520559 	0.99998905 	0.99996610 	0.99999048 	0.97839081 	0.99923733 	0.99732563 	
0.99995700 	0.99999426 	0.99999995 	0.99998470 	0.98309203 	0.99054653 	0.99999147 	0.99997982 	0.99999646 	0.97520559 	0.99998905 	0.99996610 	0.99999048 	0.97839081 	0.99923733 	0.99732563 	
0.99995700 	0.99999426 	0.99999995 	0.99998470 	0.98309203 	0.99054653 	0.99999147 	0.99997982 	0.99999646 	0.97520559 	0.99998905 	0.99996610 	0.99999048 	0.97839081 	0.99923733 	0.99732563 	
0.99998514 	0.99999426 	0.99999995 	0.99998470 	0.98309203 	0.99054653 	0.99999147 	0.99997982 	0.99999646 	0.97520559 	0.99998905 	0.99996610 	0.99999048 	0.97839081 	0.99923733 	0.99732563 	
0.99998514 	0.99999551 	0.99999995 	0.99998470 	0.98309203 	0.99054653 	0.99999147 	0.99997982 	0.99999646 	0.97520559 	0.99998905 	0.99996610 	0.99999048 	0.97839081 	0.99923733 	0.99732563 	
0.99998514 	0.99999551 	0.99999995 	0.99998470 	0.98309203 	0.99054653 	0.99999147 	0.99997982 	0.99999646 	0.97520559 	0.99998905 	0.99996610 	0.99999048 	0.97839081 	0.99923733 	0.99732563 	
0.99998514 	0.99999551 	0.99999995 	0.99998470 	0.98309203 	0.99054653 	0.99999147 	0.99997982 	0.99999646 	0.97520559 	0.99998905 	0.99996610 	0.99999048 	0.97839081 	0.99923733 	0.99732563 	
0.99998514 	0.99999551 	0.99999995 	0.99998470 	0.98315203 	0.99054653 	0.99999147 	0.99997982 	0.99999646 	0.97520559 	0.99998905 	0.99996610 	0.99999048 	0.97839081 	0.99923733 	0.99732563 	
0.99998514 	0.99999551 	0.99999995 	0.99998470 	0.98315203 	0.99054653 	0.99999147 	0.99997982 	0.99999646 	0.97520559 	0.99998905 	0.99996610 	0.99999048 	0.97839081 	0.99923733 	0.99732563 	
0.99998514 	0.99999551 	0.99999995 	0.99998470 	0.98315203 	0.99054653 	0.99999147 	0.99997982 	0.99999646 	0.97520559 	0.99998905 	0.99996610 	0.99999048 	0.97839081 	0.99923733 	0.99732563 	
0.99998514 	0.99999551 	0.99999995 	0.99998470 	0.98315203 	0.99054653 	0.99999147 	0.99997982 	0.99999646 	0.97520559 	0.99998905 	0.99996610 	0.99999048 	0.97839081 	0.99923733 	0.99732563 	
0.99998514 	0.99999551 	0.99999995 	0.99998470 	0.98315203 	0.99054653 	0.99999147 	0.99997982 	0.99999646 	0.97520559 	0.99998905 	0.99996610 	0.99999048 	0.97839081 	0.99923733 	0.99732563 	
0.99998514 	0.99999551 	0.99999995 	0.99998470 	0.98315203 	0.99054653 	0.99999147 	0.99997982 	0.99999646 	0.97520559 	0.99998905 	0.99996610 	0.99999048 	0.97839081 	0.99923733 	0.99732563 	
0.99998514 	0.99999551 	0.99999995 	0.99998470 	0.98315203 	0.99054653 	0.99999147 	0.99997982 	0.99999646 	0.97520559 	0.99998920 	0.99996610 	0.99999048 	0.97839081 	0.99923733 	0.99732563 	
0.99998514 	0.99999551 	0.99999995 	0.99998470 	0.98315203 	0.99054653 	0.99999147 	0.99997982 	0.99999646 	0.97520559 	0.99998920 	0.99998739 	0.99999048 	0.97839081 	0.99923733 	0.99732563 	
0.99998514 	0.99999551 	0.99999995 	0.99998470 	0.98315203 	0.99054653 	0.99999147 	0.99997982 	0.99999646 	0.97520559 	0.99998920 	0.99998739 	0.99999048 	0.97839081 	0.99923733 	0.99732563 	
0.99998514 	0.99999551 	0.99999995 	0.99998470 	0.98315203 	0.99054653 	0.99999147 	0.99997982 	0.99999646 	0.97520559 	0.99998920 	0.99998739 	0.99999048 	0.97839081 	0.99923733 	0.99732563 	
0.99998514 	0.99999551 	0.99999995 	0.99998470 	0.98315203 	0.99054653 	0.99999147 	0.99997982 	0.99999646 	0.97520559 	0.99998920 	0.99998739 	0.99999048 	0.97839081 	0.99974773 	0.99732563 	
0.99998514 	0.99999551 	0.99999995 	0.99998470 	0.98315203 	0.99054653 	0.99999147 	0.99997982 	0.99999646 	0.97520559 	0.99998920 	0.99998739 	0.99999048 	0.97839081 	0.99974773 	0.99732563 	
0.99999933 	0.99999551 	0.99999995 	0.99998470 	0.98315203 	0.99054653 	0.99999147 	0.99997982 	0.99999646 	0.97520559 	0.99998920 	0.99998739 	0.99999048 	0.97839081 	0.99974773 	0.99732563 	
0.99999933 	0.99999551 	0.99999995 	0.99998470 	0.98315203 	0.99054653 	0.99999147 	0.99997982 	0.99999646 	0.97520559 	0.99998920 	0.99998739 	0.99999048 	0.97839081 	0.99974773 	0.99732563 	
0.99999933 	0.99999551 	0.99999995 	0.99998470 	0.98315203 	0.99054653 	0.99999147 	0.99997982 	0.99999646 	0.97520559 	0.99998920 	0.99998739 	0.99999048 	0.97839081 	0.99974773 	0.99732563 	
0.99999933 	0.99999551 	0.99999995 	0.99998470 	0.98315203 	0.99054653 	0.99999147 	0.99997982 	0.99999646 	0.97520559 	0.99998920 	0.99998739 	0.99999048 	0.97839081 	0.99974773 	0.99732563 	
0.99999933 	0.99999551 	0.99999995 	0.99998470 	0.98360058 	0.99054653 	0.99999147 	0.99997982 	0.99999646 	0.97520559 	0.99998920 	0.99998739 	0.99999048 	0.97839081 	0.99974773 	0.99732563 	
0.99999933 	0.99999551 	0.99999995 	0.99998470 	0.98360058 	0.99054653 	0.99999147 	0.99997982 	0.99999646 	0.97520559 	0.99998920 	0.99998739 	0.99999048 	0.97839081 	0.99974773 	0.99732563 	
0.99999933 	0.99999551 	0.99999995 	0.99998470 	0.98360058 	0.99054653 	0.99999849 	0.99997982 	0.99999646 	0.97520559 	0.99998920 	0.99998739 	0.99999048 	0.97839081 	0.99974773 	0.99732563 	
0.99999933 	0.99999551 	0.99999995 	0.99998470 	0.98360058 	0.99054653 	0.99999849 	0.99999253 	0.99999646 	0.97520559 	0.99998920 	0.99998739 	0.99999048 	0.97839081 	0.99974773 	0.99732563 	
0.99999933 	0.99999551 	0.99999995 	0.99998470 	0.98360058 	0.99054653 	0.99999849 	0.99999253 	0.99999646 	0.97520559 	0.99998920 	0.99998739 	0.99999048 	0.97839081 	0.99974773 	0.99732563 	
0.99999933 	0.99999551 	0.99999995 	0.99998470 	0.98360058 	0.99054653 	0.99999849 	0.99999253 	0.99999646 	0.97520559 	0.99998920 	0.99998739 	0.99999048 	0.97839081 	0.99974773 	0.99732563 	
0.99999933 	0.99999551 	0.99999995 	0.99998470 	0.98360058 	0.99054653 	0.99999849 	0.99999253 	0.99999646 	0.97520559 	0.99999800 	0.99998739 	0.99999048 	0.97839081 	0.99974773 	0.99732563 	
0.99999933 	0.99999551 	0.99999995 	0.99998470 	0.98360058 	0.99054653 	0.99999849 	0.99999253 	0.99999646 	0.97520559 	0.99999800 	0.99998739 	0.99999048 	0.97839081 	0.99974773 	0.99732563 	
0.99999933 	0.99999551 	0.99999995 	0.99998470 	0.98360058 	0.99054653 	0.99999849 	0.99999253 	0.99999646 	0.97520559 	0.99999800 	0.99998739 	0.99999048 	0.97839081 	0.99974773 	0.99732563 	
0.99999933 	0.99999551 	0.99999995 	0.99998470 	0.98360058 	0.99054653 	0.99999849 	0.99999253 	0.99999646 	0.97520559 	0.99999800 	0.99998739 	0.99999048 	0.97829874 	0.99974773 	0.99732563 	
0.99999933 	0.99999551 	0.99999995 	0.99998470 	0.98360058 	0.99054653 	0.99999849 	0.99999253 	0.99999646 	0.97520559 	0.99999800 	0.99998739 	0.99999048 	0.97829874 	0.99995683 	0.99732563 	
0.99999933 	0.99999551 	0.99999995 	0.99998470 	0.98360058 	0.99054653 	0.99999849 	0.99999253 	0.99999646 	0.97520559 	0.99999800 	0.99998739 	0.99999048 	0.97829874 	0.99995683 	0.99732563 	
0.99999971 	0.99999551 	0.99999995 	0.99998470 	0.98360058 	0.99054653 	0.99999849 	0.99999253 	0.99999646 	0.97520559 	0.99999800 	0.99998739 	0.99999048 	0.97829874 	0.99995683 	0.99732563 	
0.99999971 	0.99999551 	0.99999995 	0.99998470 	0.98360058 	0.99054653 	0.99999849 	0.99999253 	0.99999646 	0.97520559 	0.99999800 	0.99998739 	0.99999048 	0.97829874 	0.99995683 	0.99732563 	
0.99999971 	0.99999551 	0.99999995 	0.99998470 	0.98360058 	0.99054653 	0.99999849 	0.99999253 	0.99999646 	0.97520559 	0.99999800 	0.99998739 	0.99999048 	0.97829874 	0.99995683 	0.99732563 	
0.99999971 	0.99999551 	0.99999995 	0.99998559 	0.98360058 	0.99054653 	0.99999849 	0.99999253 	0.99999646 	0.97520559 	0.99999800 	0.99998739 	0.99999048 	0.97829874 	0.99995683 	0.99732563 	
0.99999971 	0.99999551 	0.99999995 	0.99998559 	0.98360058 	0.99054653 	0.99999849 	0.99999253 	0.99999646 	0.97520559 	0.99999800 	0.99998739 	0.99999048 	0.97829874 	0.99995683 	0.99732563 	
0.99999971 	0.99999551 	0.99999995 	0.99998559 	0.98360058 	0.99034219 	0.99999849 	0.99999253 	0.99999646 	0.97520559 	0.99999800 	0.99998739 	0.99999048 	0.97829874 	0.99995683 	0.99732563 	
0.99999971 	0.99999551 	0.99999995 	0.99998559 	0.98360058 	0.99034219 	0.99999866 	0.99999253 	0.99999646 	0.97520559 	0.99999800 	0.99998739 	0.99999048 	0.97829874 	0.99995683 	0.99732563 	
0.99999971 	0.99999551 	0.99999995 	0.99998559 	0.98360058 	0.99034219 	0.99999866 	0.99999253 	0.99999646 	0.97520559 	0.99999800 	0.99998739 	0.99999048 	0.97829874 	0.99995683 	0.99732563 	
0.99999971 	0.99999551 	0.99999995 	0.99998559 	0.98360058 	0.99034219 	0.99999866 	0.99999253 	0.99999833 	0.97520559 	0.99999800 	0.99998739 	0.99999048 	0.97829874 	0.99995683 	0.99732563 	
0.99999971 	0.99999551 	0.99999995 	0.99998559 	0.98360058 	0.99034219 	0.99999866 	0.99999253 	0.99999833 	0.97520559 	0.99999800 	0.99998739 	0.99999048 	0.97829874 	0.99995683 	0.99732563 	
0.99999971 	0.99999551 	0.99999995 	0.99998559 	0.98360058 	0.99034219 	0.99999866 	0.99999253 	0.99999833 	0.97520559 	0.99999800 	0.99998739 	0.99999048 	0.97829874 	0.99995683 	0.99732563 	
0.99999971 	0.99999551 	0.99999995 	0.99998559 	0.98360058 	0.99034219 	0.99999866 	0.99999253 	0.99999833 	0.97520559 	0.99999800 	0.99999892 	0.99999048 	0.97829874 	0.99995683 	0.99732563 	
0.99999971 	0.99999551 	0.99999995 	0.99998559 	0.98360058 	0.99034219 	0.99999866 	0.99999253 	0.99999833 	0.97520559 	0.99999800 	0.99999892 	0.99999755 	0.97829874 	0.99995683 	0.99732563 	
0.99999971 	0.99999551 	0.99999995 	0.99998559 	0.98360058 	0.99034219 	0.99999866 	0.99999253 	0.99999833 	0.97520559 	0.99999800 	0.99999892 	0.99999755 	0.97829874 	0.99995683 	0.99732563 	
0.99999971 	0.99999551 	0.99999995 	0.99998559 	0.98360058 	0.99034219 	0.99999866 	0.99999253 	0.99999833 	0.97520559 	0.99999800 	0.99999892 	0.99999755 	0.97829874 	0.99995683 	0.99732563 	
0.99999971 	0.99999551 	0.99999995 	0.99998559 	0.98360058 	0.99034219 	0.99999866 	0.99999253 	0.99999833 	0.97520559 	0.99999800 	0.99999892 	0.99999755 	0.97829874 	0.99995683 	0.99732563 	
0.99999971 	0.99999551 	0.99999995 	0.99998559 	0.98360058 	0.99034219 	0.99999866 	0.99999253 	0.99999833 	0.97520559 	0.99999800 	0.99999892 	0.99999755 	0.97829874 	0.99995683 	0.99732563 	
0.99999971 	0.99999551 	0.99999995 	0.99998559 	0.98360058 	0.99034219 	0.99999866 	0.99999253 	0.99999833 	0.97520559 	0.99999800 	0.99999892 	0.99999755 	0.97829874 	0.99995683 	0.99732563 	
0.99999971 	0.99999551 	0.99999995 	0.99998559 	0.98360058 	0.99034219 	0.99999866 	0.99999253 	0.99999833 	0.97520559 	0.99999800 	0.99999892 	0.99999755 	0.97829874 	0.99995683 	0.99732563 	
0.99999971 	0.99999551 	0.99999995 	0.99999792 	0.98360058 	0.99034219 	0.99999866 	0.99999253 	0.99999833 	0.97520559 	0.99999800 	0.99999892 	0.99999755 	0.97829874 	0.99995683 	0.99732563 	
0.99999971 	0.99999551 	0.99999995 	0.99999792 	0.98360058 	0.99034219 	0.99999866 	0.99999253 	0.99999833 	0.97520559 	0.99999800 	0.99999892 	0.99999755 	0.97829874 	0.99995683 	0.99732563 	
0.99999971 	0.99999551 	0.99999995 	0.99999792 	0.98360058 	0.99034385 	0.99999866 	0.99999253 	0.99999833 	0.97520559 	0.99999800 	0.99999892 	0.99999755 	0.97829874 	0.99995683 	0.99732563 	
0.99999971 	0.99999551 	0.99999995 	0.99999792 	0.98360058 	0.99034385 	0.99999866 	0.99999253 	0.99999833 	0.97520559 	0.99999800 	0.99999892 	0.99999755 	0.97829874 	0.99995683 	0.99732563 	
0.99999971 	0.99999551 	0.99999995 	0.99999792 	0.98360058 	0.99034385 	0.99999866 	0.99999253 	0.99999833 	0.97520559 	0.99999800 	0.99999892 	0.99999755 	0.97829874 	0.99995683 	0.99732563 	
0.99999971 	0.99999551 	0.99999995 	0.99999792 	0.98360058 	0.99034385 	0.99999866 	0.99999253 	0.99999833 	0.97520559 	0.99999800 	0.99999892 	0.99999755 	0.97829874 	0.99995683 	0.99732563 	
0.99999971 	0.99999551 	0.99999995 	0.99999792 	0.98360058 	0.99034385 	0.99999866 	0.99999253 	0.99999833 	0.97510064 	0.99999800 	0.99999892 	0.99999755 	0.97829874 	0.99995683 	0.99732563 	
0.99999971 	0.99999551 	0.99999995 	0.99999792 	0.98360058 	0.99034385 	0.99999866 	0.99999253 	0.99999833 	0.97510064 	0.99999800 	0.99999892 	0.99999755 	0.97829874 	0.99995683 	0.99732563 	
0.99999971 	0.99999551 	0.99999995 	0.99999792 	0.98360058 	0.99034385 	0.99999866 	0.99999253 	0.99999833 	0.97510064 	0.99999800 	0.99999892 	0.99999755 	0.97829874 	0.99995683 	0.99732563 	
0.99999971 	0.99999551 	0.99999995 	0.99999792 	0.98360058 	0.99034385 	0.99999866 	0.99999253 	0.99999833 	0.97510064 	0.99999800 	0.99999892 	0.99999805 	0.97829874 	0.99995683 	0.99732563 	
0.99999971 	0.99999551 	0.99999995 	0.99999792 	0.98360058 	0.99034385 	0.99999866 	0.99999253 	0.99999833 	0.97510064 	0.99999800 	0.99999892 	0.99999805 	0.97825200 	0.99995683 	0.99732563 	
0.99999971 	0.99999551 	0.99999995 	0.99999792 	0.98360058 	0.99034385 	0.99999866 	0.99999253 	0.99999833 	0.97510064 	0.99999800 	0.99999892 	0.99999805 	0.97825200 	0.99997741 	0.99732563 	
0.99999971 	0.99999551 	0.99999995 	0.99999792 	0.98360058 	0.99034385 	0.99999866 	0.99999253 	0.99999833 	0.97510064 	0.99999800 	0.99999892 	0.99999805 	0.97825200 	0.99997741 	0.99732563 	
0.99999971 	0.99999551 	0.99999995 	0.99999792 	0.98360058 	0.99034385 	0.99999866 	0.99999253 	0.99999833 	0.97510064 	0.99999800 	0.99999892 	0.99999805 	0.97825200 	0.99997741 	0.99732563 	
0.99999971 	0.99999551 	0.99999995 	0.99999792 	0.98360058 	0.99034385 	0.99999866 	0.99999253 	0.99999833 	0.97510064 	0.99999800 	0.99999892 	0.99999805 	0.97825200 	0.99997741 	0.99732563 	
0.99999971 	0.99999551 	0.99999995 	0.99999792 	0.98360058 	0.99034385 	0.99999866 	0.99999253 	0.99999833 	0.97510064 	0.99999800 	0.99999892 	0.99999805 	0.97825200 	0.99997741 	0.99732563 	
0.99999971 	0.99999551 	0.99999995 	0.99999792 	0.98360058 	0.99034385 	0.99999866 	0.99999253 	0.99999833 	0.97510064 	0.99999800 	0.99999892 	0.99999805 	0.97825200 	0.99997741 	0.99732563 	
0.99999971 	0.99999551 	0.99999995 	0.99999792 	0.98360058 	0.99034385 	0.99999866 	0.99999253 	0.99999833 	0.97510064 	0.99999800 	0.99999892 	0.99999805 	0.97825200 	0.99997741 	0.99732563 	
0.99999971 	0.99999551 	0.99999995 	0.99999792 	0.98360058 	0.99038031 	0.99999866 	0.99999253 	0.99999833 	0.97510064 	0.99999800 	0.99999892 	0.99999805 	0.97825200 	0.99997741 	0.99732563 	
0.99999971 	0.99999551 	0.99999995 	0.99999792 	0.98360058 	0.99038031 	0.99999866 	0.99999253 	0.99999833 	0.97510064 	0.99999800 	0.99999892 	0.99999805 	0.97825200 	0.99997741 	0.99732563 	
0.99999971 	0.99999551 	0.99999995 	0.99999792 	0.98360058 	0.99038031 	0.99999866 	0.99999253 	0.99999833 	0.97510064 	0.99999800 	0.99999892 	0.99999805 	0.97825200 	0.99997741 	0.99732563 	
0.99999971 	0.99999551 	0.99999995 	0.99999792 	0.98360058 	0.99038031 	0.99999866 	0.99999253 	0.99999833 	0.97510064 	0.99999800 	0.99999892 	0.99999805 	0.97825200 	0.99997741 	0.99732563 	
0.99999971 	0.99999551 	0.99999995 	0.99999792 	0.98360058 	0.99038031 	0.99999866 	0.99999253 	0.99999833 	0.97495349 	0.99999800 	0.99999892 	0.99999805 	0.97825200 	0.99997741 	0.99732563 	
0.99999971 	0.99999551 	0.99999995 	0.99999792 	0.98360058 	0.99038031 	0.99999866 	0.99999253 	0.99999833 	0.97495349 	0.99999800 	0.99999892 	0.99999805 	0.97825200 	0.99997741 	0.99732563 	
0.99999971 	0.99999551 	0.99999995 	0.99999792 	0.98360058 	0.99038031 	0.99999866 	0.99999253 	0.99999833 	0.97495349 	0.99999800 	0.99999892 	0.99999805 	0.97825200 	0.99997741 	0.99732563 	
0.99999971 	0.99999551 	0.99999995 	0.99999792 	0.98360058 	0.99038031 	0.99999866 	0.99999253 	0.99999833 	0.97495349 	0.99999800 	0.99999892 	0.99999805 	0.97825200 	0.99997741 	0.99732563 	
0.99999971 	0.99999551 	0.99999995 	0.99999792 	0.98360058 	0.99038031 	0.99999866 	0.99999253 	0.99999833 	0.97495349 	0.99999800 	0.99999892 	0.99999805 	0.97825200 	0.99997741 	0.99732563 	
0.99999971 	0.99999551 	0.99999995 	0.99999792 	0.98360058 	0.99038031 	0.99999866 	0.99999253 	0.99999833 	0.97495349 	0.99999800 	0.99999892 	0.99999805 	0.97825200 	0.99997741 	0.99732563 	
0.99999971 	0.99999551 	0.99999995 	0.99999792 	0.98360058 	0.99038031 	0.99999866 	0.99999253 	0.99999833 	0.97495349 	0.99999800 	0.99999892 	0.99999805 	0.97825200 	0.99997741 	0.99732563 	
0.99999971 	0.99999551 	0.99999995 	0.99999792 	0.98360058 	0.99038031 	0.99999866 	0.99999253 	0.99999833 	0.97495349 	0.99999800 	0.99999892 	0.99999805 	0.97825200 	0.99997741 	0.99732563 	
0.99999971 	0.99999610 	0.99999995 	0.99999792 	0.98360058 	0.99038031 	0.99999866 	0.99999253 	0.99999833 	0.97495349 	0.99999800 	0.99999892 	0.99999805 	0.97825200 	0.99997741 	0.99732563 	
0.99999971 	0.99999610 	0.99999995 	0.99999792 	0.98360058 	0.99038031 	0.99999866 	0.99999253 	0.99999833 	0.97495349 	0.99999800 	0.99999892 	0.99999805 	0.97825200 	0.99997741 	0.99732563 	
0.99999971 	0.99999610 	0.99999995 	0.99999792 	0.98360058 	0.99038031 	0.99999866 	0.99999253 	0.99999833 	0.97495349 	0.99999800 	0.99999892 	0.99999805 	0.97825200 	0.99997741 	0.99732563 	
0.99999971 	0.99999610 	0.99999995 	0.99999792 	0.98360058 	0.99038031 	0.99999866 	0.99999253 	0.99999833 	0.97495349 	0.99999800 	0.99999892 	0.99999805 	0.97825200 	0.99997741 	0.99732563 	
0.99999971 	0.99999610 	0.99999995 	0.99999792 	0.98360058 	0.99038031 	0.99999866 	0.99999253 	0.99999833 	0.97495349 	0.99999800 	0.99999892 	0.99999805 	0.97825200 	0.99997741 	0.99732563 	
0.99999971 	0.99999610 	0.99999995 	0.99999792 	0.98360058 	0.99038031 	0.99999866 	0.99999253 	0.99999833 	0.97495349 	0.99999800 	0.99999892 	0.99999805 	0.97825200 	0.99997741 	0.99732563 	
0.99999971 	0.99999610 	0.99999995 	0.99999792 	0.98360058 	0.99038031 	0.99999866 	0.99999253 	0.99999833 	0.97495349 	0.99999800 	0.99999892 	0.99999805 	0.97825200 	0.99997741 	0.99732563 	
0.99999971 	0.99999610 	0.99999995 	0.99999792 	0.98360058 	0.99038031 	0.99999866 	0.99999253 	0.99999957 	0.97495349 	0.99999800 	0.99999892 	0.99999805 	0.97825200 	0.99997741 	0.99732563 	
0.99999971 	0.99999610 	0.99999995 	0.99999792 	0.98360058 	0.99038031 	0.99999866 	0.99999253 	0.99999957 	0.97372819 	0.99999800 	0.99999892 	0.99999805 	0.97825200 	0.99997741 	0.99732563 	
0.99999971 	0.99999610 	0.99999995 	0.99999792 	0.98360058 	0.99038031 	0.99999866 	0.99999253 	0.99999957 	0.97372819 	0.99999800 	0.99999892 	0.99999805 	0.97825200 	0.99997741 	0.99732563 	
0.99999971 	0.99999610 	0.99999995 	0.99999792 	0.98360058 	0.99038031 	0.99999866 	0.99999253 	0.99999957 	0.97372819 	0.99999800 	0.99999979 	0.99999805 	0.97825200 	0.99997741 	0.99732563 	
0.99999971 	0.99999610 	0.99999995 	0.99999792 	0.98360058 	0.99038031 	0.99999866 	0.99999253 	0.99999957 	0.97372819 	0.99999800 	0.99999979 	0.99999805 	0.97825200 	0.99997741 	0.99732563 	
0.99999971 	0.99999610 	0.99999995 	0.99999792 	0.98360058 	0.99038031 	0.99999866 	0.99999253 	0.99999957 	0.97372819 	0.99999800 	0.99999979 	0.99999805 	0.97825200 	0.99997741 	0.99732563 	
0.99999971 	0.99999610 	0.99999995 	0.99999792 	0.98360058 	0.99038031 	0.99999866 	0.99999253 	0.99999957 	0.97372819 	0.99999800 	0.99999979 	0.99999805 	0.97825200 	0.99997741 	0.99732563 	
0.99999971 	0.99999610 	0.99999995 	0.99999792 	0.98360058 	0.99038031 	0.99999866 	0.99999253 	0.99999957 	0.97372819 	0.99999800 	0.99999979 	0.99999805 	0.97825200 	0.99997741 	0.99732563 	
0.99999971 	0.99999610 	0.99999995 	0.99999792 	0.98360058 	0.99038031 	0.99999866 	0.99999253 	0.99999957 	0.97372819 	0.99999800 	0.99999979 	0.99999805 	0.97825200 	0.99997741 	0.99732563 	
0.99999971 	0.99999852 	0.99999995 	0.99999792 	0.98360058 	0.99038031 	0.99999866 	0.99999253 	0.99999957 	0.97372819 	0.99999800 	0.99999979 	0.99999805 	0.97825200 	0.99997741 	0.99732563 	
0.99999971 	0.99999852 	0.99999995 	0.99999792 	0.98360058 	0.99038031 	0.99999866 	0.99999253 	0.99999957 	0.97372819 	0.99999800 	0.99999979 	0.99999805 	0.97825200 	0.99997741 	0.99732563 	
0.99999971 	0.99999852 	0.99999995 	0.99999792 	0.98360058 	0.99038031 	0.99999866 	0.99999253 	0.99999957 	0.97372819 	0.99999800 	0.99999979 	0.99999805 	0.97825200 	0.99997741 	0.99732563 	
0.99999971 	0.99999852 	0.99999995 	0.99999792 	0.98360058 	0.99038031 	0.99999866 	0.99999253 	0.99999957 	0.97372819 	0.99999800 	0.99999979 	0.99999805 	0.97825200 	0.99997741 	0.99732563 	
0.99999971 	0.99999852 	0.99999995 	0.99999792 	0.98360058 	0.99038031 	0.99999866 	0.99999253 	0.99999957 	0.97372819 	0.99999800 	0.99999979 	0.99999805 	0.97825200 	0.99997741 	0.99732563 	
0.99999971 	0.99999852 	0.99999995 	0.99999792 	0.98360058 	0.99038031 	0.99999866 	0.99999253 	0.99999957 	0.97372819 	0.99999800 	0.99999979 	0.99999805 	0.97825200 	0.99997741 	0.99732563 	
0.99999971 	0.99999852 	0.99999995 	0.99999792 	0.98360058 	0.99038031 	0.99999866 	0.99999253 	0.99999957 	0.97372819 	0.99999800 	0.99999979 	0.99999805 	0.97825200 	0.99997741 	0.99732563 	
0.99999971 	0.99999852 	0.99999995 	0.99999792 	0.98360058 	0.99038031 	0.99999866 	0.99999253 	0.99999957 	0.97372819 	0.99999800 	0.99999979 	0.99999805 	0.97825200 	0.99997741 	0.99732563 	
0.99999971 	0.99999852 	0.99999995 	0.99999792 	0.98360058 	0.99038031 	0.99999866 	0.99999253 	0.99999957 	0.97368517 	0.99999800 	0.99999979 	0.99999805 	0.97825200 	0.99997741 	0.99732563 	
0.99999971 	0.99999852 	0.99999995 	0.99999792 	0.98360058 	0.99038031 	0.99999866 	0.99999253 	0.99999957 	0.97368517 	0.99999800 	0.99999979 	0.99999805 	0.97825200 	0.99997741 	0.99732563 	
0.99999971 	0.99999852 	0.99999995 	0.99999792 	0.98360058 	0.99038031 	0.99999866 	0.99999253 	0.99999957 	0.97368517 	0.99999800 	0.99999979 	0.99999805 	0.97825200 	0.99997741 	0.99732563 	
0.99999971 	0.99999852 	0.99999995 	0.99999792 	0.98360058 	0.99038031 	0.99999866 	0.99999253 	0.99999957 	0.97368517 	0.99999800 	0.99999979 	0.99999829 	0.97825200 	0.99997741 	0.99732563 	
0.99999971 	0.99999852 	0.99999995 	0.99999792 	0.98360058 	0.99038031 	0.99999866 	0.99999253 	0.99999957 	0.97368517 	0.99999800 	0.99999979 	0.99999829 	0.97825122 	0.99997741 	0.99732563 	
0.99999971 	0.99999852 	0.99999995 	0.99999792 	0.98360058 	0.99038031 	0.99999866 	0.99999253 	0.99999957 	0.97368517 	0.99999800 	0.99999979 	0.99999829 	0.97825122 	0.99997771 	0.99732563 	
0.99999971 	0.99999852 	0.99999995 	0.99999792 	0.98360058 	0.99038031 	0.99999866 	0.99999253 	0.99999957 	0.97368517 	0.99999800 	0.99999979 	0.99999829 	0.97825122 	0.99997771 	0.99746210 	
0.99999971 	0.99999852 	0.99999995 	0.99999792 	0.98360058 	0.99038031 	0.99999866 	0.99999253 	0.99999957 	0.97368517 	0.99999800 	0.99999979 	0.99999829 	0.97825122 	0.99997771 	0.99746210 	
0.99999971 	0.99999852 	0.99999995 	0.99999792 	0.98360058 	0.99038031 	0.99999866 	0.99999253 	0.99999957 	0.97368517 	0.99999800 	0.99999979 	0.99999829 	0.97825122 	0.99997771 	0.99746210 	
0.99999971 	0.99999852 	0.99999995 	0.99999792 	0.98360058 	0.99038031 	0.99999866 	0.99999253 	0.99999957 	0.97368517 	0.99999800 	0.99999979 	0.99999829 	0.97825122 	0.99997771 	0.99746210 	
0.99999971 	0.99999852 	0.99999995 	0.99999792 	0.98360058 	0.99038031 	0.99999866 	0.99999253 	0.99999957 	0.97368517 	0.99999800 	0.99999979 	0.99999829 	0.97825122 	0.99997771 	0.99746210 	
0.99999971 	0.99999852 	0.99999995 	0.99999792 	0.98331399 	0.99038031 	0.99999866 	0.99999253 	0.99999957 	0.97368517 	0.99999800 	0.99999979 	0.99999829 	0.97825122 	0.99997771 	0.99746210 	
0.99999971 	0.99999852 	0.99999995 	0.99999792 	0.98331399 	0.99042289 	0.99999866 	0.99999253 	0.99999957 	0.97368517 	0.99999800 	0.99999979 	0.99999829 	0.97825122 	0.99997771 	0.99746210 	
0.99999971 	0.99999852 	0.99999995 	0.99999792 	0.98331399 	0.99042289 	0.99999866 	0.99999253 	0.99999957 	0.97368517 	0.99999800 	0.99999979 	0.99999829 	0.97825122 	0.99997771 	0.99746210 	
0.99999971 	0.99999852 	0.99999995 	0.99999792 	0.98331399 	0.99042289 	0.99999866 	0.99999253 	0.99999957 	0.97368517 	0.99999800 	0.99999979 	0.99999829 	0.97825122 	0.99997771 	0.99746210 	
0.99999971 	0.99999852 	0.99999995 	0.99999792 	0.98331399 	0.99042289 	0.99999866 	0.99999253 	0.99999957 	0.97368517 	0.99999800 	0.99999979 	0.99999829 	0.97825122 	0.99997771 	0.99746210 	
0.99999971 	0.99999852 	0.99999995 	0.99999792 	0.98331399 	0.99042289 	0.99999866 	0.99999253 	0.99999957 	0.97368517 	0.99999800 	0.99999979 	0.99999829 	0.97825122 	0.99997771 	0.99746210 	
0.99999971 	0.99999852 	0.99999995 	0.99999792 	0.98331399 	0.99042289 	0.99999866 	0.99999253 	0.99999957 	0.97368517 	0.99999800 	0.99999979 	0.99999829 	0.97825122 	0.99997771 	0.99746210 	
0.99999971 	0.99999852 	0.99999995 	0.99999792 	0.98331399 	0.99042289 	0.99999866 	0.99999253 	0.99999957 	0.97368517 	0.99999800 	0.99999979 	0.99999829 	0.97825122 	0.99997771 	0.99746210 	
0.99999971 	0.99999852 	0.99999995 	0.99999792 	0.98331399 	0.99042289 	0.99999866 	0.99999253 	0.99999957 	0.97368517 	0.99999800 	0.99999979 	0.99999950 	0.97825122 	0.99997771 	0.99746210 	
0.99999971 	0.99999852 	0.99999995 	0.99999792 	0.98331399 	0.99042289 	0.99999866 	0.99999253 	0.99999957 	0.97368517 	0.99999800 	0.99999979 	0.99999950 	0.97825122 	0.99997771 	0.99746210 	
0.99999971 	0.99999852 	0.99999995 	0.99999792 	0.98331399 	0.99042289 	0.99999866 	0.99999253 	0.99999957 	0.97368517 	0.99999800 	0.99999979 	0.99999950 	0.97825122 	0.99997771 	0.99746210 	
0.99999971 	0.99999852 	0.99999995 	0.99999792 	0.98331399 	0.99042289 	0.99999866 	0.99999253 	0.99999957 	0.97368517 	0.99999800 	0.99999979 	0.99999950 	0.97825122 	0.99997771 	0.99746210 	
0.99999971 	0.99999852 	0.99999995 	0.99999792 	0.98331399 	0.99042289 	0.99999866 	0.99999253 	0.99999957 	0.97368517 	0.99999800 	0.99999979 	0.99999950 	0.97825122 	0.99997771 	0.99746210 	
0.99999971 	0.99999888 	0.99999995 	0.99999792 	0.98331399 	0.99042289 	0.99999866 	0.99999253 	0.99999957 	0.97368517 	0.99999800 	0.99999979 	0.99999950 	0.97825122 	0.99997771 	0.99746210 	
0.99999971 	0.99999888 	0.99999995 	0.99999792 	0.98331399 	0.99042289 	0.99999866 	0.99999253 	0.99999957 	0.97368517 	0.99999800 	0.99999979 	0.99999950 	0.97825122 	0.99997771 	0.99746210 	
0.99999971 	0.99999888 	0.99999995 	0.99999792 	0.98331399 	0.99042289 	0.99999866 	0.99999253 	0.99999957 	0.97368517 	0.99999800 	0.99999979 	0.99999950 	0.97825122 	0.99997771 	0.99746210 	
0.99999971 	0.99999888 	0.99999995 	0.99999792 	0.98341409 	0.99042289 	0.99999866 	0.99999253 	0.99999957 	0.97368517 	0.99999800 	0.99999979 	0.99999950 	0.97825122 	0.99997771 	0.99746210 	
0.99999971 	0.99999888 	0.99999995 	0.99999792 	0.98341409 	0.99038031 	0.99999866 	0.99999253 	0.99999957 	0.97368517 	0.99999800 	0.99999979 	0.99999950 	0.97825122 	0.99997771 	0.99746210 	
0.99999971 	0.99999888 	0.99999995 	0.99999792 	0.98341409 	0.99038031 	0.99999866 	0.99999253 	0.99999957 	0.97368517 	0.99999800 	0.99999979 	0.99999950 	0.97825122 	0.99997771 	0.99746210 	
0.99999971 	0.99999888 	0.99999995 	0.99999792 	0.98341409 	0.99038031 	0.99999866 	0.99999253 	0.99999957 	0.97368517 	0.99999800 	0.99999979 	0.99999950 	0.97825122 	0.99997771 	0.99746210 	
0.99999971 	0.99999888 	0.99999995 	0.99999792 	0.98341409 	0.99038031 	0.99999866 	0.99999253 	0.99999957 	0.97368517 	0.99999800 	0.99999979 	0.99999950 	0.97825122 	0.99997771 	0.99746210 	
0.99999971 	0.99999888 	0.99999995 	0.99999792 	0.98341409 	0.99038031 	0.99999866 	0.99999253 	0.99999957 	0.97361973 	0.99999800 	0.99999979 	0.99999950 	0.97825122 	0.99997771 	0.99746210 	
0.99999971 	0.99999888 	0.99999995 	0.99999792 	0.98341409 	0.99038031 	0.99999866 	0.99999253 	0.99999957 	0.97361973 	0.99999800 	0.99999979 	0.99999950 	0.97825122 	0.99997771 	0.99746210 	
0.99999971 	0.99999888 	0.99999995 	0.99999792 	0.98341409 	0.99038031 	0.99999866 	0.99999253 	0.99999957 	0.97361973 	0.99999800 	0.99999979 	0.99999950 	0.97825122 	0.99997771 	0.99746210 	
0.99999971 	0.99999888 	0.99999995 	0.99999792 	0.98341409 	0.99038031 	0.99999866 	0.99999253 	0.99999957 	0.97361973 	0.99999800 	0.99999979 	0.99999993 	0.97825122 	0.99997771 	0.99746210 	
0.99999971 	0.99999888 	0.99999995 	0.99999792 	0.98341409 	0.99038031 	0.99999866 	0.99999253 	0.99999957 	0.97361973 	0.99999800 	0.99999979 	0.99999993 	0.97825122 	0.99997771 	0.99746210 	
0.99999971 	0.99999888 	0.99999995 	0.99999792 	0.98341409 	0.99038031 	0.99999866 	0.99999253 	0.99999957 	0.97361973 	0.99999800 	0.99999979 	0.99999993 	0.97825122 	0.99997771 	0.99746210 	
0.99999971 	0.99999888 	0.99999995 	0.99999792 	0.98341409 	0.99038031 	0.99999866 	0.99999253 	0.99999957 	0.97361973 	0.99999800 	0.99999979 	0.99999993 	0.97825122 	0.99997771 	0.99746210 	
