0.90215362 	0.79731469 	0.93355387 	0.73571890 	0.63542526 	0.96187907 	0.83177983 	0.06162184 	0.56257693 	0.77840816 	0.25942240 	0.42399766 	0.88556882 	0.74148961 	0.82870663 	0.14696926 	
0.90215362 	0.96517481 	0.93355387 	0.73571890 	0.63542526 	0.96187907 	0.83177983 	0.06162184 	0.56257693 	0.77840816 	0.25942240 	0.42399766 	0.88556882 	0.74148961 	0.82870663 	0.14696926 	
0.90215362 	0.96517481 	0.94958046 	0.73571890 	0.63542526 	0.96187907 	0.83177983 	0.06162184 	0.56257693 	0.77840816 	0.25942240 	0.42399766 	0.88556882 	0.74148961 	0.82870663 	0.14696926 	
0.90215362 	0.96517481 	0.94958046 	0.99393014 	0.63542526 	0.96187907 	0.83177983 	0.06162184 	0.56257693 	0.77840816 	0.25942240 	0.42399766 	0.88556882 	0.74148961 	0.82870663 	0.14696926 	
0.90215362 	0.96517481 	0.94958046 	0.99393014 	0.97405701 	0.96187907 	0.83177983 	0.06162184 	0.56257693 	0.77840816 	0.25942240 	0.42399766 	0.88556882 	0.74148961 	0.82870663 	0.14696926 	
0.90215362 	0.96517481 	0.94958046 	0.99393014 	0.97405701 	0.99332245 	0.83177983 	0.06162184 	0.56257693 	0.77840816 	0.25942240 	0.42399766 	0.88556882 	0.74148961 	0.82870663 	0.14696926 	
0.90215362 	0.96517481 	0.94958046 	0.99393014 	0.97405701 	0.99332245 	0.99336573 	0.06162184 	0.56257693 	0.77840816 	0.25942240 	0.42399766 	0.88556882 	0.74148961 	0.82870663 	0.14696926 	
0.90215362 	0.96517481 	0.94958046 	0.99393014 	0.97405701 	0.99332245 	0.99336573 	0.94506883 	0.56257693 	0.77840816 	0.25942240 	0.42399766 	0.88556882 	0.74148961 	0.82870663 	0.14696926 	
0.90215362 	0.96517481 	0.94958046 	0.99393014 	0.97405701 	0.99332245 	0.99336573 	0.94506883 	0.98396515 	0.77840816 	0.25942240 	0.42399766 	0.88556882 	0.74148961 	0.82870663 	0.14696926 	
0.90215362 	0.96517481 	0.94958046 	0.99393014 	0.97405701 	0.99332245 	0.99336573 	0.94506883 	0.98396515 	0.99056291 	0.25942240 	0.42399766 	0.88556882 	0.74148961 	0.82870663 	0.14696926 	
0.90215362 	0.96517481 	0.94958046 	0.99393014 	0.97405701 	0.99332245 	0.99336573 	0.94506883 	0.98396515 	0.99056291 	0.97444573 	0.42399766 	0.88556882 	0.74148961 	0.82870663 	0.14696926 	
0.90215362 	0.96517481 	0.94958046 	0.99393014 	0.97405701 	0.99332245 	0.99336573 	0.94506883 	0.98396515 	0.99056291 	0.97444573 	0.95467563 	0.88556882 	0.74148961 	0.82870663 	0.14696926 	
0.90215362 	0.96517481 	0.94958046 	0.99393014 	0.97405701 	0.99332245 	0.99336573 	0.94506883 	0.98396515 	0.99056291 	0.97444573 	0.95467563 	0.96807898 	0.74148961 	0.82870663 	0.14696926 	
0.90215362 	0.96517481 	0.94958046 	0.99393014 	0.97405701 	0.99332245 	0.99336573 	0.94506883 	0.98396515 	0.99056291 	0.97444573 	0.95467563 	0.96807898 	0.85737470 	0.82870663 	0.14696926 	
0.90215362 	0.96517481 	0.94958046 	0.99393014 	0.97405701 	0.99332245 	0.99336573 	0.94506883 	0.98396515 	0.99056291 	0.97444573 	0.95467563 	0.96807898 	0.85737470 	0.99240811 	0.14696926 	
0.90215362 	0.96517481 	0.94958046 	0.99393014 	0.97405701 	0.99332245 	0.99336573 	0.94506883 	0.98396515 	0.99056291 	0.97444573 	0.95467563 	0.96807898 	0.85737470 	0.99240811 	0.97188893 	
0.90304615 	0.96517481 	0.94958046 	0.99393014 	0.97405701 	0.99332245 	0.99336573 	0.94506883 	0.98396515 	0.99056291 	0.97444573 	0.95467563 	0.96807898 	0.85737470 	0.99240811 	0.97188893 	
0.90304615 	0.99690178 	0.94958046 	0.99393014 	0.97405701 	0.99332245 	0.99336573 	0.94506883 	0.98396515 	0.99056291 	0.97444573 	0.95467563 	0.96807898 	0.85737470 	0.99240811 	0.97188893 	
0.90304615 	0.99690178 	0.96574154 	0.99393014 	0.97405701 	0.99332245 	0.99336573 	0.94506883 	0.98396515 	0.99056291 	0.97444573 	0.95467563 	0.96807898 	0.85737470 	0.99240811 	0.97188893 	
0.90304615 	0.99690178 	0.96574154 	0.99393014 	0.97405701 	0.99332245 	0.99336573 	0.94506883 	0.98396515 	0.99056291 	0.97444573 	0.95467563 	0.96807898 	0.85737470 	0.99240811 	0.97188893 	
0.90304615 	0.99690178 	0.96574154 	0.99393014 	0.97409555 	0.99332245 	0.99336573 	0.94506883 	0.98396515 	0.99056291 	0.97444573 	0.95467563 	0.96807898 	0.85737470 	0.99240811 	0.97188893 	
0.90304615 	0.99690178 	0.96574154 	0.99393014 	0.97409555 	0.99434623 	0.99336573 	0.94506883 	0.98396515 	0.99056291 	0.97444573 	0.95467563 	0.96807898 	0.85737470 	0.99240811 	0.97188893 	
0.90304615 	0.99690178 	0.96574154 	0.99393014 	0.97409555 	0.99434623 	0.99336573 	0.94506883 	0.98396515 	0.99056291 	0.97444573 	0.95467563 	0.96807898 	0.85737470 	0.99240811 	0.97188893 	
0.90304615 	0.99690178 	0.96574154 	0.99393014 	0.97409555 	0.99434623 	0.99336573 	0.95461362 	0.98396515 	0.99056291 	0.97444573 	0.95467563 	0.96807898 	0.85737470 	0.99240811 	0.97188893 	
0.90304615 	0.99690178 	0.96574154 	0.99393014 	0.97409555 	0.99434623 	0.99336573 	0.95461362 	0.98449207 	0.99056291 	0.97444573 	0.95467563 	0.96807898 	0.85737470 	0.99240811 	0.97188893 	
0.90304615 	0.99690178 	0.96574154 	0.99393014 	0.97409555 	0.99434623 	0.99336573 	0.95461362 	0.98449207 	0.97762633 	0.97444573 	0.95467563 	0.96807898 	0.85737470 	0.99240811 	0.97188893 	
0.90304615 	0.99690178 	0.96574154 	0.99393014 	0.97409555 	0.99434623 	0.99336573 	0.95461362 	0.98449207 	0.97762633 	0.97979327 	0.95467563 	0.96807898 	0.85737470 	0.99240811 	0.97188893 	
0.90304615 	0.99690178 	0.96574154 	0.99393014 	0.97409555 	0.99434623 	0.99336573 	0.95461362 	0.98449207 	0.97762633 	0.97979327 	0.95467563 	0.96807898 	0.85737470 	0.99240811 	0.97188893 	
0.90304615 	0.99690178 	0.96574154 	0.99393014 	0.97409555 	0.99434623 	0.99336573 	0.95461362 	0.98449207 	0.97762633 	0.97979327 	0.95467563 	0.96807898 	0.85737470 	0.99240811 	0.97188893 	
0.90304615 	0.99690178 	0.96574154 	0.99393014 	0.97409555 	0.99434623 	0.99336573 	0.95461362 	0.98449207 	0.97762633 	0.97979327 	0.95467563 	0.96807898 	0.87951079 	0.99240811 	0.97188893 	
0.90304615 	0.99690178 	0.96574154 	0.99393014 	0.97409555 	0.99434623 	0.99336573 	0.95461362 	0.98449207 	0.97762633 	0.97979327 	0.95467563 	0.96807898 	0.87951079 	0.99240811 	0.97188893 	
0.90304615 	0.99690178 	0.96574154 	0.99393014 	0.97409555 	0.99434623 	0.99336573 	0.95461362 	0.98449207 	0.97762633 	0.97979327 	0.95467563 	0.96807898 	0.87951079 	0.99240811 	0.98741581 	
0.93927038 	0.99690178 	0.96574154 	0.99393014 	0.97409555 	0.99434623 	0.99336573 	0.95461362 	0.98449207 	0.97762633 	0.97979327 	0.95467563 	0.96807898 	0.87951079 	0.99240811 	0.98741581 	
0.93927038 	0.99690178 	0.96574154 	0.99393014 	0.97409555 	0.99434623 	0.99336573 	0.95461362 	0.98449207 	0.97762633 	0.97979327 	0.95467563 	0.96807898 	0.87951079 	0.99240811 	0.98741581 	
0.93927038 	0.99690178 	0.98306298 	0.99393014 	0.97409555 	0.99434623 	0.99336573 	0.95461362 	0.98449207 	0.97762633 	0.97979327 	0.95467563 	0.96807898 	0.87951079 	0.99240811 	0.98741581 	
0.93927038 	0.99690178 	0.98306298 	0.99393014 	0.97409555 	0.99434623 	0.99336573 	0.95461362 	0.98449207 	0.97762633 	0.97979327 	0.95467563 	0.96807898 	0.87951079 	0.99240811 	0.98741581 	
0.93927038 	0.99690178 	0.98306298 	0.99393014 	0.99455743 	0.99434623 	0.99336573 	0.95461362 	0.98449207 	0.97762633 	0.97979327 	0.95467563 	0.96807898 	0.87951079 	0.99240811 	0.98741581 	
0.93927038 	0.99690178 	0.98306298 	0.99393014 	0.99455743 	0.99964096 	0.99336573 	0.95461362 	0.98449207 	0.97762633 	0.97979327 	0.95467563 	0.96807898 	0.87951079 	0.99240811 	0.98741581 	
0.93927038 	0.99690178 	0.98306298 	0.99393014 	0.99455743 	0.99964096 	0.99336573 	0.95461362 	0.98449207 	0.97762633 	0.97979327 	0.95467563 	0.96807898 	0.87951079 	0.99240811 	0.98741581 	
0.93927038 	0.99690178 	0.98306298 	0.99393014 	0.99455743 	0.99964096 	0.99336573 	0.95461362 	0.98449207 	0.97762633 	0.97979327 	0.95467563 	0.96807898 	0.87951079 	0.99240811 	0.98741581 	
0.93927038 	0.99690178 	0.98306298 	0.99393014 	0.99455743 	0.99964096 	0.99336573 	0.95461362 	0.99632817 	0.97762633 	0.97979327 	0.95467563 	0.96807898 	0.87951079 	0.99240811 	0.98741581 	
0.93927038 	0.99690178 	0.98306298 	0.99393014 	0.99455743 	0.99964096 	0.99336573 	0.95461362 	0.99632817 	0.98278509 	0.97979327 	0.95467563 	0.96807898 	0.87951079 	0.99240811 	0.98741581 	
0.93927038 	0.99690178 	0.98306298 	0.99393014 	0.99455743 	0.99964096 	0.99336573 	0.95461362 	0.99632817 	0.98278509 	0.99151183 	0.95467563 	0.96807898 	0.87951079 	0.99240811 	0.98741581 	
0.93927038 	0.99690178 	0.98306298 	0.99393014 	0.99455743 	0.99964096 	0.99336573 	0.95461362 	0.99632817 	0.98278509 	0.99151183 	0.97425652 	0.96807898 	0.87951079 	0.99240811 	0.98741581 	
0.93927038 	0.99690178 	0.98306298 	0.99393014 	0.99455743 	0.99964096 	0.99336573 	0.95461362 	0.99632817 	0.98278509 	0.99151183 	0.97425652 	0.99980172 	0.87951079 	0.99240811 	0.98741581 	
0.93927038 	0.99690178 	0.98306298 	0.99393014 	0.99455743 	0.99964096 	0.99336573 	0.95461362 	0.99632817 	0.98278509 	0.99151183 	0.97425652 	0.99980172 	0.90100932 	0.99240811 	0.98741581 	
0.93927038 	0.99690178 	0.98306298 	0.99393014 	0.99455743 	0.99964096 	0.99336573 	0.95461362 	0.99632817 	0.98278509 	0.99151183 	0.97425652 	0.99980172 	0.90100932 	0.99599331 	0.98741581 	
0.93927038 	0.99690178 	0.98306298 	0.99393014 	0.99455743 	0.99964096 	0.99336573 	0.95461362 	0.99632817 	0.98278509 	0.99151183 	0.97425652 	0.99980172 	0.90100932 	0.99599331 	0.98741581 	
0.99976445 	0.99690178 	0.98306298 	0.99393014 	0.99455743 	0.99964096 	0.99336573 	0.95461362 	0.99632817 	0.98278509 	0.99151183 	0.97425652 	0.99980172 	0.90100932 	0.99599331 	0.98741581 	
0.99976445 	0.99948956 	0.98306298 	0.99393014 	0.99455743 	0.99964096 	0.99336573 	0.95461362 	0.99632817 	0.98278509 	0.99151183 	0.97425652 	0.99980172 	0.90100932 	0.99599331 	0.98741581 	
0.99976445 	0.99948956 	0.98306298 	0.99393014 	0.99455743 	0.99964096 	0.99336573 	0.95461362 	0.99632817 	0.98278509 	0.99151183 	0.97425652 	0.99980172 	0.90100932 	0.99599331 	0.98741581 	
0.99976445 	0.99948956 	0.98306298 	0.99968976 	0.99455743 	0.99964096 	0.99336573 	0.95461362 	0.99632817 	0.98278509 	0.99151183 	0.97425652 	0.99980172 	0.90100932 	0.99599331 	0.98741581 	
0.99976445 	0.99948956 	0.98306298 	0.99968976 	0.99455743 	0.99964096 	0.99336573 	0.95461362 	0.99632817 	0.98278509 	0.99151183 	0.97425652 	0.99980172 	0.90100932 	0.99599331 	0.98741581 	
0.99976445 	0.99948956 	0.98306298 	0.99968976 	0.99455743 	0.99964096 	0.99336573 	0.95461362 	0.99632817 	0.98278509 	0.99151183 	0.97425652 	0.99980172 	0.90100932 	0.99599331 	0.98741581 	
0.99976445 	0.99948956 	0.98306298 	0.99968976 	0.99455743 	0.99964096 	0.99063147 	0.95461362 	0.99632817 	0.98278509 	0.99151183 	0.97425652 	0.99980172 	0.90100932 	0.99599331 	0.98741581 	
0.99976445 	0.99948956 	0.98306298 	0.99968976 	0.99455743 	0.99964096 	0.99063147 	0.98467222 	0.99632817 	0.98278509 	0.99151183 	0.97425652 	0.99980172 	0.90100932 	0.99599331 	0.98741581 	
0.99976445 	0.99948956 	0.98306298 	0.99968976 	0.99455743 	0.99964096 	0.99063147 	0.98467222 	0.99094150 	0.98278509 	0.99151183 	0.97425652 	0.99980172 	0.90100932 	0.99599331 	0.98741581 	
0.99976445 	0.99948956 	0.98306298 	0.99968976 	0.99455743 	0.99964096 	0.99063147 	0.98467222 	0.99094150 	0.98249732 	0.99151183 	0.97425652 	0.99980172 	0.90100932 	0.99599331 	0.98741581 	
0.99976445 	0.99948956 	0.98306298 	0.99968976 	0.99455743 	0.99964096 	0.99063147 	0.98467222 	0.99094150 	0.98249732 	0.97006933 	0.97425652 	0.99980172 	0.90100932 	0.99599331 	0.98741581 	
0.99976445 	0.99948956 	0.98306298 	0.99968976 	0.99455743 	0.99964096 	0.99063147 	0.98467222 	0.99094150 	0.98249732 	0.97006933 	0.99686767 	0.99980172 	0.90100932 	0.99599331 	0.98741581 	
0.99976445 	0.99948956 	0.98306298 	0.99968976 	0.99455743 	0.99964096 	0.99063147 	0.98467222 	0.99094150 	0.98249732 	0.97006933 	0.99686767 	0.99980172 	0.90100932 	0.99599331 	0.98741581 	
0.99976445 	0.99948956 	0.98306298 	0.99968976 	0.99455743 	0.99964096 	0.99063147 	0.98467222 	0.99094150 	0.98249732 	0.97006933 	0.99686767 	0.99980172 	0.94366368 	0.99599331 	0.98741581 	
0.99976445 	0.99948956 	0.98306298 	0.99968976 	0.99455743 	0.99964096 	0.99063147 	0.98467222 	0.99094150 	0.98249732 	0.97006933 	0.99686767 	0.99980172 	0.94366368 	0.99806654 	0.98741581 	
0.99976445 	0.99948956 	0.98306298 	0.99968976 	0.99455743 	0.99964096 	0.99063147 	0.98467222 	0.99094150 	0.98249732 	0.97006933 	0.99686767 	0.99980172 	0.94366368 	0.99806654 	0.99243813 	
0.99976445 	0.99948956 	0.98306298 	0.99968976 	0.99455743 	0.99964096 	0.99063147 	0.98467222 	0.99094150 	0.98249732 	0.97006933 	0.99686767 	0.99980172 	0.94366368 	0.99806654 	0.99243813 	
0.99976445 	0.99988555 	0.98306298 	0.99968976 	0.99455743 	0.99964096 	0.99063147 	0.98467222 	0.99094150 	0.98249732 	0.97006933 	0.99686767 	0.99980172 	0.94366368 	0.99806654 	0.99243813 	
0.99976445 	0.99988555 	0.99115741 	0.99968976 	0.99455743 	0.99964096 	0.99063147 	0.98467222 	0.99094150 	0.98249732 	0.97006933 	0.99686767 	0.99980172 	0.94366368 	0.99806654 	0.99243813 	
0.99976445 	0.99988555 	0.99115741 	0.99968976 	0.99455743 	0.99964096 	0.99063147 	0.98467222 	0.99094150 	0.98249732 	0.97006933 	0.99686767 	0.99980172 	0.94366368 	0.99806654 	0.99243813 	
0.99976445 	0.99988555 	0.99115741 	0.99968976 	0.99449480 	0.99964096 	0.99063147 	0.98467222 	0.99094150 	0.98249732 	0.97006933 	0.99686767 	0.99980172 	0.94366368 	0.99806654 	0.99243813 	
0.99976445 	0.99988555 	0.99115741 	0.99968976 	0.99449480 	0.99964096 	0.99063147 	0.98467222 	0.99094150 	0.98249732 	0.97006933 	0.99686767 	0.99980172 	0.94366368 	0.99806654 	0.99243813 	
0.99976445 	0.99988555 	0.99115741 	0.99968976 	0.99449480 	0.99964096 	0.98711342 	0.98467222 	0.99094150 	0.98249732 	0.97006933 	0.99686767 	0.99980172 	0.94366368 	0.99806654 	0.99243813 	
0.99976445 	0.99988555 	0.99115741 	0.99968976 	0.99449480 	0.99964096 	0.98711342 	0.99303008 	0.99094150 	0.98249732 	0.97006933 	0.99686767 	0.99980172 	0.94366368 	0.99806654 	0.99243813 	
0.99976445 	0.99988555 	0.99115741 	0.99968976 	0.99449480 	0.99964096 	0.98711342 	0.99303008 	0.98685937 	0.98249732 	0.97006933 	0.99686767 	0.99980172 	0.94366368 	0.99806654 	0.99243813 	
0.99976445 	0.99988555 	0.99115741 	0.99968976 	0.99449480 	0.99964096 	0.98711342 	0.99303008 	0.98685937 	0.97920392 	0.97006933 	0.99686767 	0.99980172 	0.94366368 	0.99806654 	0.99243813 	
0.99976445 	0.99988555 	0.99115741 	0.99968976 	0.99449480 	0.99964096 	0.98711342 	0.99303008 	0.98685937 	0.97920392 	0.94766734 	0.99686767 	0.99980172 	0.94366368 	0.99806654 	0.99243813 	
0.99976445 	0.99988555 	0.99115741 	0.99968976 	0.99449480 	0.99964096 	0.98711342 	0.99303008 	0.98685937 	0.97920392 	0.94766734 	0.99709188 	0.99980172 	0.94366368 	0.99806654 	0.99243813 	
0.99976445 	0.99988555 	0.99115741 	0.99968976 	0.99449480 	0.99964096 	0.98711342 	0.99303008 	0.98685937 	0.97920392 	0.94766734 	0.99709188 	0.99988611 	0.94366368 	0.99806654 	0.99243813 	
0.99976445 	0.99988555 	0.99115741 	0.99968976 	0.99449480 	0.99964096 	0.98711342 	0.99303008 	0.98685937 	0.97920392 	0.94766734 	0.99709188 	0.99988611 	0.94366368 	0.99806654 	0.99243813 	
0.99976445 	0.99988555 	0.99115741 	0.99968976 	0.99449480 	0.99964096 	0.98711342 	0.99303008 	0.98685937 	0.97920392 	0.94766734 	0.99709188 	0.99988611 	0.94366368 	0.99806654 	0.99243813 	
0.99976445 	0.99988555 	0.99115741 	0.99968976 	0.99449480 	0.99964096 	0.98711342 	0.99303008 	0.98685937 	0.97920392 	0.94766734 	0.99709188 	0.99988611 	0.94366368 	0.99806654 	0.99379452 	
0.99976445 	0.99988555 	0.99115741 	0.99968976 	0.99449480 	0.99964096 	0.98711342 	0.99303008 	0.98685937 	0.97920392 	0.94766734 	0.99709188 	0.99988611 	0.94366368 	0.99806654 	0.99379452 	
0.99976445 	0.99999167 	0.99115741 	0.99968976 	0.99449480 	0.99964096 	0.98711342 	0.99303008 	0.98685937 	0.97920392 	0.94766734 	0.99709188 	0.99988611 	0.94366368 	0.99806654 	0.99379452 	
0.99976445 	0.99999167 	0.99115741 	0.99968976 	0.99449480 	0.99964096 	0.98711342 	0.99303008 	0.98685937 	0.97920392 	0.94766734 	0.99709188 	0.99988611 	0.94366368 	0.99806654 	0.99379452 	
0.99976445 	0.99999167 	0.99115741 	0.99968976 	0.99449480 	0.99964096 	0.98711342 	0.99303008 	0.98685937 	0.97920392 	0.94766734 	0.99709188 	0.99988611 	0.94366368 	0.99806654 	0.99379452 	
0.99976445 	0.99999167 	0.99115741 	0.99968976 	0.99613811 	0.99964096 	0.98711342 	0.99303008 	0.98685937 	0.97920392 	0.94766734 	0.99709188 	0.99988611 	0.94366368 	0.99806654 	0.99379452 	
0.99976445 	0.99999167 	0.99115741 	0.99968976 	0.99613811 	0.99978170 	0.98711342 	0.99303008 	0.98685937 	0.97920392 	0.94766734 	0.99709188 	0.99988611 	0.94366368 	0.99806654 	0.99379452 	
0.99976445 	0.99999167 	0.99115741 	0.99968976 	0.99613811 	0.99978170 	0.98424663 	0.99303008 	0.98685937 	0.97920392 	0.94766734 	0.99709188 	0.99988611 	0.94366368 	0.99806654 	0.99379452 	
0.99976445 	0.99999167 	0.99115741 	0.99968976 	0.99613811 	0.99978170 	0.98424663 	0.99303008 	0.98685937 	0.97920392 	0.94766734 	0.99709188 	0.99988611 	0.94366368 	0.99806654 	0.99379452 	
0.99976445 	0.99999167 	0.99115741 	0.99968976 	0.99613811 	0.99978170 	0.98424663 	0.99303008 	0.98630769 	0.97920392 	0.94766734 	0.99709188 	0.99988611 	0.94366368 	0.99806654 	0.99379452 	
0.99976445 	0.99999167 	0.99115741 	0.99968976 	0.99613811 	0.99978170 	0.98424663 	0.99303008 	0.98630769 	0.97920392 	0.94766734 	0.99709188 	0.99988611 	0.94366368 	0.99806654 	0.99379452 	
0.99976445 	0.99999167 	0.99115741 	0.99968976 	0.99613811 	0.99978170 	0.98424663 	0.99303008 	0.98630769 	0.97920392 	0.94841631 	0.99709188 	0.99988611 	0.94366368 	0.99806654 	0.99379452 	
0.99976445 	0.99999167 	0.99115741 	0.99968976 	0.99613811 	0.99978170 	0.98424663 	0.99303008 	0.98630769 	0.97920392 	0.94841631 	0.99893653 	0.99988611 	0.94366368 	0.99806654 	0.99379452 	
0.99976445 	0.99999167 	0.99115741 	0.99968976 	0.99613811 	0.99978170 	0.98424663 	0.99303008 	0.98630769 	0.97920392 	0.94841631 	0.99893653 	0.99988611 	0.94366368 	0.99806654 	0.99379452 	
0.99976445 	0.99999167 	0.99115741 	0.99968976 	0.99613811 	0.99978170 	0.98424663 	0.99303008 	0.98630769 	0.97920392 	0.94841631 	0.99893653 	0.99988611 	0.95925581 	0.99806654 	0.99379452 	
0.99976445 	0.99999167 	0.99115741 	0.99968976 	0.99613811 	0.99978170 	0.98424663 	0.99303008 	0.98630769 	0.97920392 	0.94841631 	0.99893653 	0.99988611 	0.95925581 	0.99821424 	0.99379452 	
0.99976445 	0.99999167 	0.99115741 	0.99968976 	0.99613811 	0.99978170 	0.98424663 	0.99303008 	0.98630769 	0.97920392 	0.94841631 	0.99893653 	0.99988611 	0.95925581 	0.99821424 	0.99804120 	
0.99976445 	0.99999167 	0.99115741 	0.99968976 	0.99613811 	0.99978170 	0.98424663 	0.99303008 	0.98630769 	0.97920392 	0.94841631 	0.99893653 	0.99988611 	0.95925581 	0.99821424 	0.99804120 	
0.99976445 	0.99999167 	0.99115741 	0.99968976 	0.99613811 	0.99978170 	0.98424663 	0.99303008 	0.98630769 	0.97920392 	0.94841631 	0.99893653 	0.99988611 	0.95925581 	0.99821424 	0.99804120 	
0.99976445 	0.99999167 	0.99115741 	0.99968976 	0.99613811 	0.99978170 	0.98424663 	0.99303008 	0.98630769 	0.97920392 	0.94841631 	0.99893653 	0.99988611 	0.95925581 	0.99821424 	0.99804120 	
0.99976445 	0.99999167 	0.99115741 	0.99980616 	0.99613811 	0.99978170 	0.98424663 	0.99303008 	0.98630769 	0.97920392 	0.94841631 	0.99893653 	0.99988611 	0.95925581 	0.99821424 	0.99804120 	
0.99976445 	0.99999167 	0.99115741 	0.99980616 	0.99413917 	0.99978170 	0.98424663 	0.99303008 	0.98630769 	0.97920392 	0.94841631 	0.99893653 	0.99988611 	0.95925581 	0.99821424 	0.99804120 	
0.99976445 	0.99999167 	0.99115741 	0.99980616 	0.99413917 	0.99980301 	0.98424663 	0.99303008 	0.98630769 	0.97920392 	0.94841631 	0.99893653 	0.99988611 	0.95925581 	0.99821424 	0.99804120 	
0.99976445 	0.99999167 	0.99115741 	0.99980616 	0.99413917 	0.99980301 	0.98424663 	0.99303008 	0.98630769 	0.97920392 	0.94841631 	0.99893653 	0.99988611 	0.95925581 	0.99821424 	0.99804120 	
0.99976445 	0.99999167 	0.99115741 	0.99980616 	0.99413917 	0.99980301 	0.98424663 	0.99642026 	0.98630769 	0.97920392 	0.94841631 	0.99893653 	0.99988611 	0.95925581 	0.99821424 	0.99804120 	
0.99976445 	0.99999167 	0.99115741 	0.99980616 	0.99413917 	0.99980301 	0.98424663 	0.99642026 	0.98348840 	0.97920392 	0.94841631 	0.99893653 	0.99988611 	0.95925581 	0.99821424 	0.99804120 	
0.99976445 	0.99999167 	0.99115741 	0.99980616 	0.99413917 	0.99980301 	0.98424663 	0.99642026 	0.98348840 	0.97928536 	0.94841631 	0.99893653 	0.99988611 	0.95925581 	0.99821424 	0.99804120 	
0.99976445 	0.99999167 	0.99115741 	0.99980616 	0.99413917 	0.99980301 	0.98424663 	0.99642026 	0.98348840 	0.97928536 	0.94841631 	0.99893653 	0.99988611 	0.95925581 	0.99821424 	0.99804120 	
0.99976445 	0.99999167 	0.99115741 	0.99980616 	0.99413917 	0.99980301 	0.98424663 	0.99642026 	0.98348840 	0.97928536 	0.94841631 	0.99893653 	0.99988611 	0.95925581 	0.99821424 	0.99804120 	
0.99976445 	0.99999167 	0.99115741 	0.99980616 	0.99413917 	0.99980301 	0.98424663 	0.99642026 	0.98348840 	0.97928536 	0.94841631 	0.99893653 	0.99999452 	0.95925581 	0.99821424 	0.99804120 	
0.99976445 	0.99999167 	0.99115741 	0.99980616 	0.99413917 	0.99980301 	0.98424663 	0.99642026 	0.98348840 	0.97928536 	0.94841631 	0.99893653 	0.99999452 	0.96471288 	0.99821424 	0.99804120 	
0.99976445 	0.99999167 	0.99115741 	0.99980616 	0.99413917 	0.99980301 	0.98424663 	0.99642026 	0.98348840 	0.97928536 	0.94841631 	0.99893653 	0.99999452 	0.96471288 	0.99825159 	0.99804120 	
0.99976445 	0.99999167 	0.99115741 	0.99980616 	0.99413917 	0.99980301 	0.98424663 	0.99642026 	0.98348840 	0.97928536 	0.94841631 	0.99893653 	0.99999452 	0.96471288 	0.99825159 	0.99830971 	
0.99976445 	0.99999167 	0.99115741 	0.99980616 	0.99413917 	0.99980301 	0.98424663 	0.99642026 	0.98348840 	0.97928536 	0.94841631 	0.99893653 	0.99999452 	0.96471288 	0.99825159 	0.99830971 	
0.99976445 	0.99999167 	0.99115741 	0.99980616 	0.99413917 	0.99980301 	0.98424663 	0.99642026 	0.98348840 	0.97928536 	0.94841631 	0.99893653 	0.99999452 	0.96471288 	0.99825159 	0.99830971 	
0.99976445 	0.99999167 	0.99048627 	0.99980616 	0.99413917 	0.99980301 	0.98424663 	0.99642026 	0.98348840 	0.97928536 	0.94841631 	0.99893653 	0.99999452 	0.96471288 	0.99825159 	0.99830971 	
0.99976445 	0.99999167 	0.99048627 	0.99983095 	0.99413917 	0.99980301 	0.98424663 	0.99642026 	0.98348840 	0.97928536 	0.94841631 	0.99893653 	0.99999452 	0.96471288 	0.99825159 	0.99830971 	
0.99976445 	0.99999167 	0.99048627 	0.99983095 	0.99386474 	0.99980301 	0.98424663 	0.99642026 	0.98348840 	0.97928536 	0.94841631 	0.99893653 	0.99999452 	0.96471288 	0.99825159 	0.99830971 	
0.99976445 	0.99999167 	0.99048627 	0.99983095 	0.99386474 	0.99980301 	0.98424663 	0.99642026 	0.98348840 	0.97928536 	0.94841631 	0.99893653 	0.99999452 	0.96471288 	0.99825159 	0.99830971 	
0.99976445 	0.99999167 	0.99048627 	0.99983095 	0.99386474 	0.99980301 	0.98482718 	0.99642026 	0.98348840 	0.97928536 	0.94841631 	0.99893653 	0.99999452 	0.96471288 	0.99825159 	0.99830971 	
0.99976445 	0.99999167 	0.99048627 	0.99983095 	0.99386474 	0.99980301 	0.98482718 	0.99992192 	0.98348840 	0.97928536 	0.94841631 	0.99893653 	0.99999452 	0.96471288 	0.99825159 	0.99830971 	
0.99976445 	0.99999167 	0.99048627 	0.99983095 	0.99386474 	0.99980301 	0.98482718 	0.99992192 	0.98004747 	0.97928536 	0.94841631 	0.99893653 	0.99999452 	0.96471288 	0.99825159 	0.99830971 	
0.99976445 	0.99999167 	0.99048627 	0.99983095 	0.99386474 	0.99980301 	0.98482718 	0.99992192 	0.98004747 	0.97929068 	0.94841631 	0.99893653 	0.99999452 	0.96471288 	0.99825159 	0.99830971 	
0.99976445 	0.99999167 	0.99048627 	0.99983095 	0.99386474 	0.99980301 	0.98482718 	0.99992192 	0.98004747 	0.97929068 	0.94755444 	0.99893653 	0.99999452 	0.96471288 	0.99825159 	0.99830971 	
0.99976445 	0.99999167 	0.99048627 	0.99983095 	0.99386474 	0.99980301 	0.98482718 	0.99992192 	0.98004747 	0.97929068 	0.94755444 	0.99987662 	0.99999452 	0.96471288 	0.99825159 	0.99830971 	
0.99976445 	0.99999167 	0.99048627 	0.99983095 	0.99386474 	0.99980301 	0.98482718 	0.99992192 	0.98004747 	0.97929068 	0.94755444 	0.99987662 	0.99999452 	0.96471288 	0.99825159 	0.99830971 	
0.99976445 	0.99999167 	0.99048627 	0.99983095 	0.99386474 	0.99980301 	0.98482718 	0.99992192 	0.98004747 	0.97929068 	0.94755444 	0.99987662 	0.99999452 	0.96471288 	0.99825159 	0.99830971 	
0.99976445 	0.99999167 	0.99048627 	0.99983095 	0.99386474 	0.99980301 	0.98482718 	0.99992192 	0.98004747 	0.97929068 	0.94755444 	0.99987662 	0.99999452 	0.96471288 	0.99899675 	0.99830971 	
0.99976445 	0.99999167 	0.99048627 	0.99983095 	0.99386474 	0.99980301 	0.98482718 	0.99992192 	0.98004747 	0.97929068 	0.94755444 	0.99987662 	0.99999452 	0.96471288 	0.99899675 	0.99847803 	
0.99999006 	0.99999167 	0.99048627 	0.99983095 	0.99386474 	0.99980301 	0.98482718 	0.99992192 	0.98004747 	0.97929068 	0.94755444 	0.99987662 	0.99999452 	0.96471288 	0.99899675 	0.99847803 	
0.99999006 	0.99999167 	0.99048627 	0.99983095 	0.99386474 	0.99980301 	0.98482718 	0.99992192 	0.98004747 	0.97929068 	0.94755444 	0.99987662 	0.99999452 	0.96471288 	0.99899675 	0.99847803 	
0.99999006 	0.99999167 	0.99048627 	0.99983095 	0.99386474 	0.99980301 	0.98482718 	0.99992192 	0.98004747 	0.97929068 	0.94755444 	0.99987662 	0.99999452 	0.96471288 	0.99899675 	0.99847803 	
0.99999006 	0.99999167 	0.99048627 	0.99993036 	0.99386474 	0.99980301 	0.98482718 	0.99992192 	0.98004747 	0.97929068 	0.94755444 	0.99987662 	0.99999452 	0.96471288 	0.99899675 	0.99847803 	
0.99999006 	0.99999167 	0.99048627 	0.99993036 	0.99386474 	0.99980301 	0.98482718 	0.99992192 	0.98004747 	0.97929068 	0.94755444 	0.99987662 	0.99999452 	0.96471288 	0.99899675 	0.99847803 	
0.99999006 	0.99999167 	0.99048627 	0.99993036 	0.99386474 	0.99992545 	0.98482718 	0.99992192 	0.98004747 	0.97929068 	0.94755444 	0.99987662 	0.99999452 	0.96471288 	0.99899675 	0.99847803 	
0.99999006 	0.99999167 	0.99048627 	0.99993036 	0.99386474 	0.99992545 	0.98483178 	0.99992192 	0.98004747 	0.97929068 	0.94755444 	0.99987662 	0.99999452 	0.96471288 	0.99899675 	0.99847803 	
0.99999006 	0.99999167 	0.99048627 	0.99993036 	0.99386474 	0.99992545 	0.98483178 	0.99993872 	0.98004747 	0.97929068 	0.94755444 	0.99987662 	0.99999452 	0.96471288 	0.99899675 	0.99847803 	
0.99999006 	0.99999167 	0.99048627 	0.99993036 	0.99386474 	0.99992545 	0.98483178 	0.99993872 	0.98032906 	0.97929068 	0.94755444 	0.99987662 	0.99999452 	0.96471288 	0.99899675 	0.99847803 	
0.99999006 	0.99999167 	0.99048627 	0.99993036 	0.99386474 	0.99992545 	0.98483178 	0.99993872 	0.98032906 	0.97958745 	0.94755444 	0.99987662 	0.99999452 	0.96471288 	0.99899675 	0.99847803 	
0.99999006 	0.99999167 	0.99048627 	0.99993036 	0.99386474 	0.99992545 	0.98483178 	0.99993872 	0.98032906 	0.97958745 	0.94516739 	0.99987662 	0.99999452 	0.96471288 	0.99899675 	0.99847803 	
0.99999006 	0.99999167 	0.99048627 	0.99993036 	0.99386474 	0.99992545 	0.98483178 	0.99993872 	0.98032906 	0.97958745 	0.94516739 	0.99999353 	0.99999452 	0.96471288 	0.99899675 	0.99847803 	
0.99999006 	0.99999167 	0.99048627 	0.99993036 	0.99386474 	0.99992545 	0.98483178 	0.99993872 	0.98032906 	0.97958745 	0.94516739 	0.99999353 	0.99999452 	0.96471288 	0.99899675 	0.99847803 	
0.99999006 	0.99999167 	0.99048627 	0.99993036 	0.99386474 	0.99992545 	0.98483178 	0.99993872 	0.98032906 	0.97958745 	0.94516739 	0.99999353 	0.99999452 	0.98299953 	0.99899675 	0.99847803 	
0.99999006 	0.99999167 	0.99048627 	0.99993036 	0.99386474 	0.99992545 	0.98483178 	0.99993872 	0.98032906 	0.97958745 	0.94516739 	0.99999353 	0.99999452 	0.98299953 	0.99982003 	0.99847803 	
0.99999006 	0.99999167 	0.99048627 	0.99993036 	0.99386474 	0.99992545 	0.98483178 	0.99993872 	0.98032906 	0.97958745 	0.94516739 	0.99999353 	0.99999452 	0.98299953 	0.99982003 	0.99867400 	
0.99999232 	0.99999167 	0.99048627 	0.99993036 	0.99386474 	0.99992545 	0.98483178 	0.99993872 	0.98032906 	0.97958745 	0.94516739 	0.99999353 	0.99999452 	0.98299953 	0.99982003 	0.99867400 	
0.99999232 	0.99999167 	0.99048627 	0.99993036 	0.99386474 	0.99992545 	0.98483178 	0.99993872 	0.98032906 	0.97958745 	0.94516739 	0.99999353 	0.99999452 	0.98299953 	0.99982003 	0.99867400 	
0.99999232 	0.99999167 	0.98654990 	0.99993036 	0.99386474 	0.99992545 	0.98483178 	0.99993872 	0.98032906 	0.97958745 	0.94516739 	0.99999353 	0.99999452 	0.98299953 	0.99982003 	0.99867400 	
0.99999232 	0.99999167 	0.98654990 	0.99993036 	0.99386474 	0.99992545 	0.98483178 	0.99993872 	0.98032906 	0.97958745 	0.94516739 	0.99999353 	0.99999452 	0.98299953 	0.99982003 	0.99867400 	
0.99999232 	0.99999167 	0.98654990 	0.99993036 	0.99381893 	0.99992545 	0.98483178 	0.99993872 	0.98032906 	0.97958745 	0.94516739 	0.99999353 	0.99999452 	0.98299953 	0.99982003 	0.99867400 	
0.99999232 	0.99999167 	0.98654990 	0.99993036 	0.99381893 	0.99999882 	0.98483178 	0.99993872 	0.98032906 	0.97958745 	0.94516739 	0.99999353 	0.99999452 	0.98299953 	0.99982003 	0.99867400 	
0.99999232 	0.99999167 	0.98654990 	0.99993036 	0.99381893 	0.99999882 	0.98487985 	0.99993872 	0.98032906 	0.97958745 	0.94516739 	0.99999353 	0.99999452 	0.98299953 	0.99982003 	0.99867400 	
0.99999232 	0.99999167 	0.98654990 	0.99993036 	0.99381893 	0.99999882 	0.98487985 	0.99999905 	0.98032906 	0.97958745 	0.94516739 	0.99999353 	0.99999452 	0.98299953 	0.99982003 	0.99867400 	
0.99999232 	0.99999167 	0.98654990 	0.99993036 	0.99381893 	0.99999882 	0.98487985 	0.99999905 	0.98004747 	0.97958745 	0.94516739 	0.99999353 	0.99999452 	0.98299953 	0.99982003 	0.99867400 	
0.99999232 	0.99999167 	0.98654990 	0.99993036 	0.99381893 	0.99999882 	0.98487985 	0.99999905 	0.98004747 	0.97958745 	0.94516739 	0.99999353 	0.99999452 	0.98299953 	0.99982003 	0.99867400 	
0.99999232 	0.99999167 	0.98654990 	0.99993036 	0.99381893 	0.99999882 	0.98487985 	0.99999905 	0.98004747 	0.97958745 	0.94717889 	0.99999353 	0.99999452 	0.98299953 	0.99982003 	0.99867400 	
0.99999232 	0.99999167 	0.98654990 	0.99993036 	0.99381893 	0.99999882 	0.98487985 	0.99999905 	0.98004747 	0.97958745 	0.94717889 	0.99999353 	0.99999452 	0.98299953 	0.99982003 	0.99867400 	
0.99999232 	0.99999167 	0.98654990 	0.99993036 	0.99381893 	0.99999882 	0.98487985 	0.99999905 	0.98004747 	0.97958745 	0.94717889 	0.99999353 	0.99999837 	0.98299953 	0.99982003 	0.99867400 	
0.99999232 	0.99999167 	0.98654990 	0.99993036 	0.99381893 	0.99999882 	0.98487985 	0.99999905 	0.98004747 	0.97958745 	0.94717889 	0.99999353 	0.99999837 	0.98392165 	0.99982003 	0.99867400 	
0.99999232 	0.99999167 	0.98654990 	0.99993036 	0.99381893 	0.99999882 	0.98487985 	0.99999905 	0.98004747 	0.97958745 	0.94717889 	0.99999353 	0.99999837 	0.98392165 	0.99982003 	0.99867400 	
0.99999232 	0.99999167 	0.98654990 	0.99993036 	0.99381893 	0.99999882 	0.98487985 	0.99999905 	0.98004747 	0.97958745 	0.94717889 	0.99999353 	0.99999837 	0.98392165 	0.99982003 	0.99999485 	
0.99999249 	0.99999167 	0.98654990 	0.99993036 	0.99381893 	0.99999882 	0.98487985 	0.99999905 	0.98004747 	0.97958745 	0.94717889 	0.99999353 	0.99999837 	0.98392165 	0.99982003 	0.99999485 	
0.99999249 	0.99999167 	0.98654990 	0.99993036 	0.99381893 	0.99999882 	0.98487985 	0.99999905 	0.98004747 	0.97958745 	0.94717889 	0.99999353 	0.99999837 	0.98392165 	0.99982003 	0.99999485 	
0.99999249 	0.99999167 	0.98654990 	0.99993036 	0.99381893 	0.99999882 	0.98487985 	0.99999905 	0.98004747 	0.97958745 	0.94717889 	0.99999353 	0.99999837 	0.98392165 	0.99982003 	0.99999485 	
0.99999249 	0.99999167 	0.98654990 	0.99994590 	0.99381893 	0.99999882 	0.98487985 	0.99999905 	0.98004747 	0.97958745 	0.94717889 	0.99999353 	0.99999837 	0.98392165 	0.99982003 	0.99999485 	
0.99999249 	0.99999167 	0.98654990 	0.99994590 	0.99323517 	0.99999882 	0.98487985 	0.99999905 	0.98004747 	0.97958745 	0.94717889 	0.99999353 	0.99999837 	0.98392165 	0.99982003 	0.99999485 	
0.99999249 	0.99999167 	0.98654990 	0.99994590 	0.99323517 	0.99999882 	0.98487985 	0.99999905 	0.98004747 	0.97958745 	0.94717889 	0.99999353 	0.99999837 	0.98392165 	0.99982003 	0.99999485 	
0.99999249 	0.99999167 	0.98654990 	0.99994590 	0.99323517 	0.99999882 	0.98505132 	0.99999905 	0.98004747 	0.97958745 	0.94717889 	0.99999353 	0.99999837 	0.98392165 	0.99982003 	0.99999485 	
0.99999249 	0.99999167 	0.98654990 	0.99994590 	0.99323517 	0.99999882 	0.98505132 	0.99999905 	0.98004747 	0.97958745 	0.94717889 	0.99999353 	0.99999837 	0.98392165 	0.99982003 	0.99999485 	
0.99999249 	0.99999167 	0.98654990 	0.99994590 	0.99323517 	0.99999882 	0.98505132 	0.99999905 	0.98004747 	0.97958745 	0.94717889 	0.99999353 	0.99999837 	0.98392165 	0.99982003 	0.99999485 	
0.99999249 	0.99999167 	0.98654990 	0.99994590 	0.99323517 	0.99999882 	0.98505132 	0.99999905 	0.98004747 	0.97958745 	0.94717889 	0.99999353 	0.99999837 	0.98392165 	0.99982003 	0.99999485 	
0.99999249 	0.99999167 	0.98654990 	0.99994590 	0.99323517 	0.99999882 	0.98505132 	0.99999905 	0.98004747 	0.97958745 	0.94717889 	0.99999353 	0.99999837 	0.98392165 	0.99982003 	0.99999485 	
0.99999249 	0.99999167 	0.98654990 	0.99994590 	0.99323517 	0.99999882 	0.98505132 	0.99999905 	0.98004747 	0.97958745 	0.94717889 	0.99999353 	0.99999837 	0.98392165 	0.99982003 	0.99999485 	
0.99999249 	0.99999167 	0.98654990 	0.99994590 	0.99323517 	0.99999882 	0.98505132 	0.99999905 	0.98004747 	0.97958745 	0.94717889 	0.99999353 	0.99999837 	0.98392165 	0.99982003 	0.99999485 	
0.99999249 	0.99999167 	0.98654990 	0.99994590 	0.99323517 	0.99999882 	0.98505132 	0.99999905 	0.98004747 	0.97958745 	0.94717889 	0.99999353 	0.99999837 	0.98564918 	0.99982003 	0.99999485 	
0.99999249 	0.99999167 	0.98654990 	0.99994590 	0.99323517 	0.99999882 	0.98505132 	0.99999905 	0.98004747 	0.97958745 	0.94717889 	0.99999353 	0.99999837 	0.98564918 	0.99982003 	0.99999485 	
0.99999249 	0.99999167 	0.98654990 	0.99994590 	0.99323517 	0.99999882 	0.98505132 	0.99999905 	0.98004747 	0.97958745 	0.94717889 	0.99999353 	0.99999837 	0.98564918 	0.99982003 	0.99999485 	
0.99999282 	0.99999167 	0.98654990 	0.99994590 	0.99323517 	0.99999882 	0.98505132 	0.99999905 	0.98004747 	0.97958745 	0.94717889 	0.99999353 	0.99999837 	0.98564918 	0.99982003 	0.99999485 	
0.99999282 	0.99999167 	0.98654990 	0.99994590 	0.99323517 	0.99999882 	0.98505132 	0.99999905 	0.98004747 	0.97958745 	0.94717889 	0.99999353 	0.99999837 	0.98564918 	0.99982003 	0.99999485 	
0.99999282 	0.99999167 	0.98653265 	0.99994590 	0.99323517 	0.99999882 	0.98505132 	0.99999905 	0.98004747 	0.97958745 	0.94717889 	0.99999353 	0.99999837 	0.98564918 	0.99982003 	0.99999485 	
0.99999282 	0.99999167 	0.98653265 	0.99996199 	0.99323517 	0.99999882 	0.98505132 	0.99999905 	0.98004747 	0.97958745 	0.94717889 	0.99999353 	0.99999837 	0.98564918 	0.99982003 	0.99999485 	
0.99999282 	0.99999167 	0.98653265 	0.99996199 	0.99323517 	0.99999882 	0.98505132 	0.99999905 	0.98004747 	0.97958745 	0.94717889 	0.99999353 	0.99999837 	0.98564918 	0.99982003 	0.99999485 	
0.99999282 	0.99999167 	0.98653265 	0.99996199 	0.99323517 	0.99999882 	0.98505132 	0.99999905 	0.98004747 	0.97958745 	0.94717889 	0.99999353 	0.99999837 	0.98564918 	0.99982003 	0.99999485 	
0.99999282 	0.99999167 	0.98653265 	0.99996199 	0.99323517 	0.99999882 	0.98505132 	0.99999905 	0.98004747 	0.97958745 	0.94717889 	0.99999353 	0.99999837 	0.98564918 	0.99982003 	0.99999485 	
0.99999282 	0.99999167 	0.98653265 	0.99996199 	0.99323517 	0.99999882 	0.98505132 	0.99999905 	0.98004747 	0.97958745 	0.94717889 	0.99999353 	0.99999837 	0.98564918 	0.99982003 	0.99999485 	
0.99999282 	0.99999167 	0.98653265 	0.99996199 	0.99323517 	0.99999882 	0.98505132 	0.99999905 	0.97955209 	0.97958745 	0.94717889 	0.99999353 	0.99999837 	0.98564918 	0.99982003 	0.99999485 	
0.99999282 	0.99999167 	0.98653265 	0.99996199 	0.99323517 	0.99999882 	0.98505132 	0.99999905 	0.97955209 	0.97958745 	0.94717889 	0.99999353 	0.99999837 	0.98564918 	0.99982003 	0.99999485 	
0.99999282 	0.99999167 	0.98653265 	0.99996199 	0.99323517 	0.99999882 	0.98505132 	0.99999905 	0.97955209 	0.97958745 	0.94716844 	0.99999353 	0.99999837 	0.98564918 	0.99982003 	0.99999485 	
0.99999282 	0.99999167 	0.98653265 	0.99996199 	0.99323517 	0.99999882 	0.98505132 	0.99999905 	0.97955209 	0.97958745 	0.94716844 	0.99999353 	0.99999837 	0.98564918 	0.99982003 	0.99999485 	
0.99999282 	0.99999167 	0.98653265 	0.99996199 	0.99323517 	0.99999882 	0.98505132 	0.99999905 	0.97955209 	0.97958745 	0.94716844 	0.99999353 	0.99999837 	0.98564918 	0.99982003 	0.99999485 	
0.99999282 	0.99999167 	0.98653265 	0.99996199 	0.99323517 	0.99999882 	0.98505132 	0.99999905 	0.97955209 	0.97958745 	0.94716844 	0.99999353 	0.99999837 	0.98565192 	0.99982003 	0.99999485 	
0.99999282 	0.99999167 	0.98653265 	0.99996199 	0.99323517 	0.99999882 	0.98505132 	0.99999905 	0.97955209 	0.97958745 	0.94716844 	0.99999353 	0.99999837 	0.98565192 	0.99982003 	0.99999485 	
0.99999282 	0.99999167 	0.98653265 	0.99996199 	0.99323517 	0.99999882 	0.98505132 	0.99999905 	0.97955209 	0.97958745 	0.94716844 	0.99999353 	0.99999837 	0.98565192 	0.99982003 	0.99999485 	
0.99999284 	0.99999167 	0.98653265 	0.99996199 	0.99323517 	0.99999882 	0.98505132 	0.99999905 	0.97955209 	0.97958745 	0.94716844 	0.99999353 	0.99999837 	0.98565192 	0.99982003 	0.99999485 	
0.99999284 	0.99999702 	0.98653265 	0.99996199 	0.99323517 	0.99999882 	0.98505132 	0.99999905 	0.97955209 	0.97958745 	0.94716844 	0.99999353 	0.99999837 	0.98565192 	0.99982003 	0.99999485 	
0.99999284 	0.99999702 	0.98653265 	0.99996199 	0.99323517 	0.99999882 	0.98505132 	0.99999905 	0.97955209 	0.97958745 	0.94716844 	0.99999353 	0.99999837 	0.98565192 	0.99982003 	0.99999485 	
0.99999284 	0.99999702 	0.98653265 	0.99996199 	0.99323517 	0.99999882 	0.98505132 	0.99999905 	0.97955209 	0.97958745 	0.94716844 	0.99999353 	0.99999837 	0.98565192 	0.99982003 	0.99999485 	
0.99999284 	0.99999702 	0.98653265 	0.99996199 	0.99317154 	0.99999882 	0.98505132 	0.99999905 	0.97955209 	0.97958745 	0.94716844 	0.99999353 	0.99999837 	0.98565192 	0.99982003 	0.99999485 	
0.99999284 	0.99999702 	0.98653265 	0.99996199 	0.99317154 	0.99999882 	0.98505132 	0.99999905 	0.97955209 	0.97958745 	0.94716844 	0.99999353 	0.99999837 	0.98565192 	0.99982003 	0.99999485 	
0.99999284 	0.99999702 	0.98653265 	0.99996199 	0.99317154 	0.99999882 	0.98490437 	0.99999905 	0.97955209 	0.97958745 	0.94716844 	0.99999353 	0.99999837 	0.98565192 	0.99982003 	0.99999485 	
0.99999284 	0.99999702 	0.98653265 	0.99996199 	0.99317154 	0.99999882 	0.98490437 	0.99999905 	0.97955209 	0.97958745 	0.94716844 	0.99999353 	0.99999837 	0.98565192 	0.99982003 	0.99999485 	
0.99999284 	0.99999702 	0.98653265 	0.99996199 	0.99317154 	0.99999882 	0.98490437 	0.99999905 	0.97950659 	0.97958745 	0.94716844 	0.99999353 	0.99999837 	0.98565192 	0.99982003 	0.99999485 	
0.99999284 	0.99999702 	0.98653265 	0.99996199 	0.99317154 	0.99999882 	0.98490437 	0.99999905 	0.97950659 	0.97958745 	0.94716844 	0.99999353 	0.99999837 	0.98565192 	0.99982003 	0.99999485 	
0.99999284 	0.99999702 	0.98653265 	0.99996199 	0.99317154 	0.99999882 	0.98490437 	0.99999905 	0.97950659 	0.97958745 	0.94716844 	0.99999353 	0.99999837 	0.98565192 	0.99982003 	0.99999485 	
0.99999284 	0.99999702 	0.98653265 	0.99996199 	0.99317154 	0.99999882 	0.98490437 	0.99999905 	0.97950659 	0.97958745 	0.94716844 	0.99999353 	0.99999837 	0.98565192 	0.99982003 	0.99999485 	
0.99999284 	0.99999702 	0.98653265 	0.99996199 	0.99317154 	0.99999882 	0.98490437 	0.99999905 	0.97950659 	0.97958745 	0.94716844 	0.99999353 	0.99999988 	0.98565192 	0.99982003 	0.99999485 	
0.99999284 	0.99999702 	0.98653265 	0.99996199 	0.99317154 	0.99999882 	0.98490437 	0.99999905 	0.97950659 	0.97958745 	0.94716844 	0.99999353 	0.99999988 	0.98754073 	0.99982003 	0.99999485 	
0.99999284 	0.99999702 	0.98653265 	0.99996199 	0.99317154 	0.99999882 	0.98490437 	0.99999905 	0.97950659 	0.97958745 	0.94716844 	0.99999353 	0.99999988 	0.98754073 	0.99996370 	0.99999485 	
0.99999284 	0.99999702 	0.98653265 	0.99996199 	0.99317154 	0.99999882 	0.98490437 	0.99999905 	0.97950659 	0.97958745 	0.94716844 	0.99999353 	0.99999988 	0.98754073 	0.99996370 	0.99999485 	
0.99999809 	0.99999702 	0.98653265 	0.99996199 	0.99317154 	0.99999882 	0.98490437 	0.99999905 	0.97950659 	0.97958745 	0.94716844 	0.99999353 	0.99999988 	0.98754073 	0.99996370 	0.99999485 	
0.99999809 	0.99999702 	0.98653265 	0.99996199 	0.99317154 	0.99999882 	0.98490437 	0.99999905 	0.97950659 	0.97958745 	0.94716844 	0.99999353 	0.99999988 	0.98754073 	0.99996370 	0.99999485 	
0.99999809 	0.99999702 	0.98653265 	0.99996199 	0.99317154 	0.99999882 	0.98490437 	0.99999905 	0.97950659 	0.97958745 	0.94716844 	0.99999353 	0.99999988 	0.98754073 	0.99996370 	0.99999485 	
0.99999809 	0.99999702 	0.98653265 	0.99999132 	0.99317154 	0.99999882 	0.98490437 	0.99999905 	0.97950659 	0.97958745 	0.94716844 	0.99999353 	0.99999988 	0.98754073 	0.99996370 	0.99999485 	
0.99999809 	0.99999702 	0.98653265 	0.99999132 	0.99160842 	0.99999882 	0.98490437 	0.99999905 	0.97950659 	0.97958745 	0.94716844 	0.99999353 	0.99999988 	0.98754073 	0.99996370 	0.99999485 	
0.99999809 	0.99999702 	0.98653265 	0.99999132 	0.99160842 	0.99999991 	0.98490437 	0.99999905 	0.97950659 	0.97958745 	0.94716844 	0.99999353 	0.99999988 	0.98754073 	0.99996370 	0.99999485 	
0.99999809 	0.99999702 	0.98653265 	0.99999132 	0.99160842 	0.99999991 	0.98498990 	0.99999905 	0.97950659 	0.97958745 	0.94716844 	0.99999353 	0.99999988 	0.98754073 	0.99996370 	0.99999485 	
0.99999809 	0.99999702 	0.98653265 	0.99999132 	0.99160842 	0.99999991 	0.98498990 	0.99999905 	0.97950659 	0.97958745 	0.94716844 	0.99999353 	0.99999988 	0.98754073 	0.99996370 	0.99999485 	
0.99999809 	0.99999702 	0.98653265 	0.99999132 	0.99160842 	0.99999991 	0.98498990 	0.99999905 	0.97950659 	0.97958745 	0.94716844 	0.99999353 	0.99999988 	0.98754073 	0.99996370 	0.99999485 	
0.99999809 	0.99999702 	0.98653265 	0.99999132 	0.99160842 	0.99999991 	0.98498990 	0.99999905 	0.97950659 	0.97948036 	0.94716844 	0.99999353 	0.99999988 	0.98754073 	0.99996370 	0.99999485 	
0.99999809 	0.99999702 	0.98653265 	0.99999132 	0.99160842 	0.99999991 	0.98498990 	0.99999905 	0.97950659 	0.97948036 	0.94724023 	0.99999353 	0.99999988 	0.98754073 	0.99996370 	0.99999485 	
0.99999809 	0.99999702 	0.98653265 	0.99999132 	0.99160842 	0.99999991 	0.98498990 	0.99999905 	0.97950659 	0.97948036 	0.94724023 	0.99999525 	0.99999988 	0.98754073 	0.99996370 	0.99999485 	
0.99999809 	0.99999702 	0.98653265 	0.99999132 	0.99160842 	0.99999991 	0.98498990 	0.99999905 	0.97950659 	0.97948036 	0.94724023 	0.99999525 	0.99999988 	0.98754073 	0.99996370 	0.99999485 	
0.99999809 	0.99999702 	0.98653265 	0.99999132 	0.99160842 	0.99999991 	0.98498990 	0.99999905 	0.97950659 	0.97948036 	0.94724023 	0.99999525 	0.99999988 	0.98754073 	0.99996370 	0.99999485 	
0.99999809 	0.99999702 	0.98653265 	0.99999132 	0.99160842 	0.99999991 	0.98498990 	0.99999905 	0.97950659 	0.97948036 	0.94724023 	0.99999525 	0.99999988 	0.98754073 	0.99996370 	0.99999485 	
0.99999809 	0.99999702 	0.98653265 	0.99999132 	0.99160842 	0.99999991 	0.98498990 	0.99999905 	0.97950659 	0.97948036 	0.94724023 	0.99999525 	0.99999988 	0.98754073 	0.99996370 	0.99999485 	
0.99999820 	0.99999702 	0.98653265 	0.99999132 	0.99160842 	0.99999991 	0.98498990 	0.99999905 	0.97950659 	0.97948036 	0.94724023 	0.99999525 	0.99999988 	0.98754073 	0.99996370 	0.99999485 	
0.99999820 	0.99999702 	0.98653265 	0.99999132 	0.99160842 	0.99999991 	0.98498990 	0.99999905 	0.97950659 	0.97948036 	0.94724023 	0.99999525 	0.99999988 	0.98754073 	0.99996370 	0.99999485 	
0.99999820 	0.99999702 	0.98653265 	0.99999132 	0.99160842 	0.99999991 	0.98498990 	0.99999905 	0.97950659 	0.97948036 	0.94724023 	0.99999525 	0.99999988 	0.98754073 	0.99996370 	0.99999485 	
0.99999820 	0.99999702 	0.98653265 	0.99999132 	0.99160842 	0.99999991 	0.98498990 	0.99999905 	0.97950659 	0.97948036 	0.94724023 	0.99999525 	0.99999988 	0.98754073 	0.99996370 	0.99999485 	
0.99999820 	0.99999702 	0.98653265 	0.99999132 	0.99160842 	0.99999991 	0.98498990 	0.99999905 	0.97950659 	0.97948036 	0.94724023 	0.99999525 	0.99999988 	0.98754073 	0.99996370 	0.99999485 	
0.99999820 	0.99999702 	0.98653265 	0.99999132 	0.99160842 	0.99999991 	0.98498990 	0.99999905 	0.97950659 	0.97948036 	0.94724023 	0.99999525 	0.99999988 	0.98754073 	0.99996370 	0.99999485 	
0.99999820 	0.99999702 	0.98653265 	0.99999132 	0.99160842 	0.99999991 	0.98498990 	0.99999905 	0.97950659 	0.97948036 	0.94724023 	0.99999525 	0.99999988 	0.98754073 	0.99996370 	0.99999485 	
0.99999820 	0.99999702 	0.98653265 	0.99999132 	0.99160842 	0.99999991 	0.98498990 	0.99999917 	0.97950659 	0.97948036 	0.94724023 	0.99999525 	0.99999988 	0.98754073 	0.99996370 	0.99999485 	
0.99999820 	0.99999702 	0.98653265 	0.99999132 	0.99160842 	0.99999991 	0.98498990 	0.99999917 	0.97950659 	0.97948036 	0.94724023 	0.99999525 	0.99999988 	0.98754073 	0.99996370 	0.99999485 	
0.99999820 	0.99999702 	0.98653265 	0.99999132 	0.99160842 	0.99999991 	0.98498990 	0.99999917 	0.97950659 	0.97948036 	0.94724023 	0.99999525 	0.99999988 	0.98754073 	0.99996370 	0.99999485 	
0.99999820 	0.99999702 	0.98653265 	0.99999132 	0.99160842 	0.99999991 	0.98498990 	0.99999917 	0.97950659 	0.97948036 	0.94724023 	0.99999525 	0.99999988 	0.98754073 	0.99996370 	0.99999485 	
0.99999820 	0.99999702 	0.98653265 	0.99999132 	0.99160842 	0.99999991 	0.98498990 	0.99999917 	0.97950659 	0.97948036 	0.94724023 	0.99999525 	0.99999988 	0.98754073 	0.99996370 	0.99999485 	
0.99999820 	0.99999702 	0.98653265 	0.99999132 	0.99160842 	0.99999991 	0.98498990 	0.99999917 	0.97950659 	0.97948036 	0.94724023 	0.99999525 	0.99999988 	0.98754073 	0.99996370 	0.99999485 	
0.99999820 	0.99999702 	0.98653265 	0.99999132 	0.99160842 	0.99999991 	0.98498990 	0.99999917 	0.97950659 	0.97948036 	0.94724023 	0.99999525 	0.99999988 	0.98754073 	0.99996370 	0.99999485 	
0.99999820 	0.99999702 	0.98653265 	0.99999132 	0.99160842 	0.99999991 	0.98498990 	0.99999917 	0.97950659 	0.97948036 	0.94724023 	0.99999525 	0.99999988 	0.98754073 	0.99997231 	0.99999485 	
0.99999820 	0.99999702 	0.98653265 	0.99999132 	0.99160842 	0.99999991 	0.98498990 	0.99999917 	0.97950659 	0.97948036 	0.94724023 	0.99999525 	0.99999988 	0.98754073 	0.99997231 	0.99999485 	
0.99999820 	0.99999702 	0.98653265 	0.99999132 	0.99160842 	0.99999991 	0.98498990 	0.99999917 	0.97950659 	0.97948036 	0.94724023 	0.99999525 	0.99999988 	0.98754073 	0.99997231 	0.99999485 	
0.99999820 	0.99999702 	0.98653265 	0.99999132 	0.99160842 	0.99999991 	0.98498990 	0.99999917 	0.97950659 	0.97948036 	0.94724023 	0.99999525 	0.99999988 	0.98754073 	0.99997231 	0.99999485 	
0.99999820 	0.99999702 	0.98653265 	0.99999132 	0.99160842 	0.99999991 	0.98498990 	0.99999917 	0.97950659 	0.97948036 	0.94724023 	0.99999525 	0.99999988 	0.98754073 	0.99997231 	0.99999485 	
0.99999820 	0.99999702 	0.98653265 	0.99999132 	0.99160842 	0.99999991 	0.98498990 	0.99999917 	0.97950659 	0.97948036 	0.94724023 	0.99999525 	0.99999988 	0.98754073 	0.99997231 	0.99999485 	
0.99999820 	0.99999702 	0.98653265 	0.99999132 	0.99160842 	0.99999991 	0.98498990 	0.99999917 	0.97950659 	0.97948036 	0.94724023 	0.99999525 	0.99999988 	0.98754073 	0.99997231 	0.99999485 	
0.99999820 	0.99999702 	0.98653265 	0.99999132 	0.99160842 	0.99999994 	0.98498990 	0.99999917 	0.97950659 	0.97948036 	0.94724023 	0.99999525 	0.99999988 	0.98754073 	0.99997231 	0.99999485 	
0.99999820 	0.99999702 	0.98653265 	0.99999132 	0.99160842 	0.99999994 	0.98498990 	0.99999917 	0.97950659 	0.97948036 	0.94724023 	0.99999525 	0.99999988 	0.98754073 	0.99997231 	0.99999485 	
0.99999820 	0.99999702 	0.98653265 	0.99999132 	0.99160842 	0.99999994 	0.98498990 	0.99999917 	0.97950659 	0.97948036 	0.94724023 	0.99999525 	0.99999988 	0.98754073 	0.99997231 	0.99999485 	
0.99999820 	0.99999702 	0.98653265 	0.99999132 	0.99160842 	0.99999994 	0.98498990 	0.99999917 	0.97950659 	0.97948036 	0.94724023 	0.99999525 	0.99999988 	0.98754073 	0.99997231 	0.99999485 	
0.99999820 	0.99999702 	0.98653265 	0.99999132 	0.99160842 	0.99999994 	0.98498990 	0.99999917 	0.97950659 	0.97948036 	0.94724023 	0.99999525 	0.99999988 	0.98754073 	0.99997231 	0.99999485 	
0.99999820 	0.99999702 	0.98653265 	0.99999132 	0.99160842 	0.99999994 	0.98498990 	0.99999917 	0.97950659 	0.97948036 	0.94724023 	0.99999525 	0.99999988 	0.98754073 	0.99997231 	0.99999485 	
0.99999820 	0.99999702 	0.98653265 	0.99999132 	0.99160842 	0.99999994 	0.98498990 	0.99999917 	0.97950659 	0.97948036 	0.94724023 	0.99999525 	0.99999988 	0.98754073 	0.99997231 	0.99999485 	
0.99999820 	0.99999702 	0.98653265 	0.99999132 	0.99160842 	0.99999994 	0.98498990 	0.99999917 	0.97950659 	0.97948036 	0.94724023 	0.99999525 	0.99999988 	0.98754073 	0.99997231 	0.99999485 	
0.99999820 	0.99999702 	0.98653265 	0.99999132 	0.99160842 	0.99999994 	0.98498990 	0.99999917 	0.97950659 	0.97948036 	0.94724023 	0.99999525 	0.99999988 	0.98761397 	0.99997231 	0.99999485 	
0.99999820 	0.99999702 	0.98653265 	0.99999132 	0.99160842 	0.99999994 	0.98498990 	0.99999917 	0.97950659 	0.97948036 	0.94724023 	0.99999525 	0.99999988 	0.98761397 	0.99997231 	0.99999485 	
0.99999820 	0.99999702 	0.98653265 	0.99999132 	0.99160842 	0.99999994 	0.98498990 	0.99999917 	0.97950659 	0.97948036 	0.94724023 	0.99999525 	0.99999988 	0.98761397 	0.99997231 	0.99999553 	
0.99999955 	0.99999702 	0.98653265 	0.99999132 	0.99160842 	0.99999994 	0.98498990 	0.99999917 	0.97950659 	0.97948036 	0.94724023 	0.99999525 	0.99999988 	0.98761397 	0.99997231 	0.99999553 	
0.99999955 	0.99999702 	0.98653265 	0.99999132 	0.99160842 	0.99999994 	0.98498990 	0.99999917 	0.97950659 	0.97948036 	0.94724023 	0.99999525 	0.99999988 	0.98761397 	0.99997231 	0.99999553 	
0.99999955 	0.99999702 	0.98649100 	0.99999132 	0.99160842 	0.99999994 	0.98498990 	0.99999917 	0.97950659 	0.97948036 	0.94724023 	0.99999525 	0.99999988 	0.98761397 	0.99997231 	0.99999553 	
0.99999955 	0.99999702 	0.98649100 	0.99999205 	0.99160842 	0.99999994 	0.98498990 	0.99999917 	0.97950659 	0.97948036 	0.94724023 	0.99999525 	0.99999988 	0.98761397 	0.99997231 	0.99999553 	
0.99999955 	0.99999702 	0.98649100 	0.99999205 	0.99160842 	0.99999994 	0.98498990 	0.99999917 	0.97950659 	0.97948036 	0.94724023 	0.99999525 	0.99999988 	0.98761397 	0.99997231 	0.99999553 	
0.99999955 	0.99999702 	0.98649100 	0.99999205 	0.99160842 	0.99999994 	0.98498990 	0.99999917 	0.97950659 	0.97948036 	0.94724023 	0.99999525 	0.99999988 	0.98761397 	0.99997231 	0.99999553 	
0.99999955 	0.99999702 	0.98649100 	0.99999205 	0.99160842 	0.99999994 	0.98498990 	0.99999917 	0.97950659 	0.97948036 	0.94724023 	0.99999525 	0.99999988 	0.98761397 	0.99997231 	0.99999553 	
0.99999955 	0.99999702 	0.98649100 	0.99999205 	0.99160842 	0.99999994 	0.98498990 	0.99999917 	0.97950659 	0.97948036 	0.94724023 	0.99999525 	0.99999988 	0.98761397 	0.99997231 	0.99999553 	
0.99999955 	0.99999702 	0.98649100 	0.99999205 	0.99160842 	0.99999994 	0.98498990 	0.99999917 	0.97950659 	0.97948036 	0.94724023 	0.99999525 	0.99999988 	0.98761397 	0.99997231 	0.99999553 	
0.99999955 	0.99999702 	0.98649100 	0.99999205 	0.99160842 	0.99999994 	0.98498990 	0.99999917 	0.97950659 	0.97948036 	0.94724023 	0.99999525 	0.99999988 	0.98761397 	0.99997231 	0.99999553 	
0.99999955 	0.99999702 	0.98649100 	0.99999205 	0.99160842 	0.99999994 	0.98498990 	0.99999917 	0.97950659 	0.97948036 	0.94724023 	0.99999525 	0.99999988 	0.98761397 	0.99997231 	0.99999553 	
0.99999955 	0.99999702 	0.98649100 	0.99999205 	0.99160842 	0.99999994 	0.98498990 	0.99999917 	0.97950659 	0.97948036 	0.94724023 	0.99999525 	0.99999988 	0.98761397 	0.99997231 	0.99999553 	
0.99999955 	0.99999702 	0.98649100 	0.99999205 	0.99160842 	0.99999994 	0.98498990 	0.99999917 	0.97950659 	0.97948036 	0.94724023 	0.99999525 	0.99999988 	0.98761397 	0.99997231 	0.99999553 	
0.99999955 	0.99999702 	0.98649100 	0.99999205 	0.99160842 	0.99999994 	0.98498990 	0.99999917 	0.97950659 	0.97948036 	0.94724023 	0.99999525 	0.99999988 	0.98761397 	0.99997231 	0.99999553 	
0.99999955 	0.99999702 	0.98649100 	0.99999205 	0.99160842 	0.99999994 	0.98498990 	0.99999917 	0.97950659 	0.97948036 	0.94724023 	0.99999525 	0.99999988 	0.98761397 	0.99997322 	0.99999553 	
0.99999955 	0.99999702 	0.98649100 	0.99999205 	0.99160842 	0.99999994 	0.98498990 	0.99999917 	0.97950659 	0.97948036 	0.94724023 	0.99999525 	0.99999988 	0.98761397 	0.99997322 	0.99999667 	
0.99999974 	0.99999702 	0.98649100 	0.99999205 	0.99160842 	0.99999994 	0.98498990 	0.99999917 	0.97950659 	0.97948036 	0.94724023 	0.99999525 	0.99999988 	0.98761397 	0.99997322 	0.99999667 	
0.99999974 	0.99999702 	0.98649100 	0.99999205 	0.99160842 	0.99999994 	0.98498990 	0.99999917 	0.97950659 	0.97948036 	0.94724023 	0.99999525 	0.99999988 	0.98761397 	0.99997322 	0.99999667 	
0.99999974 	0.99999702 	0.98649100 	0.99999205 	0.99160842 	0.99999994 	0.98498990 	0.99999917 	0.97950659 	0.97948036 	0.94724023 	0.99999525 	0.99999988 	0.98761397 	0.99997322 	0.99999667 	
0.99999974 	0.99999702 	0.98649100 	0.99999205 	0.99160842 	0.99999994 	0.98498990 	0.99999917 	0.97950659 	0.97948036 	0.94724023 	0.99999525 	0.99999988 	0.98761397 	0.99997322 	0.99999667 	
0.99999974 	0.99999702 	0.98649100 	0.99999205 	0.99160842 	0.99999994 	0.98498990 	0.99999917 	0.97950659 	0.97948036 	0.94724023 	0.99999525 	0.99999988 	0.98761397 	0.99997322 	0.99999667 	
0.99999974 	0.99999702 	0.98649100 	0.99999205 	0.99160842 	0.99999994 	0.98498990 	0.99999917 	0.97950659 	0.97948036 	0.94724023 	0.99999525 	0.99999988 	0.98761397 	0.99997322 	0.99999667 	
0.99999974 	0.99999702 	0.98649100 	0.99999205 	0.99160842 	0.99999994 	0.98498769 	0.99999917 	0.97950659 	0.97948036 	0.94724023 	0.99999525 	0.99999988 	0.98761397 	0.99997322 	0.99999667 	
0.99999974 	0.99999702 	0.98649100 	0.99999205 	0.99160842 	0.99999994 	0.98498769 	0.99999917 	0.97950659 	0.97948036 	0.94724023 	0.99999525 	0.99999988 	0.98761397 	0.99997322 	0.99999667 	
0.99999974 	0.99999702 	0.98649100 	0.99999205 	0.99160842 	0.99999994 	0.98498769 	0.99999917 	0.97950659 	0.97948036 	0.94724023 	0.99999525 	0.99999988 	0.98761397 	0.99997322 	0.99999667 	
0.99999974 	0.99999702 	0.98649100 	0.99999205 	0.99160842 	0.99999994 	0.98498769 	0.99999917 	0.97950659 	0.97948036 	0.94724023 	0.99999525 	0.99999988 	0.98761397 	0.99997322 	0.99999667 	
0.99999974 	0.99999702 	0.98649100 	0.99999205 	0.99160842 	0.99999994 	0.98498769 	0.99999917 	0.97950659 	0.97948036 	0.94730948 	0.99999525 	0.99999988 	0.98761397 	0.99997322 	0.99999667 	
0.99999974 	0.99999702 	0.98649100 	0.99999205 	0.99160842 	0.99999994 	0.98498769 	0.99999917 	0.97950659 	0.97948036 	0.94730948 	0.99999525 	0.99999988 	0.98761397 	0.99997322 	0.99999667 	
0.99999974 	0.99999702 	0.98649100 	0.99999205 	0.99160842 	0.99999994 	0.98498769 	0.99999917 	0.97950659 	0.97948036 	0.94730948 	0.99999525 	0.99999988 	0.98761397 	0.99997322 	0.99999667 	
0.99999974 	0.99999702 	0.98649100 	0.99999205 	0.99160842 	0.99999994 	0.98498769 	0.99999917 	0.97950659 	0.97948036 	0.94730948 	0.99999525 	0.99999988 	0.98770034 	0.99997322 	0.99999667 	
0.99999974 	0.99999702 	0.98649100 	0.99999205 	0.99160842 	0.99999994 	0.98498769 	0.99999917 	0.97950659 	0.97948036 	0.94730948 	0.99999525 	0.99999988 	0.98770034 	0.99999444 	0.99999667 	
0.99999974 	0.99999702 	0.98649100 	0.99999205 	0.99160842 	0.99999994 	0.98498769 	0.99999917 	0.97950659 	0.97948036 	0.94730948 	0.99999525 	0.99999988 	0.98770034 	0.99999444 	0.99999670 	
0.99999983 	0.99999702 	0.98649100 	0.99999205 	0.99160842 	0.99999994 	0.98498769 	0.99999917 	0.97950659 	0.97948036 	0.94730948 	0.99999525 	0.99999988 	0.98770034 	0.99999444 	0.99999670 	
0.99999983 	0.99999702 	0.98649100 	0.99999205 	0.99160842 	0.99999994 	0.98498769 	0.99999917 	0.97950659 	0.97948036 	0.94730948 	0.99999525 	0.99999988 	0.98770034 	0.99999444 	0.99999670 	
0.99999983 	0.99999702 	0.98637077 	0.99999205 	0.99160842 	0.99999994 	0.98498769 	0.99999917 	0.97950659 	0.97948036 	0.94730948 	0.99999525 	0.99999988 	0.98770034 	0.99999444 	0.99999670 	
0.99999983 	0.99999702 	0.98637077 	0.99999205 	0.99160842 	0.99999994 	0.98498769 	0.99999917 	0.97950659 	0.97948036 	0.94730948 	0.99999525 	0.99999988 	0.98770034 	0.99999444 	0.99999670 	
0.99999983 	0.99999702 	0.98637077 	0.99999205 	0.99160842 	0.99999994 	0.98498769 	0.99999917 	0.97950659 	0.97948036 	0.94730948 	0.99999525 	0.99999988 	0.98770034 	0.99999444 	0.99999670 	
0.99999983 	0.99999702 	0.98637077 	0.99999205 	0.99160842 	0.99999994 	0.98498769 	0.99999917 	0.97950659 	0.97948036 	0.94730948 	0.99999525 	0.99999988 	0.98770034 	0.99999444 	0.99999670 	
0.99999983 	0.99999702 	0.98637077 	0.99999205 	0.99160842 	0.99999994 	0.98498769 	0.99999917 	0.97950659 	0.97948036 	0.94730948 	0.99999525 	0.99999988 	0.98770034 	0.99999444 	0.99999670 	
0.99999983 	0.99999702 	0.98637077 	0.99999205 	0.99160842 	0.99999994 	0.98498769 	0.99999917 	0.97950659 	0.97948036 	0.94730948 	0.99999525 	0.99999988 	0.98770034 	0.99999444 	0.99999670 	
0.99999983 	0.99999702 	0.98637077 	0.99999205 	0.99160842 	0.99999994 	0.98498769 	0.99999917 	0.97950659 	0.97948036 	0.94730948 	0.99999525 	0.99999988 	0.98770034 	0.99999444 	0.99999670 	
0.99999983 	0.99999702 	0.98637077 	0.99999205 	0.99160842 	0.99999994 	0.98498769 	0.99999917 	0.97950659 	0.97948036 	0.94730948 	0.99999525 	0.99999988 	0.98770034 	0.99999444 	0.99999670 	
0.99999983 	0.99999702 	0.98637077 	0.99999205 	0.99160842 	0.99999994 	0.98498769 	0.99999917 	0.97950659 	0.97948036 	0.94730948 	0.99999525 	0.99999988 	0.98770034 	0.99999444 	0.99999670 	
0.99999983 	0.99999702 	0.98637077 	0.99999205 	0.99160842 	0.99999994 	0.98498769 	0.99999917 	0.97950659 	0.97948036 	0.94730948 	0.99999974 	0.99999988 	0.98770034 	0.99999444 	0.99999670 	
0.99999983 	0.99999702 	0.98637077 	0.99999205 	0.99160842 	0.99999994 	0.98498769 	0.99999917 	0.97950659 	0.97948036 	0.94730948 	0.99999974 	0.99999988 	0.98770034 	0.99999444 	0.99999670 	
0.99999983 	0.99999702 	0.98637077 	0.99999205 	0.99160842 	0.99999994 	0.98498769 	0.99999917 	0.97950659 	0.97948036 	0.94730948 	0.99999974 	0.99999988 	0.98770034 	0.99999444 	0.99999670 	
0.99999983 	0.99999702 	0.98637077 	0.99999205 	0.99160842 	0.99999994 	0.98498769 	0.99999917 	0.97950659 	0.97948036 	0.94730948 	0.99999974 	0.99999988 	0.98770034 	0.99999811 	0.99999670 	
0.99999983 	0.99999702 	0.98637077 	0.99999205 	0.99160842 	0.99999994 	0.98498769 	0.99999917 	0.97950659 	0.97948036 	0.94730948 	0.99999974 	0.99999988 	0.98770034 	0.99999811 	0.99999670 	
0.99999991 	0.99999702 	0.98637077 	0.99999205 	0.99160842 	0.99999994 	0.98498769 	0.99999917 	0.97950659 	0.97948036 	0.94730948 	0.99999974 	0.99999988 	0.98770034 	0.99999811 	0.99999670 	
0.99999991 	0.99999702 	0.98637077 	0.99999205 	0.99160842 	0.99999994 	0.98498769 	0.99999917 	0.97950659 	0.97948036 	0.94730948 	0.99999974 	0.99999988 	0.98770034 	0.99999811 	0.99999670 	
0.99999991 	0.99999702 	0.98637077 	0.99999205 	0.99160842 	0.99999994 	0.98498769 	0.99999917 	0.97950659 	0.97948036 	0.94730948 	0.99999974 	0.99999988 	0.98770034 	0.99999811 	0.99999670 	
0.99999991 	0.99999702 	0.98637077 	0.99999205 	0.99160842 	0.99999994 	0.98498769 	0.99999917 	0.97950659 	0.97948036 	0.94730948 	0.99999974 	0.99999988 	0.98770034 	0.99999811 	0.99999670 	
0.99999991 	0.99999702 	0.98637077 	0.99999205 	0.99160842 	0.99999994 	0.98498769 	0.99999917 	0.97950659 	0.97948036 	0.94730948 	0.99999974 	0.99999988 	0.98770034 	0.99999811 	0.99999670 	
0.99999991 	0.99999702 	0.98637077 	0.99999205 	0.99160842 	0.99999994 	0.98498769 	0.99999917 	0.97950659 	0.97948036 	0.94730948 	0.99999974 	0.99999988 	0.98770034 	0.99999811 	0.99999670 	
0.99999991 	0.99999702 	0.98637077 	0.99999205 	0.99160842 	0.99999994 	0.98498769 	0.99999917 	0.97950659 	0.97948036 	0.94730948 	0.99999974 	0.99999988 	0.98770034 	0.99999811 	0.99999670 	
0.99999991 	0.99999702 	0.98637077 	0.99999205 	0.99160842 	0.99999994 	0.98498769 	0.99999917 	0.97950659 	0.97948036 	0.94730948 	0.99999974 	0.99999988 	0.98770034 	0.99999811 	0.99999670 	
0.99999991 	0.99999702 	0.98637077 	0.99999205 	0.99160842 	0.99999994 	0.98498769 	0.99999917 	0.97948142 	0.97948036 	0.94730948 	0.99999974 	0.99999988 	0.98770034 	0.99999811 	0.99999670 	
0.99999991 	0.99999702 	0.98637077 	0.99999205 	0.99160842 	0.99999994 	0.98498769 	0.99999917 	0.97948142 	0.97948036 	0.94730948 	0.99999974 	0.99999988 	0.98770034 	0.99999811 	0.99999670 	
0.99999991 	0.99999702 	0.98637077 	0.99999205 	0.99160842 	0.99999994 	0.98498769 	0.99999917 	0.97948142 	0.97948036 	0.94732380 	0.99999974 	0.99999988 	0.98770034 	0.99999811 	0.99999670 	
0.99999991 	0.99999702 	0.98637077 	0.99999205 	0.99160842 	0.99999994 	0.98498769 	0.99999917 	0.97948142 	0.97948036 	0.94732380 	0.99999974 	0.99999988 	0.98770034 	0.99999811 	0.99999670 	
0.99999991 	0.99999702 	0.98637077 	0.99999205 	0.99160842 	0.99999994 	0.98498769 	0.99999917 	0.97948142 	0.97948036 	0.94732380 	0.99999974 	0.99999988 	0.98770034 	0.99999811 	0.99999670 	
0.99999991 	0.99999702 	0.98637077 	0.99999205 	0.99160842 	0.99999994 	0.98498769 	0.99999917 	0.97948142 	0.97948036 	0.94732380 	0.99999974 	0.99999988 	0.98770034 	0.99999811 	0.99999670 	
0.99999991 	0.99999702 	0.98637077 	0.99999205 	0.99160842 	0.99999994 	0.98498769 	0.99999917 	0.97948142 	0.97948036 	0.94732380 	0.99999974 	0.99999988 	0.98770034 	0.99999811 	0.99999670 	
0.99999991 	0.99999702 	0.98637077 	0.99999205 	0.99160842 	0.99999994 	0.98498769 	0.99999917 	0.97948142 	0.97948036 	0.94732380 	0.99999974 	0.99999988 	0.98770034 	0.99999811 	0.99999670 	
0.99999991 	0.99999702 	0.98637077 	0.99999205 	0.99160842 	0.99999994 	0.98498769 	0.99999917 	0.97948142 	0.97948036 	0.94732380 	0.99999974 	0.99999988 	0.98770034 	0.99999811 	0.99999670 	
0.99999991 	0.99999913 	0.98637077 	0.99999205 	0.99160842 	0.99999994 	0.98498769 	0.99999917 	0.97948142 	0.97948036 	0.94732380 	0.99999974 	0.99999988 	0.98770034 	0.99999811 	0.99999670 	
0.99999991 	0.99999913 	0.98637077 	0.99999205 	0.99160842 	0.99999994 	0.98498769 	0.99999917 	0.97948142 	0.97948036 	0.94732380 	0.99999974 	0.99999988 	0.98770034 	0.99999811 	0.99999670 	
0.99999991 	0.99999913 	0.98637077 	0.99999205 	0.99160842 	0.99999994 	0.98498769 	0.99999917 	0.97948142 	0.97948036 	0.94732380 	0.99999974 	0.99999988 	0.98770034 	0.99999811 	0.99999670 	
0.99999991 	0.99999913 	0.98637077 	0.99999205 	0.99160842 	0.99999994 	0.98498769 	0.99999917 	0.97948142 	0.97948036 	0.94732380 	0.99999974 	0.99999988 	0.98770034 	0.99999811 	0.99999670 	
0.99999991 	0.99999913 	0.98637077 	0.99999205 	0.99160842 	0.99999994 	0.98498769 	0.99999917 	0.97948142 	0.97948036 	0.94732380 	0.99999974 	0.99999988 	0.98770034 	0.99999811 	0.99999670 	
0.99999991 	0.99999913 	0.98637077 	0.99999205 	0.99160842 	0.99999994 	0.98498769 	0.99999917 	0.97948142 	0.97948036 	0.94732380 	0.99999974 	0.99999988 	0.98770034 	0.99999811 	0.99999670 	
0.99999991 	0.99999913 	0.98637077 	0.99999205 	0.99160842 	0.99999994 	0.98498769 	0.99999923 	0.97948142 	0.97948036 	0.94732380 	0.99999974 	0.99999988 	0.98770034 	0.99999811 	0.99999670 	
0.99999991 	0.99999913 	0.98637077 	0.99999205 	0.99160842 	0.99999994 	0.98498769 	0.99999923 	0.97948142 	0.97948036 	0.94732380 	0.99999974 	0.99999988 	0.98770034 	0.99999811 	0.99999670 	
0.99999991 	0.99999913 	0.98637077 	0.99999205 	0.99160842 	0.99999994 	0.98498769 	0.99999923 	0.97948142 	0.97948036 	0.94732380 	0.99999974 	0.99999988 	0.98770034 	0.99999811 	0.99999670 	
0.99999991 	0.99999913 	0.98637077 	0.99999205 	0.99160842 	0.99999994 	0.98498769 	0.99999923 	0.97948142 	0.97948036 	0.94754667 	0.99999974 	0.99999988 	0.98770034 	0.99999811 	0.99999670 	
0.99999991 	0.99999913 	0.98637077 	0.99999205 	0.99160842 	0.99999994 	0.98498769 	0.99999923 	0.97948142 	0.97948036 	0.94754667 	0.99999974 	0.99999988 	0.98770034 	0.99999811 	0.99999670 	
0.99999991 	0.99999913 	0.98637077 	0.99999205 	0.99160842 	0.99999994 	0.98498769 	0.99999923 	0.97948142 	0.97948036 	0.94754667 	0.99999974 	0.99999988 	0.98770034 	0.99999811 	0.99999670 	
0.99999991 	0.99999913 	0.98637077 	0.99999205 	0.99160842 	0.99999994 	0.98498769 	0.99999923 	0.97948142 	0.97948036 	0.94754667 	0.99999974 	0.99999988 	0.98770034 	0.99999811 	0.99999670 	
0.99999991 	0.99999913 	0.98637077 	0.99999205 	0.99160842 	0.99999994 	0.98498769 	0.99999923 	0.97948142 	0.97948036 	0.94754667 	0.99999974 	0.99999988 	0.98770034 	0.99999828 	0.99999670 	
0.99999991 	0.99999913 	0.98637077 	0.99999205 	0.99160842 	0.99999994 	0.98498769 	0.99999923 	0.97948142 	0.97948036 	0.94754667 	0.99999974 	0.99999988 	0.98770034 	0.99999828 	0.99999929 	
0.99999991 	0.99999913 	0.98637077 	0.99999205 	0.99160842 	0.99999994 	0.98498769 	0.99999923 	0.97948142 	0.97948036 	0.94754667 	0.99999974 	0.99999988 	0.98770034 	0.99999828 	0.99999929 	
0.99999991 	0.99999913 	0.98637077 	0.99999205 	0.99160842 	0.99999994 	0.98498769 	0.99999923 	0.97948142 	0.97948036 	0.94754667 	0.99999974 	0.99999988 	0.98770034 	0.99999828 	0.99999929 	
0.99999991 	0.99999913 	0.98637077 	0.99999205 	0.99160842 	0.99999994 	0.98498769 	0.99999923 	0.97948142 	0.97948036 	0.94754667 	0.99999974 	0.99999988 	0.98770034 	0.99999828 	0.99999929 	
0.99999991 	0.99999913 	0.98637077 	0.99999205 	0.99160842 	0.99999994 	0.98498769 	0.99999923 	0.97948142 	0.97948036 	0.94754667 	0.99999974 	0.99999988 	0.98770034 	0.99999828 	0.99999929 	
0.99999991 	0.99999913 	0.98637077 	0.99999205 	0.99160842 	0.99999994 	0.98498769 	0.99999923 	0.97948142 	0.97948036 	0.94754667 	0.99999974 	0.99999988 	0.98770034 	0.99999828 	0.99999929 	
0.99999991 	0.99999913 	0.98637077 	0.99999205 	0.99160842 	0.99999999 	0.98498769 	0.99999923 	0.97948142 	0.97948036 	0.94754667 	0.99999974 	0.99999988 	0.98770034 	0.99999828 	0.99999929 	
0.99999991 	0.99999913 	0.98637077 	0.99999205 	0.99160842 	0.99999999 	0.98495167 	0.99999923 	0.97948142 	0.97948036 	0.94754667 	0.99999974 	0.99999988 	0.98770034 	0.99999828 	0.99999929 	
0.99999991 	0.99999913 	0.98637077 	0.99999205 	0.99160842 	0.99999999 	0.98495167 	0.99999923 	0.97948142 	0.97948036 	0.94754667 	0.99999974 	0.99999988 	0.98770034 	0.99999828 	0.99999929 	
0.99999991 	0.99999913 	0.98637077 	0.99999205 	0.99160842 	0.99999999 	0.98495167 	0.99999923 	0.97926320 	0.97948036 	0.94754667 	0.99999974 	0.99999988 	0.98770034 	0.99999828 	0.99999929 	
0.99999991 	0.99999913 	0.98637077 	0.99999205 	0.99160842 	0.99999999 	0.98495167 	0.99999923 	0.97926320 	0.97948036 	0.94754667 	0.99999974 	0.99999988 	0.98770034 	0.99999828 	0.99999929 	
0.99999991 	0.99999913 	0.98637077 	0.99999205 	0.99160842 	0.99999999 	0.98495167 	0.99999923 	0.97926320 	0.97948036 	0.94754667 	0.99999974 	0.99999988 	0.98770034 	0.99999828 	0.99999929 	
0.99999991 	0.99999913 	0.98637077 	0.99999205 	0.99160842 	0.99999999 	0.98495167 	0.99999923 	0.97926320 	0.97948036 	0.94754667 	0.99999974 	0.99999988 	0.98770034 	0.99999828 	0.99999929 	
0.99999991 	0.99999913 	0.98637077 	0.99999205 	0.99160842 	0.99999999 	0.98495167 	0.99999923 	0.97926320 	0.97948036 	0.94754667 	0.99999974 	0.99999988 	0.98770034 	0.99999828 	0.99999929 	
0.99999991 	0.99999913 	0.98637077 	0.99999205 	0.99160842 	0.99999999 	0.98495167 	0.99999923 	0.97926320 	0.97948036 	0.94754667 	0.99999974 	0.99999988 	0.98770034 	0.99999828 	0.99999929 	
0.99999991 	0.99999913 	0.98637077 	0.99999205 	0.99160842 	0.99999999 	0.98495167 	0.99999923 	0.97926320 	0.97948036 	0.94754667 	0.99999974 	0.99999988 	0.98770034 	0.99999828 	0.99999929 	
0.99999991 	0.99999913 	0.98637077 	0.99999205 	0.99160842 	0.99999999 	0.98495167 	0.99999923 	0.97926320 	0.97948036 	0.94754667 	0.99999974 	0.99999988 	0.98770034 	0.99999828 	0.99999929 	
0.99999991 	0.99999913 	0.98637077 	0.99999205 	0.99160842 	0.99999999 	0.98495167 	0.99999923 	0.97926320 	0.97948036 	0.94754667 	0.99999974 	0.99999988 	0.98770034 	0.99999828 	0.99999929 	
0.99999991 	0.99999913 	0.98637077 	0.99999205 	0.99160842 	0.99999999 	0.98495167 	0.99999923 	0.97926320 	0.97948036 	0.94754667 	0.99999974 	0.99999988 	0.98770034 	0.99999828 	0.99999929 	
0.99999991 	0.99999913 	0.98637077 	0.99999205 	0.99160842 	0.99999999 	0.98495167 	0.99999923 	0.97926320 	0.97948036 	0.94754667 	0.99999974 	0.99999988 	0.98770034 	0.99999828 	0.99999929 	
0.99999991 	0.99999913 	0.98637077 	0.99999205 	0.99160842 	0.99999999 	0.98495167 	0.99999923 	0.97926320 	0.97948036 	0.94754667 	0.99999974 	0.99999988 	0.98770034 	0.99999828 	0.99999929 	
0.99999991 	0.99999913 	0.98637077 	0.99999205 	0.99160842 	0.99999999 	0.98495167 	0.99999923 	0.97926320 	0.97948036 	0.94754667 	0.99999974 	0.99999988 	0.98770034 	0.99999828 	0.99999929 	
0.99999991 	0.99999913 	0.98637077 	0.99999205 	0.99160842 	0.99999999 	0.98495167 	0.99999923 	0.97926320 	0.97948036 	0.94754667 	0.99999974 	0.99999988 	0.98770034 	0.99999828 	0.99999929 	
0.99999991 	0.99999913 	0.98637077 	0.99999205 	0.99160842 	0.99999999 	0.98495167 	0.99999923 	0.97926320 	0.97948036 	0.94754667 	0.99999974 	0.99999988 	0.98770034 	0.99999828 	0.99999929 	
0.99999991 	0.99999913 	0.98637077 	0.99999205 	0.99160842 	0.99999999 	0.98495167 	0.99999944 	0.97926320 	0.97948036 	0.94754667 	0.99999974 	0.99999988 	0.98770034 	0.99999828 	0.99999929 	
0.99999991 	0.99999913 	0.98637077 	0.99999205 	0.99160842 	0.99999999 	0.98495167 	0.99999944 	0.97926320 	0.97948036 	0.94754667 	0.99999974 	0.99999988 	0.98770034 	0.99999828 	0.99999929 	
0.99999991 	0.99999913 	0.98637077 	0.99999205 	0.99160842 	0.99999999 	0.98495167 	0.99999944 	0.97926320 	0.97948036 	0.94754667 	0.99999974 	0.99999988 	0.98770034 	0.99999828 	0.99999929 	
0.99999991 	0.99999913 	0.98637077 	0.99999205 	0.99160842 	0.99999999 	0.98495167 	0.99999944 	0.97926320 	0.97948036 	0.94754667 	0.99999974 	0.99999988 	0.98770034 	0.99999828 	0.99999929 	
0.99999991 	0.99999913 	0.98637077 	0.99999205 	0.99160842 	0.99999999 	0.98495167 	0.99999944 	0.97926320 	0.97948036 	0.94754667 	0.99999974 	0.99999988 	0.98770034 	0.99999828 	0.99999929 	
0.99999991 	0.99999913 	0.98637077 	0.99999205 	0.99160842 	0.99999999 	0.98495167 	0.99999944 	0.97926320 	0.97948036 	0.94754667 	0.99999974 	0.99999988 	0.98770034 	0.99999828 	0.99999929 	
0.99999991 	0.99999913 	0.98637077 	0.99999205 	0.99160842 	0.99999999 	0.98495167 	0.99999944 	0.97926320 	0.97948036 	0.94754667 	0.99999974 	0.99999988 	0.98770034 	0.99999828 	0.99999929 	
0.99999991 	0.99999913 	0.98637077 	0.99999205 	0.99160842 	0.99999999 	0.98495167 	0.99999944 	0.97926320 	0.97948036 	0.94754667 	0.99999974 	0.99999988 	0.98770034 	0.99999828 	0.99999929 	
0.99999991 	0.99999913 	0.98637077 	0.99999205 	0.99160842 	0.99999999 	0.98495167 	0.99999944 	0.97926320 	0.97948036 	0.94754667 	0.99999974 	0.99999988 	0.98770034 	0.99999828 	0.99999929 	
0.99999991 	0.99999913 	0.98637077 	0.99999205 	0.99160842 	0.99999999 	0.98495167 	0.99999944 	0.97926320 	0.97948036 	0.94754667 	0.99999974 	0.99999988 	0.98770034 	0.99999828 	0.99999929 	
0.99999991 	0.99999913 	0.98637077 	0.99999205 	0.99160842 	0.99999999 	0.98495167 	0.99999944 	0.97926320 	0.97948036 	0.94754667 	0.99999974 	0.99999988 	0.98770034 	0.99999828 	0.99999929 	
0.99999991 	0.99999913 	0.98637077 	0.99999205 	0.99160842 	0.99999999 	0.98495167 	0.99999944 	0.97926320 	0.97948036 	0.94754667 	0.99999974 	0.99999988 	0.98770034 	0.99999828 	0.99999929 	
0.99999991 	0.99999913 	0.98637077 	0.99999314 	0.99160842 	0.99999999 	0.98495167 	0.99999944 	0.97926320 	0.97948036 	0.94754667 	0.99999974 	0.99999988 	0.98770034 	0.99999828 	0.99999929 	
0.99999991 	0.99999913 	0.98637077 	0.99999314 	0.99160842 	0.99999999 	0.98495167 	0.99999944 	0.97926320 	0.97948036 	0.94754667 	0.99999974 	0.99999988 	0.98770034 	0.99999828 	0.99999929 	
0.99999991 	0.99999913 	0.98637077 	0.99999314 	0.99160842 	0.99999999 	0.98495167 	0.99999944 	0.97926320 	0.97948036 	0.94754667 	0.99999974 	0.99999988 	0.98770034 	0.99999828 	0.99999929 	
0.99999991 	0.99999913 	0.98637077 	0.99999314 	0.99160842 	0.99999999 	0.98495270 	0.99999944 	0.97926320 	0.97948036 	0.94754667 	0.99999974 	0.99999988 	0.98770034 	0.99999828 	0.99999929 	
0.99999991 	0.99999913 	0.98637077 	0.99999314 	0.99160842 	0.99999999 	0.98495270 	0.99999944 	0.97926320 	0.97948036 	0.94754667 	0.99999974 	0.99999988 	0.98770034 	0.99999828 	0.99999929 	
0.99999991 	0.99999913 	0.98637077 	0.99999314 	0.99160842 	0.99999999 	0.98495270 	0.99999944 	0.97926320 	0.97948036 	0.94754667 	0.99999974 	0.99999988 	0.98770034 	0.99999828 	0.99999929 	
0.99999991 	0.99999913 	0.98637077 	0.99999314 	0.99160842 	0.99999999 	0.98495270 	0.99999944 	0.97926320 	0.97948036 	0.94754667 	0.99999974 	0.99999988 	0.98770034 	0.99999828 	0.99999929 	
0.99999991 	0.99999913 	0.98637077 	0.99999314 	0.99160842 	0.99999999 	0.98495270 	0.99999944 	0.97926320 	0.97948036 	0.94747842 	0.99999974 	0.99999988 	0.98770034 	0.99999828 	0.99999929 	
0.99999991 	0.99999913 	0.98637077 	0.99999314 	0.99160842 	0.99999999 	0.98495270 	0.99999944 	0.97926320 	0.97948036 	0.94747842 	0.99999974 	0.99999988 	0.98770034 	0.99999828 	0.99999929 	
0.99999991 	0.99999913 	0.98637077 	0.99999314 	0.99160842 	0.99999999 	0.98495270 	0.99999944 	0.97926320 	0.97948036 	0.94747842 	0.99999974 	0.99999988 	0.98770034 	0.99999828 	0.99999929 	
0.99999991 	0.99999913 	0.98637077 	0.99999314 	0.99160842 	0.99999999 	0.98495270 	0.99999944 	0.97926320 	0.97948036 	0.94747842 	0.99999974 	0.99999988 	0.98770034 	0.99999828 	0.99999929 	
0.99999991 	0.99999913 	0.98637077 	0.99999314 	0.99160842 	0.99999999 	0.98495270 	0.99999944 	0.97926320 	0.97948036 	0.94747842 	0.99999974 	0.99999988 	0.98770034 	0.99999828 	0.99999929 	
0.99999991 	0.99999913 	0.98637077 	0.99999314 	0.99160842 	0.99999999 	0.98495270 	0.99999944 	0.97926320 	0.97948036 	0.94747842 	0.99999974 	0.99999988 	0.98770034 	0.99999828 	0.99999929 	
0.99999991 	0.99999913 	0.98637077 	0.99999314 	0.99160842 	0.99999999 	0.98495270 	0.99999944 	0.97926320 	0.97948036 	0.94747842 	0.99999974 	0.99999988 	0.98770034 	0.99999828 	0.99999929 	
0.99999991 	0.99999913 	0.98637077 	0.99999314 	0.99160842 	0.99999999 	0.98495270 	0.99999944 	0.97926320 	0.97948036 	0.94747842 	0.99999974 	0.99999988 	0.98770034 	0.99999828 	0.99999929 	
0.99999991 	0.99999913 	0.98637077 	0.99999314 	0.99160842 	0.99999999 	0.98495270 	0.99999944 	0.97926320 	0.97948036 	0.94747842 	0.99999974 	0.99999988 	0.98770034 	0.99999828 	0.99999929 	
0.99999991 	0.99999913 	0.98637077 	0.99999779 	0.99160842 	0.99999999 	0.98495270 	0.99999944 	0.97926320 	0.97948036 	0.94747842 	0.99999974 	0.99999988 	0.98770034 	0.99999828 	0.99999929 	
0.99999991 	0.99999913 	0.98637077 	0.99999779 	0.99160842 	0.99999999 	0.98495270 	0.99999944 	0.97926320 	0.97948036 	0.94747842 	0.99999974 	0.99999988 	0.98770034 	0.99999828 	0.99999929 	
0.99999991 	0.99999913 	0.98637077 	0.99999779 	0.99160842 	0.99999999 	0.98495270 	0.99999944 	0.97926320 	0.97948036 	0.94747842 	0.99999974 	0.99999988 	0.98770034 	0.99999828 	0.99999929 	
0.99999991 	0.99999913 	0.98637077 	0.99999779 	0.99160842 	0.99999999 	0.98495270 	0.99999944 	0.97926320 	0.97948036 	0.94747842 	0.99999974 	0.99999988 	0.98770034 	0.99999828 	0.99999929 	
0.99999991 	0.99999913 	0.98637077 	0.99999779 	0.99160842 	0.99999999 	0.98495270 	0.99999944 	0.97926320 	0.97948036 	0.94747842 	0.99999974 	0.99999988 	0.98770034 	0.99999828 	0.99999929 	
0.99999991 	0.99999913 	0.98637077 	0.99999779 	0.99160842 	0.99999999 	0.98495270 	0.99999944 	0.97926320 	0.97948036 	0.94747842 	0.99999974 	0.99999988 	0.98770034 	0.99999828 	0.99999929 	
0.99999991 	0.99999913 	0.98637077 	0.99999779 	0.99160842 	0.99999999 	0.98495270 	0.99999944 	0.97926320 	0.97948036 	0.94747842 	0.99999974 	0.99999988 	0.98770034 	0.99999828 	0.99999929 	
0.99999991 	0.99999913 	0.98637077 	0.99999779 	0.99160842 	0.99999999 	0.98495270 	0.99999944 	0.97926320 	0.97948036 	0.94747842 	0.99999974 	0.99999988 	0.98770034 	0.99999828 	0.99999929 	
0.99999991 	0.99999913 	0.98637077 	0.99999779 	0.99160842 	0.99999999 	0.98495270 	0.99999944 	0.97926320 	0.97948036 	0.94747842 	0.99999974 	0.99999988 	0.98770034 	0.99999828 	0.99999929 	
0.99999991 	0.99999913 	0.98637077 	0.99999779 	0.99160842 	0.99999999 	0.98495270 	0.99999944 	0.97926320 	0.97948036 	0.94747842 	0.99999974 	0.99999988 	0.98770034 	0.99999828 	0.99999929 	
0.99999991 	0.99999913 	0.98637077 	0.99999779 	0.99160842 	0.99999999 	0.98495270 	0.99999944 	0.97926320 	0.97948036 	0.94747842 	0.99999974 	0.99999988 	0.98770034 	0.99999828 	0.99999929 	
0.99999991 	0.99999913 	0.98637077 	0.99999779 	0.99160842 	0.99999999 	0.98495270 	0.99999944 	0.97926320 	0.97948036 	0.94747842 	0.99999974 	0.99999988 	0.98770034 	0.99999828 	0.99999929 	
0.99999991 	0.99999913 	0.98637077 	0.99999779 	0.99160842 	0.99999999 	0.98495270 	0.99999944 	0.97926320 	0.97948036 	0.94747842 	0.99999974 	0.99999988 	0.98770034 	0.99999828 	0.99999929 	
