0.98928849 	0.95878546 	0.09287609 	0.41677244 	0.80043704 	0.70131666 	0.82624128 	0.75688982 	0.16641818 	0.42467736 	0.63613559 	0.89878094 	0.29280322 	0.92156450 	0.97252721 	0.78060256 	
0.98928849 	0.96080435 	0.09287609 	0.41677244 	0.80043704 	0.70131666 	0.82624128 	0.75688982 	0.16641818 	0.42467736 	0.63613559 	0.89878094 	0.29280322 	0.92156450 	0.97252721 	0.78060256 	
0.98928849 	0.96080435 	0.96226293 	0.41677244 	0.80043704 	0.70131666 	0.82624128 	0.75688982 	0.16641818 	0.42467736 	0.63613559 	0.89878094 	0.29280322 	0.92156450 	0.97252721 	0.78060256 	
0.98928849 	0.96080435 	0.96226293 	0.99189947 	0.80043704 	0.70131666 	0.82624128 	0.75688982 	0.16641818 	0.42467736 	0.63613559 	0.89878094 	0.29280322 	0.92156450 	0.97252721 	0.78060256 	
0.98928849 	0.96080435 	0.96226293 	0.99189947 	0.93166854 	0.70131666 	0.82624128 	0.75688982 	0.16641818 	0.42467736 	0.63613559 	0.89878094 	0.29280322 	0.92156450 	0.97252721 	0.78060256 	
0.98928849 	0.96080435 	0.96226293 	0.99189947 	0.93166854 	0.84129068 	0.82624128 	0.75688982 	0.16641818 	0.42467736 	0.63613559 	0.89878094 	0.29280322 	0.92156450 	0.97252721 	0.78060256 	
0.98928849 	0.96080435 	0.96226293 	0.99189947 	0.93166854 	0.84129068 	0.94654929 	0.75688982 	0.16641818 	0.42467736 	0.63613559 	0.89878094 	0.29280322 	0.92156450 	0.97252721 	0.78060256 	
0.98928849 	0.96080435 	0.96226293 	0.99189947 	0.93166854 	0.84129068 	0.94654929 	0.99239126 	0.16641818 	0.42467736 	0.63613559 	0.89878094 	0.29280322 	0.92156450 	0.97252721 	0.78060256 	
0.98928849 	0.96080435 	0.96226293 	0.99189947 	0.93166854 	0.84129068 	0.94654929 	0.99239126 	0.91026685 	0.42467736 	0.63613559 	0.89878094 	0.29280322 	0.92156450 	0.97252721 	0.78060256 	
0.98928849 	0.96080435 	0.96226293 	0.99189947 	0.93166854 	0.84129068 	0.94654929 	0.99239126 	0.91026685 	0.96191696 	0.63613559 	0.89878094 	0.29280322 	0.92156450 	0.97252721 	0.78060256 	
0.98928849 	0.96080435 	0.96226293 	0.99189947 	0.93166854 	0.84129068 	0.94654929 	0.99239126 	0.91026685 	0.96191696 	0.93444171 	0.89878094 	0.29280322 	0.92156450 	0.97252721 	0.78060256 	
0.98928849 	0.96080435 	0.96226293 	0.99189947 	0.93166854 	0.84129068 	0.94654929 	0.99239126 	0.91026685 	0.96191696 	0.93444171 	0.96523108 	0.29280322 	0.92156450 	0.97252721 	0.78060256 	
0.98928849 	0.96080435 	0.96226293 	0.99189947 	0.93166854 	0.84129068 	0.94654929 	0.99239126 	0.91026685 	0.96191696 	0.93444171 	0.96523108 	0.92499793 	0.92156450 	0.97252721 	0.78060256 	
0.98928849 	0.96080435 	0.96226293 	0.99189947 	0.93166854 	0.84129068 	0.94654929 	0.99239126 	0.91026685 	0.96191696 	0.93444171 	0.96523108 	0.92499793 	0.99008671 	0.97252721 	0.78060256 	
0.98928849 	0.96080435 	0.96226293 	0.99189947 	0.93166854 	0.84129068 	0.94654929 	0.99239126 	0.91026685 	0.96191696 	0.93444171 	0.96523108 	0.92499793 	0.99008671 	0.98184640 	0.78060256 	
0.98928849 	0.96080435 	0.96226293 	0.99189947 	0.93166854 	0.84129068 	0.94654929 	0.99239126 	0.91026685 	0.96191696 	0.93444171 	0.96523108 	0.92499793 	0.99008671 	0.98184640 	0.96704387 	
0.98928849 	0.96080435 	0.96226293 	0.99189947 	0.93166854 	0.84129068 	0.94654929 	0.99239126 	0.91026685 	0.96191696 	0.93444171 	0.96523108 	0.92499793 	0.99008671 	0.98184640 	0.96704387 	
0.98928849 	0.98546963 	0.96226293 	0.99189947 	0.93166854 	0.84129068 	0.94654929 	0.99239126 	0.91026685 	0.96191696 	0.93444171 	0.96523108 	0.92499793 	0.99008671 	0.98184640 	0.96704387 	
0.98928849 	0.98546963 	0.98315233 	0.99189947 	0.93166854 	0.84129068 	0.94654929 	0.99239126 	0.91026685 	0.96191696 	0.93444171 	0.96523108 	0.92499793 	0.99008671 	0.98184640 	0.96704387 	
0.98928849 	0.98546963 	0.98315233 	0.99189947 	0.93166854 	0.84129068 	0.94654929 	0.99239126 	0.91026685 	0.96191696 	0.93444171 	0.96523108 	0.92499793 	0.99008671 	0.98184640 	0.96704387 	
0.98928849 	0.98546963 	0.98315233 	0.99189947 	0.96124964 	0.84129068 	0.94654929 	0.99239126 	0.91026685 	0.96191696 	0.93444171 	0.96523108 	0.92499793 	0.99008671 	0.98184640 	0.96704387 	
0.98928849 	0.98546963 	0.98315233 	0.99189947 	0.96124964 	0.84129068 	0.94654929 	0.99239126 	0.91026685 	0.96191696 	0.93444171 	0.96523108 	0.92499793 	0.99008671 	0.98184640 	0.96704387 	
0.98928849 	0.98546963 	0.98315233 	0.99189947 	0.96124964 	0.84129068 	0.94654929 	0.99239126 	0.91026685 	0.96191696 	0.93444171 	0.96523108 	0.92499793 	0.99008671 	0.98184640 	0.96704387 	
0.98928849 	0.98546963 	0.98315233 	0.99189947 	0.96124964 	0.84129068 	0.94654929 	0.99239126 	0.91026685 	0.96191696 	0.93444171 	0.96523108 	0.92499793 	0.99008671 	0.98184640 	0.96704387 	
0.98928849 	0.98546963 	0.98315233 	0.99189947 	0.96124964 	0.84129068 	0.94654929 	0.99239126 	0.93576921 	0.96191696 	0.93444171 	0.96523108 	0.92499793 	0.99008671 	0.98184640 	0.96704387 	
0.98928849 	0.98546963 	0.98315233 	0.99189947 	0.96124964 	0.84129068 	0.94654929 	0.99239126 	0.93576921 	0.96445250 	0.93444171 	0.96523108 	0.92499793 	0.99008671 	0.98184640 	0.96704387 	
0.98928849 	0.98546963 	0.98315233 	0.99189947 	0.96124964 	0.84129068 	0.94654929 	0.99239126 	0.93576921 	0.96445250 	0.95807474 	0.96523108 	0.92499793 	0.99008671 	0.98184640 	0.96704387 	
0.98928849 	0.98546963 	0.98315233 	0.99189947 	0.96124964 	0.84129068 	0.94654929 	0.99239126 	0.93576921 	0.96445250 	0.95807474 	0.99616638 	0.92499793 	0.99008671 	0.98184640 	0.96704387 	
0.98928849 	0.98546963 	0.98315233 	0.99189947 	0.96124964 	0.84129068 	0.94654929 	0.99239126 	0.93576921 	0.96445250 	0.95807474 	0.99616638 	0.93995095 	0.99008671 	0.98184640 	0.96704387 	
0.98928849 	0.98546963 	0.98315233 	0.99189947 	0.96124964 	0.84129068 	0.94654929 	0.99239126 	0.93576921 	0.96445250 	0.95807474 	0.99616638 	0.93995095 	0.99008671 	0.98184640 	0.96704387 	
0.98928849 	0.98546963 	0.98315233 	0.99189947 	0.96124964 	0.84129068 	0.94654929 	0.99239126 	0.93576921 	0.96445250 	0.95807474 	0.99616638 	0.93995095 	0.99008671 	0.99508309 	0.96704387 	
0.98928849 	0.98546963 	0.98315233 	0.99189947 	0.96124964 	0.84129068 	0.94654929 	0.99239126 	0.93576921 	0.96445250 	0.95807474 	0.99616638 	0.93995095 	0.99008671 	0.99508309 	0.99983953 	
0.99544776 	0.98546963 	0.98315233 	0.99189947 	0.96124964 	0.84129068 	0.94654929 	0.99239126 	0.93576921 	0.96445250 	0.95807474 	0.99616638 	0.93995095 	0.99008671 	0.99508309 	0.99983953 	
0.99544776 	0.99254621 	0.98315233 	0.99189947 	0.96124964 	0.84129068 	0.94654929 	0.99239126 	0.93576921 	0.96445250 	0.95807474 	0.99616638 	0.93995095 	0.99008671 	0.99508309 	0.99983953 	
0.99544776 	0.99254621 	0.98315233 	0.99189947 	0.96124964 	0.84129068 	0.94654929 	0.99239126 	0.93576921 	0.96445250 	0.95807474 	0.99616638 	0.93995095 	0.99008671 	0.99508309 	0.99983953 	
0.99544776 	0.99254621 	0.98315233 	0.99957137 	0.96124964 	0.84129068 	0.94654929 	0.99239126 	0.93576921 	0.96445250 	0.95807474 	0.99616638 	0.93995095 	0.99008671 	0.99508309 	0.99983953 	
0.99544776 	0.99254621 	0.98315233 	0.99957137 	0.97958217 	0.84129068 	0.94654929 	0.99239126 	0.93576921 	0.96445250 	0.95807474 	0.99616638 	0.93995095 	0.99008671 	0.99508309 	0.99983953 	
0.99544776 	0.99254621 	0.98315233 	0.99957137 	0.97958217 	0.84129068 	0.94654929 	0.99239126 	0.93576921 	0.96445250 	0.95807474 	0.99616638 	0.93995095 	0.99008671 	0.99508309 	0.99983953 	
0.99544776 	0.99254621 	0.98315233 	0.99957137 	0.97958217 	0.84129068 	0.95249592 	0.99239126 	0.93576921 	0.96445250 	0.95807474 	0.99616638 	0.93995095 	0.99008671 	0.99508309 	0.99983953 	
0.99544776 	0.99254621 	0.98315233 	0.99957137 	0.97958217 	0.84129068 	0.95249592 	0.99985740 	0.93576921 	0.96445250 	0.95807474 	0.99616638 	0.93995095 	0.99008671 	0.99508309 	0.99983953 	
0.99544776 	0.99254621 	0.98315233 	0.99957137 	0.97958217 	0.84129068 	0.95249592 	0.99985740 	0.95378281 	0.96445250 	0.95807474 	0.99616638 	0.93995095 	0.99008671 	0.99508309 	0.99983953 	
0.99544776 	0.99254621 	0.98315233 	0.99957137 	0.97958217 	0.84129068 	0.95249592 	0.99985740 	0.95378281 	0.99171213 	0.95807474 	0.99616638 	0.93995095 	0.99008671 	0.99508309 	0.99983953 	
0.99544776 	0.99254621 	0.98315233 	0.99957137 	0.97958217 	0.84129068 	0.95249592 	0.99985740 	0.95378281 	0.99171213 	0.99811778 	0.99616638 	0.93995095 	0.99008671 	0.99508309 	0.99983953 	
0.99544776 	0.99254621 	0.98315233 	0.99957137 	0.97958217 	0.84129068 	0.95249592 	0.99985740 	0.95378281 	0.99171213 	0.99811778 	0.99936252 	0.93995095 	0.99008671 	0.99508309 	0.99983953 	
0.99544776 	0.99254621 	0.98315233 	0.99957137 	0.97958217 	0.84129068 	0.95249592 	0.99985740 	0.95378281 	0.99171213 	0.99811778 	0.99936252 	0.97226577 	0.99008671 	0.99508309 	0.99983953 	
0.99544776 	0.99254621 	0.98315233 	0.99957137 	0.97958217 	0.84129068 	0.95249592 	0.99985740 	0.95378281 	0.99171213 	0.99811778 	0.99936252 	0.97226577 	0.99819276 	0.99508309 	0.99983953 	
0.99544776 	0.99254621 	0.98315233 	0.99957137 	0.97958217 	0.84129068 	0.95249592 	0.99985740 	0.95378281 	0.99171213 	0.99811778 	0.99936252 	0.97226577 	0.99819276 	0.99573565 	0.99983953 	
0.99544776 	0.99254621 	0.98315233 	0.99957137 	0.97958217 	0.84129068 	0.95249592 	0.99985740 	0.95378281 	0.99171213 	0.99811778 	0.99936252 	0.97226577 	0.99819276 	0.99573565 	0.99983953 	
0.99789021 	0.99254621 	0.98315233 	0.99957137 	0.97958217 	0.84129068 	0.95249592 	0.99985740 	0.95378281 	0.99171213 	0.99811778 	0.99936252 	0.97226577 	0.99819276 	0.99573565 	0.99983953 	
0.99789021 	0.99254621 	0.98315233 	0.99957137 	0.97958217 	0.84129068 	0.95249592 	0.99985740 	0.95378281 	0.99171213 	0.99811778 	0.99936252 	0.97226577 	0.99819276 	0.99573565 	0.99983953 	
0.99789021 	0.99254621 	0.99824794 	0.99957137 	0.97958217 	0.84129068 	0.95249592 	0.99985740 	0.95378281 	0.99171213 	0.99811778 	0.99936252 	0.97226577 	0.99819276 	0.99573565 	0.99983953 	
0.99789021 	0.99254621 	0.99824794 	0.99189947 	0.97958217 	0.84129068 	0.95249592 	0.99985740 	0.95378281 	0.99171213 	0.99811778 	0.99936252 	0.97226577 	0.99819276 	0.99573565 	0.99983953 	
0.99789021 	0.99254621 	0.99824794 	0.99189947 	0.97958217 	0.84129068 	0.95249592 	0.99985740 	0.95378281 	0.99171213 	0.99811778 	0.99936252 	0.97226577 	0.99819276 	0.99573565 	0.99983953 	
0.99789021 	0.99254621 	0.99824794 	0.99189947 	0.97958217 	0.87635095 	0.95249592 	0.99985740 	0.95378281 	0.99171213 	0.99811778 	0.99936252 	0.97226577 	0.99819276 	0.99573565 	0.99983953 	
0.99789021 	0.99254621 	0.99824794 	0.99189947 	0.97958217 	0.87635095 	0.95249592 	0.99985740 	0.95378281 	0.99171213 	0.99811778 	0.99936252 	0.97226577 	0.99819276 	0.99573565 	0.99983953 	
0.99789021 	0.99254621 	0.99824794 	0.99189947 	0.97958217 	0.87635095 	0.95249592 	0.99701641 	0.95378281 	0.99171213 	0.99811778 	0.99936252 	0.97226577 	0.99819276 	0.99573565 	0.99983953 	
0.99789021 	0.99254621 	0.99824794 	0.99189947 	0.97958217 	0.87635095 	0.95249592 	0.99701641 	0.98451727 	0.99171213 	0.99811778 	0.99936252 	0.97226577 	0.99819276 	0.99573565 	0.99983953 	
0.99789021 	0.99254621 	0.99824794 	0.99189947 	0.97958217 	0.87635095 	0.95249592 	0.99701641 	0.98451727 	0.99746211 	0.99811778 	0.99936252 	0.97226577 	0.99819276 	0.99573565 	0.99983953 	
0.99789021 	0.99254621 	0.99824794 	0.99189947 	0.97958217 	0.87635095 	0.95249592 	0.99701641 	0.98451727 	0.99746211 	0.99917537 	0.99936252 	0.97226577 	0.99819276 	0.99573565 	0.99983953 	
0.99789021 	0.99254621 	0.99824794 	0.99189947 	0.97958217 	0.87635095 	0.95249592 	0.99701641 	0.98451727 	0.99746211 	0.99917537 	0.99980026 	0.97226577 	0.99819276 	0.99573565 	0.99983953 	
0.99789021 	0.99254621 	0.99824794 	0.99189947 	0.97958217 	0.87635095 	0.95249592 	0.99701641 	0.98451727 	0.99746211 	0.99917537 	0.99980026 	0.97226577 	0.99819276 	0.99573565 	0.99983953 	
0.99789021 	0.99254621 	0.99824794 	0.99189947 	0.97958217 	0.87635095 	0.95249592 	0.99701641 	0.98451727 	0.99746211 	0.99917537 	0.99980026 	0.97226577 	0.99785183 	0.99573565 	0.99983953 	
0.99789021 	0.99254621 	0.99824794 	0.99189947 	0.97958217 	0.87635095 	0.95249592 	0.99701641 	0.98451727 	0.99746211 	0.99917537 	0.99980026 	0.97226577 	0.99785183 	0.99590796 	0.99983953 	
0.99789021 	0.99254621 	0.99824794 	0.99189947 	0.97958217 	0.87635095 	0.95249592 	0.99701641 	0.98451727 	0.99746211 	0.99917537 	0.99980026 	0.97226577 	0.99785183 	0.99590796 	0.99983953 	
0.99983318 	0.99254621 	0.99824794 	0.99189947 	0.97958217 	0.87635095 	0.95249592 	0.99701641 	0.98451727 	0.99746211 	0.99917537 	0.99980026 	0.97226577 	0.99785183 	0.99590796 	0.99983953 	
0.99983318 	0.99721262 	0.99824794 	0.99189947 	0.97958217 	0.87635095 	0.95249592 	0.99701641 	0.98451727 	0.99746211 	0.99917537 	0.99980026 	0.97226577 	0.99785183 	0.99590796 	0.99983953 	
0.99983318 	0.99721262 	0.99901895 	0.99189947 	0.97958217 	0.87635095 	0.95249592 	0.99701641 	0.98451727 	0.99746211 	0.99917537 	0.99980026 	0.97226577 	0.99785183 	0.99590796 	0.99983953 	
0.99983318 	0.99721262 	0.99901895 	0.99352075 	0.97958217 	0.87635095 	0.95249592 	0.99701641 	0.98451727 	0.99746211 	0.99917537 	0.99980026 	0.97226577 	0.99785183 	0.99590796 	0.99983953 	
0.99983318 	0.99721262 	0.99901895 	0.99352075 	0.99434398 	0.87635095 	0.95249592 	0.99701641 	0.98451727 	0.99746211 	0.99917537 	0.99980026 	0.97226577 	0.99785183 	0.99590796 	0.99983953 	
0.99983318 	0.99721262 	0.99901895 	0.99352075 	0.99434398 	0.88042190 	0.95249592 	0.99701641 	0.98451727 	0.99746211 	0.99917537 	0.99980026 	0.97226577 	0.99785183 	0.99590796 	0.99983953 	
0.99983318 	0.99721262 	0.99901895 	0.99352075 	0.99434398 	0.88042190 	0.96579415 	0.99701641 	0.98451727 	0.99746211 	0.99917537 	0.99980026 	0.97226577 	0.99785183 	0.99590796 	0.99983953 	
0.99983318 	0.99721262 	0.99901895 	0.99352075 	0.99434398 	0.88042190 	0.96579415 	0.99716470 	0.98451727 	0.99746211 	0.99917537 	0.99980026 	0.97226577 	0.99785183 	0.99590796 	0.99983953 	
0.99983318 	0.99721262 	0.99901895 	0.99352075 	0.99434398 	0.88042190 	0.96579415 	0.99716470 	0.98830195 	0.99746211 	0.99917537 	0.99980026 	0.97226577 	0.99785183 	0.99590796 	0.99983953 	
0.99983318 	0.99721262 	0.99901895 	0.99352075 	0.99434398 	0.88042190 	0.96579415 	0.99716470 	0.98830195 	0.99873099 	0.99917537 	0.99980026 	0.97226577 	0.99785183 	0.99590796 	0.99983953 	
0.99983318 	0.99721262 	0.99901895 	0.99352075 	0.99434398 	0.88042190 	0.96579415 	0.99716470 	0.98830195 	0.99873099 	0.99975300 	0.99980026 	0.97226577 	0.99785183 	0.99590796 	0.99983953 	
0.99983318 	0.99721262 	0.99901895 	0.99352075 	0.99434398 	0.88042190 	0.96579415 	0.99716470 	0.98830195 	0.99873099 	0.99975300 	0.99611008 	0.97226577 	0.99785183 	0.99590796 	0.99983953 	
0.99983318 	0.99721262 	0.99901895 	0.99352075 	0.99434398 	0.88042190 	0.96579415 	0.99716470 	0.98830195 	0.99873099 	0.99975300 	0.99611008 	0.97278980 	0.99785183 	0.99590796 	0.99983953 	
0.99983318 	0.99721262 	0.99901895 	0.99352075 	0.99434398 	0.88042190 	0.96579415 	0.99716470 	0.98830195 	0.99873099 	0.99975300 	0.99611008 	0.97278980 	0.99176428 	0.99590796 	0.99983953 	
0.99983318 	0.99721262 	0.99901895 	0.99352075 	0.99434398 	0.88042190 	0.96579415 	0.99716470 	0.98830195 	0.99873099 	0.99975300 	0.99611008 	0.97278980 	0.99176428 	0.99605094 	0.99983953 	
0.99983318 	0.99721262 	0.99901895 	0.99352075 	0.99434398 	0.88042190 	0.96579415 	0.99716470 	0.98830195 	0.99873099 	0.99975300 	0.99611008 	0.97278980 	0.99176428 	0.99605094 	0.99983953 	
0.99983318 	0.99721262 	0.99901895 	0.99352075 	0.99434398 	0.88042190 	0.96579415 	0.99716470 	0.98830195 	0.99873099 	0.99975300 	0.99611008 	0.97278980 	0.99176428 	0.99605094 	0.99983953 	
0.99983318 	0.99907485 	0.99901895 	0.99352075 	0.99434398 	0.88042190 	0.96579415 	0.99716470 	0.98830195 	0.99873099 	0.99975300 	0.99611008 	0.97278980 	0.99176428 	0.99605094 	0.99983953 	
0.99983318 	0.99907485 	0.99901895 	0.99352075 	0.99434398 	0.88042190 	0.96579415 	0.99716470 	0.98830195 	0.99873099 	0.99975300 	0.99611008 	0.97278980 	0.99176428 	0.99605094 	0.99983953 	
0.99983318 	0.99907485 	0.99901895 	0.99352075 	0.99434398 	0.88042190 	0.96579415 	0.99716470 	0.98830195 	0.99873099 	0.99975300 	0.99611008 	0.97278980 	0.99176428 	0.99605094 	0.99983953 	
0.99983318 	0.99907485 	0.99901895 	0.99352075 	0.99434398 	0.88042190 	0.96579415 	0.99716470 	0.98830195 	0.99873099 	0.99975300 	0.99611008 	0.97278980 	0.99176428 	0.99605094 	0.99983953 	
0.99983318 	0.99907485 	0.99901895 	0.99352075 	0.99434398 	0.95392001 	0.96579415 	0.99716470 	0.98830195 	0.99873099 	0.99975300 	0.99611008 	0.97278980 	0.99176428 	0.99605094 	0.99983953 	
0.99983318 	0.99907485 	0.99901895 	0.99352075 	0.99434398 	0.95392001 	0.96579415 	0.99716470 	0.98830195 	0.99873099 	0.99975300 	0.99611008 	0.97278980 	0.99176428 	0.99605094 	0.99983953 	
0.99983318 	0.99907485 	0.99901895 	0.99352075 	0.99434398 	0.95392001 	0.96579415 	0.99804271 	0.98830195 	0.99873099 	0.99975300 	0.99611008 	0.97278980 	0.99176428 	0.99605094 	0.99983953 	
0.99983318 	0.99907485 	0.99901895 	0.99352075 	0.99434398 	0.95392001 	0.96579415 	0.99804271 	0.99228811 	0.99873099 	0.99975300 	0.99611008 	0.97278980 	0.99176428 	0.99605094 	0.99983953 	
0.99983318 	0.99907485 	0.99901895 	0.99352075 	0.99434398 	0.95392001 	0.96579415 	0.99804271 	0.99228811 	0.99873099 	0.99975300 	0.99611008 	0.97278980 	0.99176428 	0.99605094 	0.99983953 	
0.99983318 	0.99907485 	0.99901895 	0.99352075 	0.99434398 	0.95392001 	0.96579415 	0.99804271 	0.99228811 	0.99873099 	0.99975300 	0.99611008 	0.97278980 	0.99176428 	0.99605094 	0.99983953 	
0.99983318 	0.99907485 	0.99901895 	0.99352075 	0.99434398 	0.95392001 	0.96579415 	0.99804271 	0.99228811 	0.99873099 	0.99975300 	0.99616150 	0.97278980 	0.99176428 	0.99605094 	0.99983953 	
0.99983318 	0.99907485 	0.99901895 	0.99352075 	0.99434398 	0.95392001 	0.96579415 	0.99804271 	0.99228811 	0.99873099 	0.99975300 	0.99616150 	0.99457166 	0.99176428 	0.99605094 	0.99983953 	
0.99983318 	0.99907485 	0.99901895 	0.99352075 	0.99434398 	0.95392001 	0.96579415 	0.99804271 	0.99228811 	0.99873099 	0.99975300 	0.99616150 	0.99457166 	0.99176428 	0.99605094 	0.99983953 	
0.99983318 	0.99907485 	0.99901895 	0.99352075 	0.99434398 	0.95392001 	0.96579415 	0.99804271 	0.99228811 	0.99873099 	0.99975300 	0.99616150 	0.99457166 	0.99176428 	0.99744435 	0.99983953 	
0.99983318 	0.99907485 	0.99901895 	0.99352075 	0.99434398 	0.95392001 	0.96579415 	0.99804271 	0.99228811 	0.99873099 	0.99975300 	0.99616150 	0.99457166 	0.99176428 	0.99744435 	0.99983953 	
0.99992445 	0.99907485 	0.99901895 	0.99352075 	0.99434398 	0.95392001 	0.96579415 	0.99804271 	0.99228811 	0.99873099 	0.99975300 	0.99616150 	0.99457166 	0.99176428 	0.99744435 	0.99983953 	
0.99992445 	0.99907485 	0.99901895 	0.99352075 	0.99434398 	0.95392001 	0.96579415 	0.99804271 	0.99228811 	0.99873099 	0.99975300 	0.99616150 	0.99457166 	0.99176428 	0.99744435 	0.99983953 	
0.99992445 	0.99907485 	0.99911438 	0.99352075 	0.99434398 	0.95392001 	0.96579415 	0.99804271 	0.99228811 	0.99873099 	0.99975300 	0.99616150 	0.99457166 	0.99176428 	0.99744435 	0.99983953 	
0.99992445 	0.99907485 	0.99911438 	0.99352075 	0.99434398 	0.95392001 	0.96579415 	0.99804271 	0.99228811 	0.99873099 	0.99975300 	0.99616150 	0.99457166 	0.99176428 	0.99744435 	0.99983953 	
0.99992445 	0.99907485 	0.99911438 	0.99352075 	0.99544719 	0.95392001 	0.96579415 	0.99804271 	0.99228811 	0.99873099 	0.99975300 	0.99616150 	0.99457166 	0.99176428 	0.99744435 	0.99983953 	
0.99992445 	0.99907485 	0.99911438 	0.99352075 	0.99544719 	0.95392001 	0.96579415 	0.99804271 	0.99228811 	0.99873099 	0.99975300 	0.99616150 	0.99457166 	0.99176428 	0.99744435 	0.99983953 	
0.99992445 	0.99907485 	0.99911438 	0.99352075 	0.99544719 	0.95392001 	0.99314506 	0.99804271 	0.99228811 	0.99873099 	0.99975300 	0.99616150 	0.99457166 	0.99176428 	0.99744435 	0.99983953 	
0.99992445 	0.99907485 	0.99911438 	0.99352075 	0.99544719 	0.95392001 	0.99314506 	0.99654610 	0.99228811 	0.99873099 	0.99975300 	0.99616150 	0.99457166 	0.99176428 	0.99744435 	0.99983953 	
0.99992445 	0.99907485 	0.99911438 	0.99352075 	0.99544719 	0.95392001 	0.99314506 	0.99654610 	0.99228811 	0.99873099 	0.99975300 	0.99616150 	0.99457166 	0.99176428 	0.99744435 	0.99983953 	
0.99992445 	0.99907485 	0.99911438 	0.99352075 	0.99544719 	0.95392001 	0.99314506 	0.99654610 	0.99228811 	0.99873099 	0.99975300 	0.99616150 	0.99457166 	0.99176428 	0.99744435 	0.99983953 	
0.99992445 	0.99907485 	0.99911438 	0.99352075 	0.99544719 	0.95392001 	0.99314506 	0.99654610 	0.99228811 	0.99873099 	0.99986291 	0.99616150 	0.99457166 	0.99176428 	0.99744435 	0.99983953 	
0.99992445 	0.99907485 	0.99911438 	0.99352075 	0.99544719 	0.95392001 	0.99314506 	0.99654610 	0.99228811 	0.99873099 	0.99986291 	0.99273387 	0.99457166 	0.99176428 	0.99744435 	0.99983953 	
0.99992445 	0.99907485 	0.99911438 	0.99352075 	0.99544719 	0.95392001 	0.99314506 	0.99654610 	0.99228811 	0.99873099 	0.99986291 	0.99273387 	0.99457166 	0.99176428 	0.99744435 	0.99983953 	
0.99992445 	0.99907485 	0.99911438 	0.99352075 	0.99544719 	0.95392001 	0.99314506 	0.99654610 	0.99228811 	0.99873099 	0.99986291 	0.99273387 	0.99457166 	0.99176428 	0.99744435 	0.99983953 	
0.99992445 	0.99907485 	0.99911438 	0.99352075 	0.99544719 	0.95392001 	0.99314506 	0.99654610 	0.99228811 	0.99873099 	0.99986291 	0.99273387 	0.99457166 	0.99176428 	0.99744435 	0.99983953 	
0.99992445 	0.99907485 	0.99911438 	0.99352075 	0.99544719 	0.95392001 	0.99314506 	0.99654610 	0.99228811 	0.99873099 	0.99986291 	0.99273387 	0.99457166 	0.99176428 	0.99744435 	0.99987315 	
0.99996001 	0.99907485 	0.99911438 	0.99352075 	0.99544719 	0.95392001 	0.99314506 	0.99654610 	0.99228811 	0.99873099 	0.99986291 	0.99273387 	0.99457166 	0.99176428 	0.99744435 	0.99987315 	
0.99996001 	0.99962104 	0.99911438 	0.99352075 	0.99544719 	0.95392001 	0.99314506 	0.99654610 	0.99228811 	0.99873099 	0.99986291 	0.99273387 	0.99457166 	0.99176428 	0.99744435 	0.99987315 	
0.99996001 	0.99962104 	0.99911438 	0.99352075 	0.99544719 	0.95392001 	0.99314506 	0.99654610 	0.99228811 	0.99873099 	0.99986291 	0.99273387 	0.99457166 	0.99176428 	0.99744435 	0.99987315 	
0.99996001 	0.99962104 	0.99911438 	0.99349281 	0.99544719 	0.95392001 	0.99314506 	0.99654610 	0.99228811 	0.99873099 	0.99986291 	0.99273387 	0.99457166 	0.99176428 	0.99744435 	0.99987315 	
0.99996001 	0.99962104 	0.99911438 	0.99349281 	0.99544719 	0.95392001 	0.99314506 	0.99654610 	0.99228811 	0.99873099 	0.99986291 	0.99273387 	0.99457166 	0.99176428 	0.99744435 	0.99987315 	
0.99996001 	0.99962104 	0.99911438 	0.99349281 	0.99544719 	0.95392001 	0.99314506 	0.99654610 	0.99228811 	0.99873099 	0.99986291 	0.99273387 	0.99457166 	0.99176428 	0.99744435 	0.99987315 	
0.99996001 	0.99962104 	0.99911438 	0.99349281 	0.99544719 	0.95392001 	0.99291675 	0.99654610 	0.99228811 	0.99873099 	0.99986291 	0.99273387 	0.99457166 	0.99176428 	0.99744435 	0.99987315 	
0.99996001 	0.99962104 	0.99911438 	0.99349281 	0.99544719 	0.95392001 	0.99291675 	0.99678381 	0.99228811 	0.99873099 	0.99986291 	0.99273387 	0.99457166 	0.99176428 	0.99744435 	0.99987315 	
0.99996001 	0.99962104 	0.99911438 	0.99349281 	0.99544719 	0.95392001 	0.99291675 	0.99678381 	0.99228811 	0.99873099 	0.99986291 	0.99273387 	0.99457166 	0.99176428 	0.99744435 	0.99987315 	
0.99996001 	0.99962104 	0.99911438 	0.99349281 	0.99544719 	0.95392001 	0.99291675 	0.99678381 	0.99228811 	0.99886677 	0.99986291 	0.99273387 	0.99457166 	0.99176428 	0.99744435 	0.99987315 	
0.99996001 	0.99962104 	0.99911438 	0.99349281 	0.99544719 	0.95392001 	0.99291675 	0.99678381 	0.99228811 	0.99886677 	0.99986291 	0.99273387 	0.99457166 	0.99176428 	0.99744435 	0.99987315 	
0.99996001 	0.99962104 	0.99911438 	0.99349281 	0.99544719 	0.95392001 	0.99291675 	0.99678381 	0.99228811 	0.99886677 	0.99986291 	0.99273387 	0.99457166 	0.99176428 	0.99744435 	0.99987315 	
0.99996001 	0.99962104 	0.99911438 	0.99349281 	0.99544719 	0.95392001 	0.99291675 	0.99678381 	0.99228811 	0.99886677 	0.99986291 	0.99273387 	0.99924587 	0.99176428 	0.99744435 	0.99987315 	
0.99996001 	0.99962104 	0.99911438 	0.99349281 	0.99544719 	0.95392001 	0.99291675 	0.99678381 	0.99228811 	0.99886677 	0.99986291 	0.99273387 	0.99924587 	0.99176428 	0.99744435 	0.99987315 	
0.99996001 	0.99962104 	0.99911438 	0.99349281 	0.99544719 	0.95392001 	0.99291675 	0.99678381 	0.99228811 	0.99886677 	0.99986291 	0.99273387 	0.99924587 	0.99176428 	0.99938433 	0.99987315 	
0.99996001 	0.99962104 	0.99911438 	0.99349281 	0.99544719 	0.95392001 	0.99291675 	0.99678381 	0.99228811 	0.99886677 	0.99986291 	0.99273387 	0.99924587 	0.99176428 	0.99938433 	0.99987315 	
0.99996001 	0.99962104 	0.99911438 	0.99349281 	0.99544719 	0.95392001 	0.99291675 	0.99678381 	0.99228811 	0.99886677 	0.99986291 	0.99273387 	0.99924587 	0.99176428 	0.99938433 	0.99987315 	
0.99996001 	0.99999847 	0.99911438 	0.99349281 	0.99544719 	0.95392001 	0.99291675 	0.99678381 	0.99228811 	0.99886677 	0.99986291 	0.99273387 	0.99924587 	0.99176428 	0.99938433 	0.99987315 	
0.99996001 	0.99999847 	0.99911438 	0.99349281 	0.99544719 	0.95392001 	0.99291675 	0.99678381 	0.99228811 	0.99886677 	0.99986291 	0.99273387 	0.99924587 	0.99176428 	0.99938433 	0.99987315 	
0.99996001 	0.99999847 	0.99911438 	0.99348818 	0.99544719 	0.95392001 	0.99291675 	0.99678381 	0.99228811 	0.99886677 	0.99986291 	0.99273387 	0.99924587 	0.99176428 	0.99938433 	0.99987315 	
0.99996001 	0.99999847 	0.99911438 	0.99348818 	0.99544719 	0.95392001 	0.99291675 	0.99678381 	0.99228811 	0.99886677 	0.99986291 	0.99273387 	0.99924587 	0.99176428 	0.99938433 	0.99987315 	
0.99996001 	0.99999847 	0.99911438 	0.99348818 	0.99544719 	0.97790318 	0.99291675 	0.99678381 	0.99228811 	0.99886677 	0.99986291 	0.99273387 	0.99924587 	0.99176428 	0.99938433 	0.99987315 	
0.99996001 	0.99999847 	0.99911438 	0.99348818 	0.99544719 	0.97790318 	0.99261138 	0.99678381 	0.99228811 	0.99886677 	0.99986291 	0.99273387 	0.99924587 	0.99176428 	0.99938433 	0.99987315 	
0.99996001 	0.99999847 	0.99911438 	0.99348818 	0.99544719 	0.97790318 	0.99261138 	0.99661223 	0.99228811 	0.99886677 	0.99986291 	0.99273387 	0.99924587 	0.99176428 	0.99938433 	0.99987315 	
0.99996001 	0.99999847 	0.99911438 	0.99348818 	0.99544719 	0.97790318 	0.99261138 	0.99661223 	0.99228811 	0.99886677 	0.99986291 	0.99273387 	0.99924587 	0.99176428 	0.99938433 	0.99987315 	
0.99996001 	0.99999847 	0.99911438 	0.99348818 	0.99544719 	0.97790318 	0.99261138 	0.99661223 	0.99228811 	0.99970940 	0.99986291 	0.99273387 	0.99924587 	0.99176428 	0.99938433 	0.99987315 	
0.99996001 	0.99999847 	0.99911438 	0.99348818 	0.99544719 	0.97790318 	0.99261138 	0.99661223 	0.99228811 	0.99970940 	0.99986339 	0.99273387 	0.99924587 	0.99176428 	0.99938433 	0.99987315 	
0.99996001 	0.99999847 	0.99911438 	0.99348818 	0.99544719 	0.97790318 	0.99261138 	0.99661223 	0.99228811 	0.99970940 	0.99986339 	0.99273387 	0.99924587 	0.99176428 	0.99938433 	0.99987315 	
0.99996001 	0.99999847 	0.99911438 	0.99348818 	0.99544719 	0.97790318 	0.99261138 	0.99661223 	0.99228811 	0.99970940 	0.99986339 	0.99273387 	0.99924587 	0.99176428 	0.99938433 	0.99987315 	
0.99996001 	0.99999847 	0.99911438 	0.99348818 	0.99544719 	0.97790318 	0.99261138 	0.99661223 	0.99228811 	0.99970940 	0.99986339 	0.99273387 	0.99924587 	0.99176428 	0.99938433 	0.99987315 	
0.99996001 	0.99999847 	0.99911438 	0.99348818 	0.99544719 	0.97790318 	0.99261138 	0.99661223 	0.99228811 	0.99970940 	0.99986339 	0.99273387 	0.99924587 	0.99176428 	0.99972298 	0.99987315 	
0.99996001 	0.99999847 	0.99911438 	0.99348818 	0.99544719 	0.97790318 	0.99261138 	0.99661223 	0.99228811 	0.99970940 	0.99986339 	0.99273387 	0.99924587 	0.99176428 	0.99972298 	0.99994650 	
0.99996001 	0.99999847 	0.99911438 	0.99348818 	0.99544719 	0.97790318 	0.99261138 	0.99661223 	0.99228811 	0.99970940 	0.99986339 	0.99273387 	0.99924587 	0.99176428 	0.99972298 	0.99994650 	
0.99996001 	0.99999847 	0.99911438 	0.99348818 	0.99544719 	0.97790318 	0.99261138 	0.99661223 	0.99228811 	0.99970940 	0.99986339 	0.99273387 	0.99924587 	0.99176428 	0.99972298 	0.99994650 	
0.99996001 	0.99999847 	0.99968058 	0.99348818 	0.99544719 	0.97790318 	0.99261138 	0.99661223 	0.99228811 	0.99970940 	0.99986339 	0.99273387 	0.99924587 	0.99176428 	0.99972298 	0.99994650 	
0.99996001 	0.99999847 	0.99968058 	0.99332998 	0.99544719 	0.97790318 	0.99261138 	0.99661223 	0.99228811 	0.99970940 	0.99986339 	0.99273387 	0.99924587 	0.99176428 	0.99972298 	0.99994650 	
0.99996001 	0.99999847 	0.99968058 	0.99332998 	0.99544719 	0.97790318 	0.99261138 	0.99661223 	0.99228811 	0.99970940 	0.99986339 	0.99273387 	0.99924587 	0.99176428 	0.99972298 	0.99994650 	
0.99996001 	0.99999847 	0.99968058 	0.99332998 	0.99544719 	0.99031631 	0.99261138 	0.99661223 	0.99228811 	0.99970940 	0.99986339 	0.99273387 	0.99924587 	0.99176428 	0.99972298 	0.99994650 	
0.99996001 	0.99999847 	0.99968058 	0.99332998 	0.99544719 	0.99031631 	0.99219481 	0.99661223 	0.99228811 	0.99970940 	0.99986339 	0.99273387 	0.99924587 	0.99176428 	0.99972298 	0.99994650 	
0.99996001 	0.99999847 	0.99968058 	0.99332998 	0.99544719 	0.99031631 	0.99219481 	0.99612731 	0.99228811 	0.99970940 	0.99986339 	0.99273387 	0.99924587 	0.99176428 	0.99972298 	0.99994650 	
0.99996001 	0.99999847 	0.99968058 	0.99332998 	0.99544719 	0.99031631 	0.99219481 	0.99612731 	0.99228811 	0.99970940 	0.99986339 	0.99273387 	0.99924587 	0.99176428 	0.99972298 	0.99994650 	
0.99996001 	0.99999847 	0.99968058 	0.99332998 	0.99544719 	0.99031631 	0.99219481 	0.99612731 	0.99228811 	0.99972282 	0.99986339 	0.99273387 	0.99924587 	0.99176428 	0.99972298 	0.99994650 	
0.99996001 	0.99999847 	0.99968058 	0.99332998 	0.99544719 	0.99031631 	0.99219481 	0.99612731 	0.99228811 	0.99972282 	0.99994932 	0.99273387 	0.99924587 	0.99176428 	0.99972298 	0.99994650 	
0.99996001 	0.99999847 	0.99968058 	0.99332998 	0.99544719 	0.99031631 	0.99219481 	0.99612731 	0.99228811 	0.99972282 	0.99994932 	0.99273387 	0.99924587 	0.99176428 	0.99972298 	0.99994650 	
0.99996001 	0.99999847 	0.99968058 	0.99332998 	0.99544719 	0.99031631 	0.99219481 	0.99612731 	0.99228811 	0.99972282 	0.99994932 	0.99273387 	0.99925079 	0.99176428 	0.99972298 	0.99994650 	
0.99996001 	0.99999847 	0.99968058 	0.99332998 	0.99544719 	0.99031631 	0.99219481 	0.99612731 	0.99228811 	0.99972282 	0.99994932 	0.99273387 	0.99925079 	0.99176428 	0.99972298 	0.99994650 	
0.99996001 	0.99999847 	0.99968058 	0.99332998 	0.99544719 	0.99031631 	0.99219481 	0.99612731 	0.99228811 	0.99972282 	0.99994932 	0.99273387 	0.99925079 	0.99176428 	0.99996277 	0.99994650 	
0.99996001 	0.99999847 	0.99968058 	0.99332998 	0.99544719 	0.99031631 	0.99219481 	0.99612731 	0.99228811 	0.99972282 	0.99994932 	0.99273387 	0.99925079 	0.99176428 	0.99996277 	0.99994650 	
0.99996001 	0.99999847 	0.99968058 	0.99332998 	0.99544719 	0.99031631 	0.99219481 	0.99612731 	0.99228811 	0.99972282 	0.99994932 	0.99273387 	0.99925079 	0.99176428 	0.99996277 	0.99994650 	
0.99996001 	0.99999847 	0.99968058 	0.99332998 	0.99544719 	0.99031631 	0.99219481 	0.99612731 	0.99228811 	0.99972282 	0.99994932 	0.99273387 	0.99925079 	0.99176428 	0.99996277 	0.99994650 	
0.99996001 	0.99999847 	0.99968058 	0.99332998 	0.99544719 	0.99031631 	0.99219481 	0.99612731 	0.99228811 	0.99972282 	0.99994932 	0.99273387 	0.99925079 	0.99176428 	0.99996277 	0.99994650 	
0.99996001 	0.99999847 	0.99968058 	0.99326898 	0.99544719 	0.99031631 	0.99219481 	0.99612731 	0.99228811 	0.99972282 	0.99994932 	0.99273387 	0.99925079 	0.99176428 	0.99996277 	0.99994650 	
0.99996001 	0.99999847 	0.99968058 	0.99326898 	0.99565198 	0.99031631 	0.99219481 	0.99612731 	0.99228811 	0.99972282 	0.99994932 	0.99273387 	0.99925079 	0.99176428 	0.99996277 	0.99994650 	
0.99996001 	0.99999847 	0.99968058 	0.99326898 	0.99565198 	0.99377501 	0.99219481 	0.99612731 	0.99228811 	0.99972282 	0.99994932 	0.99273387 	0.99925079 	0.99176428 	0.99996277 	0.99994650 	
0.99996001 	0.99999847 	0.99968058 	0.99326898 	0.99565198 	0.99377501 	0.99219481 	0.99612731 	0.99228811 	0.99972282 	0.99994932 	0.99273387 	0.99925079 	0.99176428 	0.99996277 	0.99994650 	
0.99996001 	0.99999847 	0.99968058 	0.99326898 	0.99565198 	0.99377501 	0.99219481 	0.99612731 	0.99228811 	0.99972282 	0.99994932 	0.99273387 	0.99925079 	0.99176428 	0.99996277 	0.99994650 	
0.99996001 	0.99999847 	0.99968058 	0.99326898 	0.99565198 	0.99377501 	0.99219481 	0.99612731 	0.99285920 	0.99972282 	0.99994932 	0.99273387 	0.99925079 	0.99176428 	0.99996277 	0.99994650 	
0.99996001 	0.99999847 	0.99968058 	0.99326898 	0.99565198 	0.99377501 	0.99219481 	0.99612731 	0.99285920 	0.99972282 	0.99994932 	0.99273387 	0.99925079 	0.99176428 	0.99996277 	0.99994650 	
0.99996001 	0.99999847 	0.99968058 	0.99326898 	0.99565198 	0.99377501 	0.99219481 	0.99612731 	0.99285920 	0.99972282 	0.99995068 	0.99273387 	0.99925079 	0.99176428 	0.99996277 	0.99994650 	
0.99996001 	0.99999847 	0.99968058 	0.99326898 	0.99565198 	0.99377501 	0.99219481 	0.99612731 	0.99285920 	0.99972282 	0.99995068 	0.99273387 	0.99925079 	0.99176428 	0.99996277 	0.99994650 	
0.99996001 	0.99999847 	0.99968058 	0.99326898 	0.99565198 	0.99377501 	0.99219481 	0.99612731 	0.99285920 	0.99972282 	0.99995068 	0.99273387 	0.99995666 	0.99176428 	0.99996277 	0.99994650 	
0.99996001 	0.99999847 	0.99968058 	0.99326898 	0.99565198 	0.99377501 	0.99219481 	0.99612731 	0.99285920 	0.99972282 	0.99995068 	0.99273387 	0.99995666 	0.99176428 	0.99996277 	0.99994650 	
0.99996001 	0.99999847 	0.99968058 	0.99326898 	0.99565198 	0.99377501 	0.99219481 	0.99612731 	0.99285920 	0.99972282 	0.99995068 	0.99273387 	0.99995666 	0.99176428 	0.99996277 	0.99994650 	
0.99996001 	0.99999847 	0.99968058 	0.99326898 	0.99565198 	0.99377501 	0.99219481 	0.99612731 	0.99285920 	0.99972282 	0.99995068 	0.99273387 	0.99995666 	0.99176428 	0.99996277 	0.99999919 	
0.99999797 	0.99999847 	0.99968058 	0.99326898 	0.99565198 	0.99377501 	0.99219481 	0.99612731 	0.99285920 	0.99972282 	0.99995068 	0.99273387 	0.99995666 	0.99176428 	0.99996277 	0.99999919 	
0.99999797 	0.99999847 	0.99968058 	0.99326898 	0.99565198 	0.99377501 	0.99219481 	0.99612731 	0.99285920 	0.99972282 	0.99995068 	0.99273387 	0.99995666 	0.99176428 	0.99996277 	0.99999919 	
0.99999797 	0.99999847 	0.99971283 	0.99326898 	0.99565198 	0.99377501 	0.99219481 	0.99612731 	0.99285920 	0.99972282 	0.99995068 	0.99273387 	0.99995666 	0.99176428 	0.99996277 	0.99999919 	
0.99999797 	0.99999847 	0.99971283 	0.99326898 	0.99565198 	0.99377501 	0.99219481 	0.99612731 	0.99285920 	0.99972282 	0.99995068 	0.99273387 	0.99995666 	0.99176428 	0.99996277 	0.99999919 	
0.99999797 	0.99999847 	0.99971283 	0.99326898 	0.99939908 	0.99377501 	0.99219481 	0.99612731 	0.99285920 	0.99972282 	0.99995068 	0.99273387 	0.99995666 	0.99176428 	0.99996277 	0.99999919 	
0.99999797 	0.99999847 	0.99971283 	0.99326898 	0.99939908 	0.99899241 	0.99219481 	0.99612731 	0.99285920 	0.99972282 	0.99995068 	0.99273387 	0.99995666 	0.99176428 	0.99996277 	0.99999919 	
0.99999797 	0.99999847 	0.99971283 	0.99326898 	0.99939908 	0.99899241 	0.99219481 	0.99612731 	0.99285920 	0.99972282 	0.99995068 	0.99273387 	0.99995666 	0.99176428 	0.99996277 	0.99999919 	
0.99999797 	0.99999847 	0.99971283 	0.99326898 	0.99939908 	0.99899241 	0.99219481 	0.99620499 	0.99285920 	0.99972282 	0.99995068 	0.99273387 	0.99995666 	0.99176428 	0.99996277 	0.99999919 	
0.99999797 	0.99999847 	0.99971283 	0.99326898 	0.99939908 	0.99899241 	0.99219481 	0.99620499 	0.99285920 	0.99972282 	0.99995068 	0.99273387 	0.99995666 	0.99176428 	0.99996277 	0.99999919 	
0.99999797 	0.99999847 	0.99971283 	0.99326898 	0.99939908 	0.99899241 	0.99219481 	0.99620499 	0.99285920 	0.99992061 	0.99995068 	0.99273387 	0.99995666 	0.99176428 	0.99996277 	0.99999919 	
0.99999797 	0.99999847 	0.99971283 	0.99326898 	0.99939908 	0.99899241 	0.99219481 	0.99620499 	0.99285920 	0.99992061 	0.99999512 	0.99273387 	0.99995666 	0.99176428 	0.99996277 	0.99999919 	
0.99999797 	0.99999847 	0.99971283 	0.99326898 	0.99939908 	0.99899241 	0.99219481 	0.99620499 	0.99285920 	0.99992061 	0.99999512 	0.99273387 	0.99995666 	0.99176428 	0.99996277 	0.99999919 	
0.99999797 	0.99999847 	0.99971283 	0.99326898 	0.99939908 	0.99899241 	0.99219481 	0.99620499 	0.99285920 	0.99992061 	0.99999512 	0.99273387 	0.99995666 	0.99176428 	0.99996277 	0.99999919 	
0.99999797 	0.99999847 	0.99971283 	0.99326898 	0.99939908 	0.99899241 	0.99219481 	0.99620499 	0.99285920 	0.99992061 	0.99999512 	0.99273387 	0.99995666 	0.99176428 	0.99996277 	0.99999919 	
0.99999797 	0.99999847 	0.99971283 	0.99326898 	0.99939908 	0.99899241 	0.99219481 	0.99620499 	0.99285920 	0.99992061 	0.99999512 	0.99273387 	0.99995666 	0.99176428 	0.99999751 	0.99999919 	
0.99999797 	0.99999847 	0.99971283 	0.99326898 	0.99939908 	0.99899241 	0.99219481 	0.99620499 	0.99285920 	0.99992061 	0.99999512 	0.99273387 	0.99995666 	0.99176428 	0.99999751 	0.99999919 	
0.99999797 	0.99999847 	0.99971283 	0.99326898 	0.99939908 	0.99899241 	0.99219481 	0.99620499 	0.99285920 	0.99992061 	0.99999512 	0.99273387 	0.99995666 	0.99176428 	0.99999751 	0.99999919 	
0.99999797 	0.99999847 	0.99971283 	0.99326898 	0.99939908 	0.99899241 	0.99219481 	0.99620499 	0.99285920 	0.99992061 	0.99999512 	0.99273387 	0.99995666 	0.99176428 	0.99999751 	0.99999919 	
0.99999797 	0.99999847 	0.99971283 	0.99326898 	0.99939908 	0.99899241 	0.99219481 	0.99620499 	0.99285920 	0.99992061 	0.99999512 	0.99273387 	0.99995666 	0.99176428 	0.99999751 	0.99999919 	
0.99999797 	0.99999847 	0.99971283 	0.99326898 	0.99939908 	0.99899241 	0.99219481 	0.99620499 	0.99285920 	0.99992061 	0.99999512 	0.99273387 	0.99995666 	0.99176428 	0.99999751 	0.99999919 	
0.99999797 	0.99999847 	0.99971283 	0.99326898 	0.99966278 	0.99899241 	0.99219481 	0.99620499 	0.99285920 	0.99992061 	0.99999512 	0.99273387 	0.99995666 	0.99176428 	0.99999751 	0.99999919 	
0.99999797 	0.99999847 	0.99971283 	0.99326898 	0.99966278 	0.99899241 	0.99219481 	0.99620499 	0.99285920 	0.99992061 	0.99999512 	0.99273387 	0.99995666 	0.99176428 	0.99999751 	0.99999919 	
0.99999797 	0.99999847 	0.99971283 	0.99326898 	0.99966278 	0.99899241 	0.98876146 	0.99620499 	0.99285920 	0.99992061 	0.99999512 	0.99273387 	0.99995666 	0.99176428 	0.99999751 	0.99999919 	
0.99999797 	0.99999847 	0.99971283 	0.99326898 	0.99966278 	0.99899241 	0.98876146 	0.99620499 	0.99285920 	0.99992061 	0.99999512 	0.99273387 	0.99995666 	0.99176428 	0.99999751 	0.99999919 	
0.99999797 	0.99999847 	0.99971283 	0.99326898 	0.99966278 	0.99899241 	0.98876146 	0.99620499 	0.99285920 	0.99992061 	0.99999512 	0.99273387 	0.99995666 	0.99176428 	0.99999751 	0.99999919 	
0.99999797 	0.99999847 	0.99971283 	0.99326898 	0.99966278 	0.99899241 	0.98876146 	0.99620499 	0.99285920 	0.99992061 	0.99999512 	0.99273387 	0.99995666 	0.99176428 	0.99999751 	0.99999919 	
0.99999797 	0.99999847 	0.99971283 	0.99326898 	0.99966278 	0.99899241 	0.98876146 	0.99620499 	0.99285920 	0.99992061 	0.99999911 	0.99273387 	0.99995666 	0.99176428 	0.99999751 	0.99999919 	
0.99999797 	0.99999847 	0.99971283 	0.99326898 	0.99966278 	0.99899241 	0.98876146 	0.99620499 	0.99285920 	0.99992061 	0.99999911 	0.99273387 	0.99995666 	0.99176428 	0.99999751 	0.99999919 	
0.99999797 	0.99999847 	0.99971283 	0.99326898 	0.99966278 	0.99899241 	0.98876146 	0.99620499 	0.99285920 	0.99992061 	0.99999911 	0.99273387 	0.99995666 	0.99176428 	0.99999751 	0.99999919 	
0.99999797 	0.99999847 	0.99971283 	0.99326898 	0.99966278 	0.99899241 	0.98876146 	0.99620499 	0.99285920 	0.99992061 	0.99999911 	0.99273387 	0.99995666 	0.99176428 	0.99999751 	0.99999919 	
0.99999797 	0.99999847 	0.99971283 	0.99326898 	0.99966278 	0.99899241 	0.98876146 	0.99620499 	0.99285920 	0.99992061 	0.99999911 	0.99273387 	0.99995666 	0.99176428 	0.99999751 	0.99999919 	
0.99999797 	0.99999847 	0.99971283 	0.99326898 	0.99966278 	0.99899241 	0.98876146 	0.99620499 	0.99285920 	0.99992061 	0.99999911 	0.99273387 	0.99995666 	0.99176428 	0.99999751 	0.99999919 	
0.99999797 	0.99999847 	0.99971283 	0.99326898 	0.99966278 	0.99899241 	0.98876146 	0.99620499 	0.99285920 	0.99992061 	0.99999911 	0.99273387 	0.99995666 	0.99176428 	0.99999751 	0.99999919 	
0.99999797 	0.99999981 	0.99971283 	0.99326898 	0.99966278 	0.99899241 	0.98876146 	0.99620499 	0.99285920 	0.99992061 	0.99999911 	0.99273387 	0.99995666 	0.99176428 	0.99999751 	0.99999919 	
0.99999797 	0.99999981 	0.99971283 	0.99326898 	0.99966278 	0.99899241 	0.98876146 	0.99620499 	0.99285920 	0.99992061 	0.99999911 	0.99273387 	0.99995666 	0.99176428 	0.99999751 	0.99999919 	
0.99999797 	0.99999981 	0.99971283 	0.99309749 	0.99966278 	0.99899241 	0.98876146 	0.99620499 	0.99285920 	0.99992061 	0.99999911 	0.99273387 	0.99995666 	0.99176428 	0.99999751 	0.99999919 	
0.99999797 	0.99999981 	0.99971283 	0.99309749 	0.99966278 	0.99899241 	0.98876146 	0.99620499 	0.99285920 	0.99992061 	0.99999911 	0.99273387 	0.99995666 	0.99176428 	0.99999751 	0.99999919 	
0.99999797 	0.99999981 	0.99971283 	0.99309749 	0.99966278 	0.99931529 	0.98876146 	0.99620499 	0.99285920 	0.99992061 	0.99999911 	0.99273387 	0.99995666 	0.99176428 	0.99999751 	0.99999919 	
0.99999797 	0.99999981 	0.99971283 	0.99309749 	0.99966278 	0.99931529 	0.98930960 	0.99620499 	0.99285920 	0.99992061 	0.99999911 	0.99273387 	0.99995666 	0.99176428 	0.99999751 	0.99999919 	
0.99999797 	0.99999981 	0.99971283 	0.99309749 	0.99966278 	0.99931529 	0.98930960 	0.99630236 	0.99285920 	0.99992061 	0.99999911 	0.99273387 	0.99995666 	0.99176428 	0.99999751 	0.99999919 	
0.99999797 	0.99999981 	0.99971283 	0.99309749 	0.99966278 	0.99931529 	0.98930960 	0.99630236 	0.99285920 	0.99992061 	0.99999911 	0.99273387 	0.99995666 	0.99176428 	0.99999751 	0.99999919 	
0.99999797 	0.99999981 	0.99971283 	0.99309749 	0.99966278 	0.99931529 	0.98930960 	0.99630236 	0.99285920 	0.99992061 	0.99999911 	0.99273387 	0.99995666 	0.99176428 	0.99999751 	0.99999919 	
0.99999797 	0.99999981 	0.99971283 	0.99309749 	0.99966278 	0.99931529 	0.98930960 	0.99630236 	0.99285920 	0.99992061 	0.99999912 	0.99273387 	0.99995666 	0.99176428 	0.99999751 	0.99999919 	
0.99999797 	0.99999981 	0.99971283 	0.99309749 	0.99966278 	0.99931529 	0.98930960 	0.99630236 	0.99285920 	0.99992061 	0.99999912 	0.99273387 	0.99995666 	0.99176428 	0.99999751 	0.99999919 	
0.99999797 	0.99999981 	0.99971283 	0.99309749 	0.99966278 	0.99931529 	0.98930960 	0.99630236 	0.99285920 	0.99992061 	0.99999912 	0.99273387 	0.99995666 	0.99176428 	0.99999751 	0.99999919 	
0.99999797 	0.99999981 	0.99971283 	0.99309749 	0.99966278 	0.99931529 	0.98930960 	0.99630236 	0.99285920 	0.99992061 	0.99999912 	0.99273387 	0.99995666 	0.99176428 	0.99999751 	0.99999919 	
0.99999797 	0.99999981 	0.99971283 	0.99309749 	0.99966278 	0.99931529 	0.98930960 	0.99630236 	0.99285920 	0.99992061 	0.99999912 	0.99273387 	0.99995666 	0.99176428 	0.99999778 	0.99999919 	
0.99999797 	0.99999981 	0.99971283 	0.99309749 	0.99966278 	0.99931529 	0.98930960 	0.99630236 	0.99285920 	0.99992061 	0.99999912 	0.99273387 	0.99995666 	0.99176428 	0.99999778 	0.99999919 	
0.99999797 	0.99999981 	0.99971283 	0.99309749 	0.99966278 	0.99931529 	0.98930960 	0.99630236 	0.99285920 	0.99992061 	0.99999912 	0.99273387 	0.99995666 	0.99176428 	0.99999778 	0.99999919 	
0.99999797 	0.99999981 	0.99971283 	0.99309749 	0.99966278 	0.99931529 	0.98930960 	0.99630236 	0.99285920 	0.99992061 	0.99999912 	0.99273387 	0.99995666 	0.99176428 	0.99999778 	0.99999919 	
0.99999797 	0.99999981 	0.99995737 	0.99309749 	0.99966278 	0.99931529 	0.98930960 	0.99630236 	0.99285920 	0.99992061 	0.99999912 	0.99273387 	0.99995666 	0.99176428 	0.99999778 	0.99999919 	
0.99999797 	0.99999981 	0.99995737 	0.99212124 	0.99966278 	0.99931529 	0.98930960 	0.99630236 	0.99285920 	0.99992061 	0.99999912 	0.99273387 	0.99995666 	0.99176428 	0.99999778 	0.99999919 	
0.99999797 	0.99999981 	0.99995737 	0.99212124 	0.99966278 	0.99931529 	0.98930960 	0.99630236 	0.99285920 	0.99992061 	0.99999912 	0.99273387 	0.99995666 	0.99176428 	0.99999778 	0.99999919 	
0.99999797 	0.99999981 	0.99995737 	0.99212124 	0.99966278 	0.99983904 	0.98930960 	0.99630236 	0.99285920 	0.99992061 	0.99999912 	0.99273387 	0.99995666 	0.99176428 	0.99999778 	0.99999919 	
0.99999797 	0.99999981 	0.99995737 	0.99212124 	0.99966278 	0.99983904 	0.98930960 	0.99630236 	0.99285920 	0.99992061 	0.99999912 	0.99273387 	0.99995666 	0.99176428 	0.99999778 	0.99999919 	
0.99999797 	0.99999981 	0.99995737 	0.99212124 	0.99966278 	0.99983904 	0.98930960 	0.99630236 	0.99285920 	0.99992061 	0.99999912 	0.99273387 	0.99995666 	0.99176428 	0.99999778 	0.99999919 	
0.99999797 	0.99999981 	0.99995737 	0.99212124 	0.99966278 	0.99983904 	0.98930960 	0.99630236 	0.99285920 	0.99992061 	0.99999912 	0.99273387 	0.99995666 	0.99176428 	0.99999778 	0.99999919 	
0.99999797 	0.99999981 	0.99995737 	0.99212124 	0.99966278 	0.99983904 	0.98930960 	0.99630236 	0.99285920 	0.99998981 	0.99999912 	0.99273387 	0.99995666 	0.99176428 	0.99999778 	0.99999919 	
0.99999797 	0.99999981 	0.99995737 	0.99212124 	0.99966278 	0.99983904 	0.98930960 	0.99630236 	0.99285920 	0.99998981 	0.99999912 	0.99273387 	0.99995666 	0.99176428 	0.99999778 	0.99999919 	
0.99999797 	0.99999981 	0.99995737 	0.99212124 	0.99966278 	0.99983904 	0.98930960 	0.99630236 	0.99285920 	0.99998981 	0.99999912 	0.99273387 	0.99995666 	0.99176428 	0.99999778 	0.99999919 	
0.99999797 	0.99999981 	0.99995737 	0.99212124 	0.99966278 	0.99983904 	0.98930960 	0.99630236 	0.99285920 	0.99998981 	0.99999912 	0.99273387 	0.99995666 	0.99176428 	0.99999778 	0.99999919 	
0.99999797 	0.99999981 	0.99995737 	0.99212124 	0.99966278 	0.99983904 	0.98930960 	0.99630236 	0.99285920 	0.99998981 	0.99999912 	0.99273387 	0.99995666 	0.99176428 	0.99999778 	0.99999919 	
0.99999797 	0.99999981 	0.99995737 	0.99212124 	0.99966278 	0.99983904 	0.98930960 	0.99630236 	0.99285920 	0.99998981 	0.99999912 	0.99273387 	0.99995666 	0.99176428 	0.99999778 	0.99999919 	
0.99999797 	0.99999981 	0.99995737 	0.99212124 	0.99966278 	0.99983904 	0.98930960 	0.99630236 	0.99285920 	0.99998981 	0.99999912 	0.99273387 	0.99995666 	0.99176428 	0.99999778 	0.99999919 	
0.99999797 	0.99999981 	0.99995737 	0.99212124 	0.99966278 	0.99983904 	0.98930960 	0.99630236 	0.99285920 	0.99998981 	0.99999912 	0.99273387 	0.99995666 	0.99176428 	0.99999778 	0.99999919 	
0.99999797 	1.00000000 	0.99995737 	0.99212124 	0.99966278 	0.99983904 	0.98930960 	0.99630236 	0.99285920 	0.99998981 	0.99999912 	0.99273387 	0.99995666 	0.99176428 	0.99999778 	0.99999919 	
0.99999797 	1.00000000 	0.99999633 	0.99212124 	0.99966278 	0.99983904 	0.98930960 	0.99630236 	0.99285920 	0.99998981 	0.99999912 	0.99273387 	0.99995666 	0.99176428 	0.99999778 	0.99999919 	
0.99999797 	1.00000000 	0.99999633 	0.99212124 	0.99966278 	0.99983904 	0.98930960 	0.99630236 	0.99285920 	0.99998981 	0.99999912 	0.99273387 	0.99995666 	0.99176428 	0.99999778 	0.99999919 	
0.99999797 	1.00000000 	0.99999633 	0.99212124 	0.99973844 	0.99983904 	0.98930960 	0.99630236 	0.99285920 	0.99998981 	0.99999912 	0.99273387 	0.99995666 	0.99176428 	0.99999778 	0.99999919 	
0.99999797 	1.00000000 	0.99999633 	0.99212124 	0.99973844 	0.99983904 	0.98930960 	0.99630236 	0.99285920 	0.99998981 	0.99999912 	0.99273387 	0.99995666 	0.99176428 	0.99999778 	0.99999919 	
0.99999797 	1.00000000 	0.99999633 	0.99212124 	0.99973844 	0.99983904 	0.98930960 	0.99630236 	0.99285920 	0.99998981 	0.99999912 	0.99273387 	0.99995666 	0.99176428 	0.99999778 	0.99999919 	
0.99999797 	1.00000000 	0.99999633 	0.99212124 	0.99973844 	0.99983904 	0.98930960 	0.99630236 	0.99285920 	0.99998981 	0.99999912 	0.99273387 	0.99995666 	0.99176428 	0.99999778 	0.99999919 	
0.99999797 	1.00000000 	0.99999633 	0.99212124 	0.99973844 	0.99983904 	0.98930960 	0.99630236 	0.99285920 	0.99998981 	0.99999912 	0.99273387 	0.99995666 	0.99176428 	0.99999778 	0.99999919 	
0.99999797 	1.00000000 	0.99999633 	0.99212124 	0.99973844 	0.99983904 	0.98930960 	0.99630236 	0.99285920 	0.99999966 	0.99999912 	0.99273387 	0.99995666 	0.99176428 	0.99999778 	0.99999919 	
0.99999797 	1.00000000 	0.99999633 	0.99212124 	0.99973844 	0.99983904 	0.98930960 	0.99630236 	0.99285920 	0.99999966 	0.99999912 	0.99273387 	0.99995666 	0.99176428 	0.99999778 	0.99999919 	
0.99999797 	1.00000000 	0.99999633 	0.99212124 	0.99973844 	0.99983904 	0.98930960 	0.99630236 	0.99285920 	0.99999966 	0.99999912 	0.99269353 	0.99995666 	0.99176428 	0.99999778 	0.99999919 	
0.99999797 	1.00000000 	0.99999633 	0.99212124 	0.99973844 	0.99983904 	0.98930960 	0.99630236 	0.99285920 	0.99999966 	0.99999912 	0.99269353 	0.99995666 	0.99176428 	0.99999778 	0.99999919 	
0.99999797 	1.00000000 	0.99999633 	0.99212124 	0.99973844 	0.99983904 	0.98930960 	0.99630236 	0.99285920 	0.99999966 	0.99999912 	0.99269353 	0.99995666 	0.99176428 	0.99999778 	0.99999919 	
0.99999797 	1.00000000 	0.99999633 	0.99212124 	0.99973844 	0.99983904 	0.98930960 	0.99630236 	0.99285920 	0.99999966 	0.99999912 	0.99269353 	0.99995666 	0.99176428 	0.99999778 	0.99999919 	
0.99999797 	1.00000000 	0.99999633 	0.99212124 	0.99973844 	0.99983904 	0.98930960 	0.99630236 	0.99285920 	0.99999966 	0.99999912 	0.99269353 	0.99995666 	0.99176428 	0.99999778 	0.99999919 	
0.99999797 	1.00000000 	0.99999633 	0.99212124 	0.99973844 	0.99983904 	0.98930960 	0.99630236 	0.99285920 	0.99999966 	0.99999912 	0.99269353 	0.99995666 	0.99176428 	0.99999778 	0.99999919 	
0.99999797 	1.00000000 	0.99999633 	0.99212124 	0.99973844 	0.99983904 	0.98930960 	0.99630236 	0.99285920 	0.99999966 	0.99999912 	0.99269353 	0.99995666 	0.99176428 	0.99999778 	0.99999919 	
0.99999797 	1.00000000 	0.99999633 	0.99212124 	0.99973844 	0.99983904 	0.98930960 	0.99630236 	0.99285920 	0.99999966 	0.99999912 	0.99269353 	0.99995666 	0.99176428 	0.99999778 	0.99999919 	
0.99999797 	1.00000000 	0.99999633 	0.99212124 	0.99973844 	0.99983904 	0.98930960 	0.99630236 	0.99285920 	0.99999966 	0.99999912 	0.99269353 	0.99995666 	0.99176428 	0.99999778 	0.99999919 	
0.99999797 	1.00000000 	0.99999633 	0.99212124 	0.99983558 	0.99983904 	0.98930960 	0.99630236 	0.99285920 	0.99999966 	0.99999912 	0.99269353 	0.99995666 	0.99176428 	0.99999778 	0.99999919 	
0.99999797 	1.00000000 	0.99999633 	0.99212124 	0.99983558 	0.99983904 	0.98930960 	0.99630236 	0.99285920 	0.99999966 	0.99999912 	0.99269353 	0.99995666 	0.99176428 	0.99999778 	0.99999919 	
0.99999797 	1.00000000 	0.99999633 	0.99212124 	0.99983558 	0.99983904 	0.98951150 	0.99630236 	0.99285920 	0.99999966 	0.99999912 	0.99269353 	0.99995666 	0.99176428 	0.99999778 	0.99999919 	
0.99999797 	1.00000000 	0.99999633 	0.99212124 	0.99983558 	0.99983904 	0.98951150 	0.99630236 	0.99285920 	0.99999966 	0.99999912 	0.99269353 	0.99995666 	0.99176428 	0.99999778 	0.99999919 	
0.99999797 	1.00000000 	0.99999633 	0.99212124 	0.99983558 	0.99983904 	0.98951150 	0.99630236 	0.99285920 	0.99999966 	0.99999912 	0.99269353 	0.99995666 	0.99176428 	0.99999778 	0.99999919 	
0.99999797 	1.00000000 	0.99999633 	0.99212124 	0.99983558 	0.99983904 	0.98951150 	0.99630236 	0.99285920 	0.99999966 	0.99999912 	0.99269353 	0.99995666 	0.99176428 	0.99999778 	0.99999919 	
0.99999797 	1.00000000 	0.99999633 	0.99212124 	0.99983558 	0.99983904 	0.98951150 	0.99630236 	0.99285920 	0.99999966 	0.99999912 	0.99269353 	0.99995666 	0.99176428 	0.99999778 	0.99999919 	
0.99999797 	1.00000000 	0.99999633 	0.99212124 	0.99983558 	0.99983904 	0.98951150 	0.99630236 	0.99285920 	0.99999966 	0.99999912 	0.99269353 	0.99995666 	0.99176428 	0.99999778 	0.99999919 	
0.99999797 	1.00000000 	0.99999633 	0.99212124 	0.99983558 	0.99983904 	0.98951150 	0.99630236 	0.99285920 	0.99999966 	0.99999912 	0.99269353 	0.99997804 	0.99176428 	0.99999778 	0.99999919 	
0.99999797 	1.00000000 	0.99999633 	0.99212124 	0.99983558 	0.99983904 	0.98951150 	0.99630236 	0.99285920 	0.99999966 	0.99999912 	0.99269353 	0.99997804 	0.99176428 	0.99999778 	0.99999919 	
0.99999797 	1.00000000 	0.99999633 	0.99212124 	0.99983558 	0.99983904 	0.98951150 	0.99630236 	0.99285920 	0.99999966 	0.99999912 	0.99269353 	0.99997804 	0.99176428 	0.99999778 	0.99999919 	
0.99999797 	1.00000000 	0.99999633 	0.99212124 	0.99983558 	0.99983904 	0.98951150 	0.99630236 	0.99285920 	0.99999966 	0.99999912 	0.99269353 	0.99997804 	0.99176428 	0.99999778 	0.99999989 	
0.99999797 	1.00000000 	0.99999633 	0.99212124 	0.99983558 	0.99983904 	0.98951150 	0.99630236 	0.99285920 	0.99999966 	0.99999912 	0.99269353 	0.99997804 	0.99176428 	0.99999778 	0.99999989 	
0.99999797 	1.00000000 	0.99999633 	0.99212124 	0.99983558 	0.99983904 	0.98951150 	0.99630236 	0.99285920 	0.99999966 	0.99999912 	0.99269353 	0.99997804 	0.99176428 	0.99999778 	0.99999989 	
0.99999797 	1.00000000 	0.99999633 	0.99212124 	0.99983558 	0.99983904 	0.98951150 	0.99630236 	0.99285920 	0.99999966 	0.99999912 	0.99269353 	0.99997804 	0.99176428 	0.99999778 	0.99999989 	
0.99999797 	1.00000000 	0.99999633 	0.99212124 	0.99983558 	0.99983904 	0.98951150 	0.99630236 	0.99285920 	0.99999966 	0.99999912 	0.99269353 	0.99997804 	0.99176428 	0.99999778 	0.99999989 	
0.99999797 	1.00000000 	0.99999633 	0.99212124 	0.99992321 	0.99983904 	0.98951150 	0.99630236 	0.99285920 	0.99999966 	0.99999912 	0.99269353 	0.99997804 	0.99176428 	0.99999778 	0.99999989 	
0.99999797 	1.00000000 	0.99999633 	0.99212124 	0.99992321 	0.99983904 	0.98951150 	0.99630236 	0.99285920 	0.99999966 	0.99999912 	0.99269353 	0.99997804 	0.99176428 	0.99999778 	0.99999989 	
0.99999797 	1.00000000 	0.99999633 	0.99212124 	0.99992321 	0.99983904 	0.98951150 	0.99630236 	0.99285920 	0.99999966 	0.99999912 	0.99269353 	0.99997804 	0.99176428 	0.99999778 	0.99999989 	
0.99999797 	1.00000000 	0.99999633 	0.99212124 	0.99992321 	0.99983904 	0.98951150 	0.99630236 	0.99285920 	0.99999966 	0.99999912 	0.99269353 	0.99997804 	0.99176428 	0.99999778 	0.99999989 	
0.99999797 	1.00000000 	0.99999633 	0.99212124 	0.99992321 	0.99983904 	0.98951150 	0.99630236 	0.99257451 	0.99999966 	0.99999912 	0.99269353 	0.99997804 	0.99176428 	0.99999778 	0.99999989 	
0.99999797 	1.00000000 	0.99999633 	0.99212124 	0.99992321 	0.99983904 	0.98951150 	0.99630236 	0.99257451 	0.99999966 	0.99999912 	0.99269353 	0.99997804 	0.99176428 	0.99999778 	0.99999989 	
0.99999797 	1.00000000 	0.99999633 	0.99212124 	0.99992321 	0.99983904 	0.98951150 	0.99630236 	0.99257451 	0.99999966 	0.99999912 	0.99269353 	0.99997804 	0.99176428 	0.99999778 	0.99999989 	
0.99999797 	1.00000000 	0.99999633 	0.99212124 	0.99992321 	0.99983904 	0.98951150 	0.99630236 	0.99257451 	0.99999966 	0.99999912 	0.99269353 	0.99997804 	0.99176428 	0.99999778 	0.99999989 	
0.99999797 	1.00000000 	0.99999633 	0.99212124 	0.99992321 	0.99983904 	0.98951150 	0.99630236 	0.99257451 	0.99999966 	0.99999912 	0.99269353 	0.99998913 	0.99176428 	0.99999778 	0.99999989 	
0.99999797 	1.00000000 	0.99999633 	0.99212124 	0.99992321 	0.99983904 	0.98951150 	0.99630236 	0.99257451 	0.99999966 	0.99999912 	0.99269353 	0.99998913 	0.99200152 	0.99999778 	0.99999989 	
0.99999797 	1.00000000 	0.99999633 	0.99212124 	0.99992321 	0.99983904 	0.98951150 	0.99630236 	0.99257451 	0.99999966 	0.99999912 	0.99269353 	0.99998913 	0.99200152 	0.99999778 	0.99999989 	
0.99999797 	1.00000000 	0.99999633 	0.99212124 	0.99992321 	0.99983904 	0.98951150 	0.99630236 	0.99257451 	0.99999966 	0.99999912 	0.99269353 	0.99998913 	0.99200152 	0.99999778 	0.99999989 	
0.99999797 	1.00000000 	0.99999633 	0.99212124 	0.99992321 	0.99983904 	0.98951150 	0.99630236 	0.99257451 	0.99999966 	0.99999912 	0.99269353 	0.99998913 	0.99200152 	0.99999778 	0.99999989 	
0.99999797 	1.00000000 	0.99999633 	0.99212124 	0.99992321 	0.99983904 	0.98951150 	0.99630236 	0.99257451 	0.99999966 	0.99999912 	0.99269353 	0.99998913 	0.99200152 	0.99999778 	0.99999989 	
0.99999797 	1.00000000 	0.99999633 	0.99212124 	0.99992321 	0.99983904 	0.98951150 	0.99630236 	0.99257451 	0.99999966 	0.99999912 	0.99269353 	0.99998913 	0.99200152 	0.99999778 	0.99999989 	
0.99999797 	1.00000000 	0.99999633 	0.99212124 	0.99992321 	0.99983904 	0.98951150 	0.99630236 	0.99257451 	0.99999966 	0.99999912 	0.99269353 	0.99998913 	0.99200152 	0.99999778 	0.99999989 	
0.99999797 	1.00000000 	0.99999633 	0.99212124 	0.99992576 	0.99983904 	0.98951150 	0.99630236 	0.99257451 	0.99999966 	0.99999912 	0.99269353 	0.99998913 	0.99200152 	0.99999778 	0.99999989 	
0.99999797 	1.00000000 	0.99999633 	0.99212124 	0.99992576 	0.99998793 	0.98951150 	0.99630236 	0.99257451 	0.99999966 	0.99999912 	0.99269353 	0.99998913 	0.99200152 	0.99999778 	0.99999989 	
0.99999797 	1.00000000 	0.99999633 	0.99212124 	0.99992576 	0.99998793 	0.98968019 	0.99630236 	0.99257451 	0.99999966 	0.99999912 	0.99269353 	0.99998913 	0.99200152 	0.99999778 	0.99999989 	
0.99999797 	1.00000000 	0.99999633 	0.99212124 	0.99992576 	0.99998793 	0.98968019 	0.99630236 	0.99257451 	0.99999966 	0.99999912 	0.99269353 	0.99998913 	0.99200152 	0.99999778 	0.99999989 	
0.99999797 	1.00000000 	0.99999633 	0.99212124 	0.99992576 	0.99998793 	0.98968019 	0.99630236 	0.99257451 	0.99999966 	0.99999912 	0.99269353 	0.99998913 	0.99200152 	0.99999778 	0.99999989 	
0.99999797 	1.00000000 	0.99999633 	0.99212124 	0.99992576 	0.99998793 	0.98968019 	0.99630236 	0.99257451 	0.99999966 	0.99999912 	0.99269353 	0.99998913 	0.99200152 	0.99999778 	0.99999989 	
0.99999797 	1.00000000 	0.99999633 	0.99212124 	0.99992576 	0.99998793 	0.98968019 	0.99630236 	0.99257451 	0.99999966 	0.99999912 	0.99269353 	0.99998913 	0.99200152 	0.99999778 	0.99999989 	
0.99999797 	1.00000000 	0.99999633 	0.99212124 	0.99992576 	0.99998793 	0.98968019 	0.99630236 	0.99257451 	0.99999966 	0.99999912 	0.99267416 	0.99998913 	0.99200152 	0.99999778 	0.99999989 	
0.99999797 	1.00000000 	0.99999633 	0.99212124 	0.99992576 	0.99998793 	0.98968019 	0.99630236 	0.99257451 	0.99999966 	0.99999912 	0.99267416 	0.99998913 	0.99200152 	0.99999778 	0.99999989 	
0.99999797 	1.00000000 	0.99999633 	0.99212124 	0.99992576 	0.99998793 	0.98968019 	0.99630236 	0.99257451 	0.99999966 	0.99999912 	0.99267416 	0.99998913 	0.99191124 	0.99999778 	0.99999989 	
0.99999797 	1.00000000 	0.99999633 	0.99212124 	0.99992576 	0.99998793 	0.98968019 	0.99630236 	0.99257451 	0.99999966 	0.99999912 	0.99267416 	0.99998913 	0.99191124 	0.99999778 	0.99999989 	
0.99999797 	1.00000000 	0.99999633 	0.99212124 	0.99992576 	0.99998793 	0.98968019 	0.99630236 	0.99257451 	0.99999966 	0.99999912 	0.99267416 	0.99998913 	0.99191124 	0.99999778 	0.99999989 	
0.99999797 	1.00000000 	0.99999633 	0.99212124 	0.99992576 	0.99998793 	0.98968019 	0.99630236 	0.99257451 	0.99999966 	0.99999912 	0.99267416 	0.99998913 	0.99191124 	0.99999778 	0.99999989 	
0.99999797 	1.00000000 	0.99999633 	0.99212124 	0.99992576 	0.99998793 	0.98968019 	0.99630236 	0.99257451 	0.99999966 	0.99999912 	0.99267416 	0.99998913 	0.99191124 	0.99999778 	0.99999989 	
0.99999797 	1.00000000 	0.99999633 	0.99212124 	0.99992576 	0.99998793 	0.98968019 	0.99630236 	0.99257451 	0.99999966 	0.99999912 	0.99267416 	0.99998913 	0.99191124 	0.99999778 	0.99999989 	
0.99999797 	1.00000000 	0.99999633 	0.99212124 	0.99992576 	0.99998793 	0.98968019 	0.99630236 	0.99257451 	0.99999966 	0.99999912 	0.99267416 	0.99998913 	0.99191124 	0.99999778 	0.99999989 	
0.99999797 	1.00000000 	0.99999633 	0.99212124 	0.99998766 	0.99998793 	0.98968019 	0.99630236 	0.99257451 	0.99999966 	0.99999912 	0.99267416 	0.99998913 	0.99191124 	0.99999778 	0.99999989 	
0.99999797 	1.00000000 	0.99999633 	0.99212124 	0.99998766 	0.99998799 	0.98968019 	0.99630236 	0.99257451 	0.99999966 	0.99999912 	0.99267416 	0.99998913 	0.99191124 	0.99999778 	0.99999989 	
0.99999797 	1.00000000 	0.99999633 	0.99212124 	0.99998766 	0.99998799 	0.98968019 	0.99630236 	0.99257451 	0.99999966 	0.99999912 	0.99267416 	0.99998913 	0.99191124 	0.99999778 	0.99999989 	
0.99999797 	1.00000000 	0.99999633 	0.99212124 	0.99998766 	0.99998799 	0.98968019 	0.99630236 	0.99257451 	0.99999966 	0.99999912 	0.99267416 	0.99998913 	0.99191124 	0.99999778 	0.99999989 	
0.99999797 	1.00000000 	0.99999633 	0.99212124 	0.99998766 	0.99998799 	0.98968019 	0.99630236 	0.99257451 	0.99999966 	0.99999912 	0.99267416 	0.99998913 	0.99191124 	0.99999778 	0.99999989 	
0.99999797 	1.00000000 	0.99999633 	0.99212124 	0.99998766 	0.99998799 	0.98968019 	0.99630236 	0.99257451 	1.00000000 	0.99999912 	0.99267416 	0.99998913 	0.99191124 	0.99999778 	0.99999989 	
0.99999797 	1.00000000 	0.99999633 	0.99212124 	0.99998766 	0.99998799 	0.98968019 	0.99630236 	0.99257451 	1.00000000 	0.99999912 	0.99267416 	0.99998913 	0.99191124 	0.99999778 	0.99999989 	
0.99999797 	1.00000000 	0.99999633 	0.99212124 	0.99998766 	0.99998799 	0.98968019 	0.99630236 	0.99257451 	1.00000000 	0.99999912 	0.99225688 	0.99998913 	0.99191124 	0.99999778 	0.99999989 	
0.99999797 	1.00000000 	0.99999633 	0.99212124 	0.99998766 	0.99998799 	0.98968019 	0.99630236 	0.99257451 	1.00000000 	0.99999912 	0.99225688 	0.99999560 	0.99191124 	0.99999778 	0.99999989 	
0.99999797 	1.00000000 	0.99999633 	0.99212124 	0.99998766 	0.99998799 	0.98968019 	0.99630236 	0.99257451 	1.00000000 	0.99999912 	0.99225688 	0.99999560 	0.99191124 	0.99999778 	0.99999989 	
0.99999797 	1.00000000 	0.99999633 	0.99212124 	0.99998766 	0.99998799 	0.98968019 	0.99630236 	0.99257451 	1.00000000 	0.99999912 	0.99225688 	0.99999560 	0.99191124 	0.99999778 	0.99999989 	
0.99999797 	1.00000000 	0.99999633 	0.99212124 	0.99998766 	0.99998799 	0.98968019 	0.99630236 	0.99257451 	1.00000000 	0.99999912 	0.99225688 	0.99999560 	0.99191124 	0.99999778 	0.99999989 	
0.99999797 	1.00000000 	0.99999633 	0.99212124 	0.99998766 	0.99998799 	0.98968019 	0.99630236 	0.99257451 	1.00000000 	0.99999912 	0.99225688 	0.99999560 	0.99191124 	0.99999778 	0.99999989 	
0.99999797 	1.00000000 	0.99999633 	0.99212124 	0.99998766 	0.99998799 	0.98968019 	0.99630236 	0.99257451 	1.00000000 	0.99999912 	0.99225688 	0.99999560 	0.99191124 	0.99999778 	0.99999989 	
0.99999797 	1.00000000 	0.99999633 	0.99212124 	0.99998766 	0.99998799 	0.98968019 	0.99630236 	0.99257451 	1.00000000 	0.99999912 	0.99225688 	0.99999560 	0.99191124 	0.99999778 	0.99999989 	
0.99999797 	1.00000000 	0.99999633 	0.99212124 	0.99998766 	0.99998799 	0.98968019 	0.99630236 	0.99257451 	1.00000000 	0.99999912 	0.99225688 	0.99999560 	0.99191124 	0.99999778 	0.99999989 	
0.99999797 	1.00000000 	0.99999633 	0.99212124 	0.99998766 	0.99998799 	0.98968019 	0.99630236 	0.99257451 	1.00000000 	0.99999912 	0.99225688 	0.99999560 	0.99191124 	0.99999778 	0.99999989 	
0.99999797 	1.00000000 	0.99999633 	0.99212124 	0.99998766 	0.99998799 	0.98968019 	0.99630236 	0.99257451 	1.00000000 	0.99999912 	0.99225688 	0.99999560 	0.99191124 	0.99999778 	0.99999989 	
0.99999797 	1.00000000 	0.99999633 	0.99212124 	0.99998766 	0.99998799 	0.98968019 	0.99630236 	0.99257451 	1.00000000 	0.99999912 	0.99225688 	0.99999560 	0.99191124 	0.99999778 	0.99999989 	
0.99999797 	1.00000000 	0.99999633 	0.99212124 	0.99998766 	0.99998799 	0.98968019 	0.99630236 	0.99257451 	1.00000000 	0.99999912 	0.99225688 	0.99999560 	0.99191124 	0.99999778 	0.99999989 	
0.99999797 	1.00000000 	0.99999633 	0.99212124 	0.99998766 	0.99998799 	0.98968019 	0.99630236 	0.99258015 	1.00000000 	0.99999912 	0.99225688 	0.99999560 	0.99191124 	0.99999778 	0.99999989 	
0.99999797 	1.00000000 	0.99999633 	0.99212124 	0.99998766 	0.99998799 	0.98968019 	0.99630236 	0.99258015 	1.00000000 	0.99999912 	0.99225688 	0.99999560 	0.99191124 	0.99999778 	0.99999989 	
0.99999797 	1.00000000 	0.99999633 	0.99212124 	0.99998766 	0.99998799 	0.98968019 	0.99630236 	0.99258015 	1.00000000 	0.99999912 	0.99225688 	0.99999560 	0.99191124 	0.99999778 	0.99999989 	
0.99999797 	1.00000000 	0.99999633 	0.99212124 	0.99998766 	0.99998799 	0.98968019 	0.99630236 	0.99258015 	1.00000000 	0.99999912 	0.99225688 	0.99999560 	0.99191124 	0.99999778 	0.99999989 	
0.99999797 	1.00000000 	0.99999633 	0.99212124 	0.99998766 	0.99998799 	0.98968019 	0.99630236 	0.99258015 	1.00000000 	0.99999912 	0.99225688 	0.99999560 	0.99191124 	0.99999778 	0.99999989 	
0.99999797 	1.00000000 	0.99999633 	0.99212124 	0.99998766 	0.99998799 	0.98968019 	0.99630236 	0.99258015 	1.00000000 	0.99999912 	0.99225688 	0.99999560 	0.99191124 	0.99999778 	0.99999989 	
0.99999797 	1.00000000 	0.99999633 	0.99212124 	0.99998766 	0.99998799 	0.98968019 	0.99630236 	0.99258015 	1.00000000 	0.99999912 	0.99225688 	0.99999560 	0.99191124 	0.99999778 	0.99999989 	
0.99999797 	1.00000000 	0.99999633 	0.99212124 	0.99998766 	0.99998799 	0.98968019 	0.99630236 	0.99258015 	1.00000000 	0.99999912 	0.99225688 	0.99999560 	0.99191124 	0.99999778 	0.99999989 	
0.99999868 	1.00000000 	0.99999633 	0.99212124 	0.99998766 	0.99998799 	0.98968019 	0.99630236 	0.99258015 	1.00000000 	0.99999912 	0.99225688 	0.99999560 	0.99191124 	0.99999778 	0.99999989 	
0.99999868 	1.00000000 	0.99999633 	0.99212124 	0.99998766 	0.99998799 	0.98968019 	0.99630236 	0.99258015 	1.00000000 	0.99999912 	0.99225688 	0.99999560 	0.99191124 	0.99999778 	0.99999989 	
0.99999868 	1.00000000 	0.99999633 	0.99212124 	0.99998766 	0.99998799 	0.98968019 	0.99630236 	0.99258015 	1.00000000 	0.99999912 	0.99225688 	0.99999560 	0.99191124 	0.99999778 	0.99999989 	
0.99999868 	1.00000000 	0.99999633 	0.99212124 	0.99998766 	0.99998799 	0.98968019 	0.99630236 	0.99258015 	1.00000000 	0.99999912 	0.99225688 	0.99999560 	0.99191124 	0.99999778 	0.99999989 	
0.99999868 	1.00000000 	0.99999633 	0.99212124 	0.99998766 	0.99998799 	0.98968019 	0.99630236 	0.99258015 	1.00000000 	0.99999912 	0.99225688 	0.99999560 	0.99191124 	0.99999778 	0.99999989 	
0.99999868 	1.00000000 	0.99999633 	0.99212124 	0.99998766 	0.99998799 	0.98968019 	0.99630236 	0.99258015 	1.00000000 	0.99999912 	0.99225688 	0.99999560 	0.99191124 	0.99999778 	0.99999989 	
0.99999868 	1.00000000 	0.99999633 	0.99212124 	0.99998766 	0.99998799 	0.98968019 	0.99630236 	0.99258015 	1.00000000 	0.99999912 	0.99225688 	0.99999560 	0.99191124 	0.99999778 	0.99999989 	
0.99999868 	1.00000000 	0.99999633 	0.99212124 	0.99998766 	0.99998799 	0.98968019 	0.99630236 	0.99258015 	1.00000000 	0.99999912 	0.99225688 	0.99999560 	0.99191124 	0.99999778 	0.99999989 	
0.99999868 	1.00000000 	0.99999633 	0.99212124 	0.99998766 	0.99998799 	0.98968019 	0.99630236 	0.99258130 	1.00000000 	0.99999912 	0.99225688 	0.99999560 	0.99191124 	0.99999778 	0.99999989 	
0.99999868 	1.00000000 	0.99999633 	0.99212124 	0.99998766 	0.99998799 	0.98968019 	0.99630236 	0.99258130 	1.00000000 	0.99999912 	0.99225688 	0.99999560 	0.99191124 	0.99999778 	0.99999989 	
0.99999868 	1.00000000 	0.99999633 	0.99212124 	0.99998766 	0.99998799 	0.98968019 	0.99630236 	0.99258130 	1.00000000 	0.99999935 	0.99225688 	0.99999560 	0.99191124 	0.99999778 	0.99999989 	
0.99999868 	1.00000000 	0.99999633 	0.99212124 	0.99998766 	0.99998799 	0.98968019 	0.99630236 	0.99258130 	1.00000000 	0.99999935 	0.99225688 	0.99999560 	0.99191124 	0.99999778 	0.99999989 	
0.99999868 	1.00000000 	0.99999633 	0.99212124 	0.99998766 	0.99998799 	0.98968019 	0.99630236 	0.99258130 	1.00000000 	0.99999935 	0.99225688 	0.99999560 	0.99191124 	0.99999778 	0.99999989 	
0.99999868 	1.00000000 	0.99999633 	0.99212124 	0.99998766 	0.99998799 	0.98968019 	0.99630236 	0.99258130 	1.00000000 	0.99999935 	0.99225688 	0.99999560 	0.99191124 	0.99999778 	0.99999989 	
0.99999868 	1.00000000 	0.99999633 	0.99212124 	0.99998766 	0.99998799 	0.98968019 	0.99630236 	0.99258130 	1.00000000 	0.99999935 	0.99225688 	0.99999560 	0.99191124 	0.99999971 	0.99999989 	
0.99999868 	1.00000000 	0.99999633 	0.99212124 	0.99998766 	0.99998799 	0.98968019 	0.99630236 	0.99258130 	1.00000000 	0.99999935 	0.99225688 	0.99999560 	0.99191124 	0.99999971 	0.99999989 	
0.99999868 	1.00000000 	0.99999633 	0.99212124 	0.99998766 	0.99998799 	0.98968019 	0.99630236 	0.99258130 	1.00000000 	0.99999935 	0.99225688 	0.99999560 	0.99191124 	0.99999971 	0.99999989 	
0.99999868 	1.00000000 	0.99999633 	0.99212124 	0.99998766 	0.99998799 	0.98968019 	0.99630236 	0.99258130 	1.00000000 	0.99999935 	0.99225688 	0.99999560 	0.99191124 	0.99999971 	0.99999989 	
0.99999868 	1.00000000 	0.99999633 	0.99212124 	0.99998766 	0.99998799 	0.98968019 	0.99630236 	0.99258130 	1.00000000 	0.99999935 	0.99225688 	0.99999560 	0.99191124 	0.99999971 	0.99999989 	
0.99999868 	1.00000000 	0.99999633 	0.99253229 	0.99998766 	0.99998799 	0.98968019 	0.99630236 	0.99258130 	1.00000000 	0.99999935 	0.99225688 	0.99999560 	0.99191124 	0.99999971 	0.99999989 	
0.99999868 	1.00000000 	0.99999633 	0.99253229 	0.99998766 	0.99998799 	0.98968019 	0.99630236 	0.99258130 	1.00000000 	0.99999935 	0.99225688 	0.99999560 	0.99191124 	0.99999971 	0.99999989 	
0.99999868 	1.00000000 	0.99999633 	0.99253229 	0.99998766 	0.99998955 	0.98968019 	0.99630236 	0.99258130 	1.00000000 	0.99999935 	0.99225688 	0.99999560 	0.99191124 	0.99999971 	0.99999989 	
0.99999868 	1.00000000 	0.99999633 	0.99253229 	0.99998766 	0.99998955 	0.98968019 	0.99630236 	0.99258130 	1.00000000 	0.99999935 	0.99225688 	0.99999560 	0.99191124 	0.99999971 	0.99999989 	
0.99999868 	1.00000000 	0.99999633 	0.99253229 	0.99998766 	0.99998955 	0.98968019 	0.99630236 	0.99258130 	1.00000000 	0.99999935 	0.99225688 	0.99999560 	0.99191124 	0.99999971 	0.99999989 	
0.99999868 	1.00000000 	0.99999633 	0.99253229 	0.99998766 	0.99998955 	0.98968019 	0.99630236 	0.99260544 	1.00000000 	0.99999935 	0.99225688 	0.99999560 	0.99191124 	0.99999971 	0.99999989 	
0.99999868 	1.00000000 	0.99999633 	0.99253229 	0.99998766 	0.99998955 	0.98968019 	0.99630236 	0.99260544 	1.00000000 	0.99999935 	0.99225688 	0.99999560 	0.99191124 	0.99999971 	0.99999989 	
0.99999868 	1.00000000 	0.99999633 	0.99253229 	0.99998766 	0.99998955 	0.98968019 	0.99630236 	0.99260544 	1.00000000 	0.99999935 	0.99225688 	0.99999560 	0.99191124 	0.99999971 	0.99999989 	
0.99999868 	1.00000000 	0.99999633 	0.99253229 	0.99998766 	0.99998955 	0.98968019 	0.99630236 	0.99260544 	1.00000000 	0.99999935 	0.99225688 	0.99999560 	0.99191124 	0.99999971 	0.99999989 	
0.99999868 	1.00000000 	0.99999633 	0.99253229 	0.99998766 	0.99998955 	0.98968019 	0.99630236 	0.99260544 	1.00000000 	0.99999935 	0.99225688 	0.99999573 	0.99191124 	0.99999971 	0.99999989 	
0.99999868 	1.00000000 	0.99999633 	0.99253229 	0.99998766 	0.99998955 	0.98968019 	0.99630236 	0.99260544 	1.00000000 	0.99999935 	0.99225688 	0.99999573 	0.99191124 	0.99999971 	0.99999989 	
0.99999868 	1.00000000 	0.99999633 	0.99253229 	0.99998766 	0.99998955 	0.98968019 	0.99630236 	0.99260544 	1.00000000 	0.99999935 	0.99225688 	0.99999573 	0.99191124 	0.99999971 	0.99999989 	
0.99999868 	1.00000000 	0.99999633 	0.99253229 	0.99998766 	0.99998955 	0.98968019 	0.99630236 	0.99260544 	1.00000000 	0.99999935 	0.99225688 	0.99999573 	0.99191124 	0.99999971 	0.99999989 	
0.99999943 	1.00000000 	0.99999633 	0.99253229 	0.99998766 	0.99998955 	0.98968019 	0.99630236 	0.99260544 	1.00000000 	0.99999935 	0.99225688 	0.99999573 	0.99191124 	0.99999971 	0.99999989 	
0.99999943 	1.00000000 	0.99999633 	0.99253229 	0.99998766 	0.99998955 	0.98968019 	0.99630236 	0.99260544 	1.00000000 	0.99999935 	0.99225688 	0.99999573 	0.99191124 	0.99999971 	0.99999989 	
0.99999943 	1.00000000 	0.99999740 	0.99253229 	0.99998766 	0.99998955 	0.98968019 	0.99630236 	0.99260544 	1.00000000 	0.99999935 	0.99225688 	0.99999573 	0.99191124 	0.99999971 	0.99999989 	
0.99999943 	1.00000000 	0.99999740 	0.99253229 	0.99998766 	0.99998955 	0.98968019 	0.99630236 	0.99260544 	1.00000000 	0.99999935 	0.99225688 	0.99999573 	0.99191124 	0.99999971 	0.99999989 	
0.99999943 	1.00000000 	0.99999740 	0.99253229 	0.99998766 	0.99998955 	0.98968019 	0.99630236 	0.99260544 	1.00000000 	0.99999935 	0.99225688 	0.99999573 	0.99191124 	0.99999971 	0.99999989 	
0.99999943 	1.00000000 	0.99999740 	0.99253229 	0.99998766 	0.99998955 	0.98968019 	0.99630236 	0.99260544 	1.00000000 	0.99999935 	0.99225688 	0.99999573 	0.99191124 	0.99999971 	0.99999989 	
0.99999943 	1.00000000 	0.99999740 	0.99253229 	0.99998766 	0.99998955 	0.98968019 	0.99630236 	0.99260544 	1.00000000 	0.99999935 	0.99225688 	0.99999573 	0.99191124 	0.99999971 	0.99999989 	
0.99999943 	1.00000000 	0.99999740 	0.99253229 	0.99998766 	0.99998955 	0.98968019 	0.99630236 	0.99260544 	1.00000000 	0.99999935 	0.99225688 	0.99999573 	0.99191124 	0.99999971 	0.99999989 	
0.99999943 	1.00000000 	0.99999740 	0.99253229 	0.99998766 	0.99998955 	0.98968019 	0.99630236 	0.99260544 	1.00000000 	0.99999935 	0.99225688 	0.99999573 	0.99191124 	0.99999971 	0.99999989 	
0.99999943 	1.00000000 	0.99999740 	0.99253229 	0.99998766 	0.99998955 	0.98968019 	0.99630236 	0.99260544 	1.00000000 	0.99999935 	0.99225688 	0.99999573 	0.99191124 	0.99999971 	0.99999989 	
0.99999943 	1.00000000 	0.99999740 	0.99253229 	0.99998766 	0.99998955 	0.98968019 	0.99630236 	0.99260544 	1.00000000 	0.99999935 	0.99225688 	0.99999573 	0.99191124 	0.99999971 	0.99999989 	
0.99999943 	1.00000000 	0.99999740 	0.99253229 	0.99998766 	0.99998955 	0.98968019 	0.99630236 	0.99260544 	1.00000000 	0.99999935 	0.99225688 	0.99999573 	0.99191124 	0.99999971 	0.99999989 	
0.99999943 	1.00000000 	0.99999740 	0.99253229 	0.99998766 	0.99998955 	0.98968019 	0.99630236 	0.99260544 	1.00000000 	0.99999935 	0.99225688 	0.99999639 	0.99191124 	0.99999971 	0.99999989 	
0.99999943 	1.00000000 	0.99999740 	0.99253229 	0.99998766 	0.99998955 	0.98968019 	0.99630236 	0.99260544 	1.00000000 	0.99999935 	0.99225688 	0.99999639 	0.99180551 	0.99999971 	0.99999989 	
0.99999943 	1.00000000 	0.99999740 	0.99253229 	0.99998766 	0.99998955 	0.98968019 	0.99630236 	0.99260544 	1.00000000 	0.99999935 	0.99225688 	0.99999639 	0.99180551 	0.99999973 	0.99999989 	
0.99999943 	1.00000000 	0.99999740 	0.99253229 	0.99998766 	0.99998955 	0.98968019 	0.99630236 	0.99260544 	1.00000000 	0.99999935 	0.99225688 	0.99999639 	0.99180551 	0.99999973 	0.99999994 	
0.99999943 	1.00000000 	0.99999740 	0.99253229 	0.99998766 	0.99998955 	0.98968019 	0.99630236 	0.99260544 	1.00000000 	0.99999935 	0.99225688 	0.99999639 	0.99180551 	0.99999973 	0.99999994 	
0.99999943 	1.00000000 	0.99999740 	0.99253229 	0.99998766 	0.99998955 	0.98968019 	0.99630236 	0.99260544 	1.00000000 	0.99999935 	0.99225688 	0.99999639 	0.99180551 	0.99999973 	0.99999994 	
0.99999943 	1.00000000 	0.99999754 	0.99253229 	0.99998766 	0.99998955 	0.98968019 	0.99630236 	0.99260544 	1.00000000 	0.99999935 	0.99225688 	0.99999639 	0.99180551 	0.99999973 	0.99999994 	
0.99999943 	1.00000000 	0.99999754 	0.99253229 	0.99998766 	0.99998955 	0.98968019 	0.99630236 	0.99260544 	1.00000000 	0.99999935 	0.99225688 	0.99999639 	0.99180551 	0.99999973 	0.99999994 	
0.99999943 	1.00000000 	0.99999754 	0.99253229 	0.99998766 	0.99998955 	0.98968019 	0.99630236 	0.99260544 	1.00000000 	0.99999935 	0.99225688 	0.99999639 	0.99180551 	0.99999973 	0.99999994 	
0.99999943 	1.00000000 	0.99999754 	0.99253229 	0.99998766 	0.99999471 	0.98968019 	0.99630236 	0.99260544 	1.00000000 	0.99999935 	0.99225688 	0.99999639 	0.99180551 	0.99999973 	0.99999994 	
0.99999943 	1.00000000 	0.99999754 	0.99253229 	0.99998766 	0.99999471 	0.98968019 	0.99630236 	0.99260544 	1.00000000 	0.99999935 	0.99225688 	0.99999639 	0.99180551 	0.99999973 	0.99999994 	
0.99999943 	1.00000000 	0.99999754 	0.99253229 	0.99998766 	0.99999471 	0.98968019 	0.99634731 	0.99260544 	1.00000000 	0.99999935 	0.99225688 	0.99999639 	0.99180551 	0.99999973 	0.99999994 	
0.99999943 	1.00000000 	0.99999754 	0.99253229 	0.99998766 	0.99999471 	0.98968019 	0.99634731 	0.99260544 	1.00000000 	0.99999935 	0.99225688 	0.99999639 	0.99180551 	0.99999973 	0.99999994 	
0.99999943 	1.00000000 	0.99999754 	0.99253229 	0.99998766 	0.99999471 	0.98968019 	0.99634731 	0.99260544 	1.00000000 	0.99999935 	0.99225688 	0.99999639 	0.99180551 	0.99999973 	0.99999994 	
0.99999943 	1.00000000 	0.99999754 	0.99253229 	0.99998766 	0.99999471 	0.98968019 	0.99634731 	0.99260544 	1.00000000 	0.99999935 	0.99225688 	0.99999639 	0.99180551 	0.99999973 	0.99999994 	
0.99999943 	1.00000000 	0.99999754 	0.99253229 	0.99998766 	0.99999471 	0.98968019 	0.99634731 	0.99260544 	1.00000000 	0.99999935 	0.99225688 	0.99999639 	0.99180551 	0.99999973 	0.99999994 	
0.99999943 	1.00000000 	0.99999754 	0.99253229 	0.99998766 	0.99999471 	0.98968019 	0.99634731 	0.99260544 	1.00000000 	0.99999935 	0.99225688 	0.99999941 	0.99180551 	0.99999973 	0.99999994 	
0.99999943 	1.00000000 	0.99999754 	0.99253229 	0.99998766 	0.99999471 	0.98968019 	0.99634731 	0.99260544 	1.00000000 	0.99999935 	0.99225688 	0.99999941 	0.99180551 	0.99999973 	0.99999994 	
0.99999943 	1.00000000 	0.99999754 	0.99253229 	0.99998766 	0.99999471 	0.98968019 	0.99634731 	0.99260544 	1.00000000 	0.99999935 	0.99225688 	0.99999941 	0.99180551 	0.99999973 	0.99999994 	
0.99999943 	1.00000000 	0.99999754 	0.99253229 	0.99998766 	0.99999471 	0.98968019 	0.99634731 	0.99260544 	1.00000000 	0.99999935 	0.99225688 	0.99999941 	0.99180551 	0.99999973 	0.99999994 	
