-1555085.89560147 
-1554861.27122096 
-1321789.41297143 
-1194626.93897927 
-1175445.27370710 
-1145926.68730394 
-1142157.29256596 
-1107942.91836693 
-808835.41437711 
-545124.47317338 
-533666.17839417 
-530256.27172950 
-314348.76112544 
-309356.23185643 
-308277.17419973 
-253940.80942029 
-253940.80942029 
-251481.99671086 
-248948.50174506 
-248948.50174506 
-241203.42527732 
-241203.42527732 
-241203.42527732 
-241203.42527732 
-235023.76942758 
-234542.36271776 
-233852.51467178 
-232717.70974443 
-230313.05920544 
-230313.05920544 
-228775.27991789 
-223996.49645803 
-223778.47419141 
-223429.45145098 
-223429.45145098 
-223304.29383621 
-219340.26349934 
-219340.26349934 
-219036.41605826 
-218817.57102484 
-215679.70518676 
-212393.54054929 
-211882.09647545 
-211877.08006999 
-207725.17926218 
-207614.27514322 
-207551.57754314 
-207551.57754314 
-207494.17159382 
-207494.17159382 
-206591.69271412 
-206561.82886708 
-206561.82886708 
-182635.09852251 
-182635.09852251 
-182627.26581686 
-179537.38785500 
-179244.93105156 
-179235.35915061 
-179234.55773638 
-179234.55773638 
-179233.91816699 
-179220.90045294 
-179220.90045294 
-179171.34887401 
-179072.94690942 
-179047.87019506 
-179033.97154047 
-176305.98271459 
-173613.00230076 
-172983.02052281 
-172982.69593201 
-172854.20495688 
-172813.27404690 
-172810.53192235 
-172801.20643933 
-172747.69077057 
-172733.16824986 
-172722.82807847 
-172722.82807847 
-172722.82807847 
-172696.40707257 
-172696.40707257 
-172696.40707257 
-172696.40707257 
-131442.25407618 
-131442.25407618 
-131438.80132452 
-131335.71837913 
-131335.71837913 
-131335.71837913 
-131335.68814634 
-129482.78590055 
-129482.78590055 
-129417.40443192 
-129417.40443192 
-129415.43849454 
-129415.43849454 
-129411.43189225 
-129411.43189225 
-129248.54492263 
-129248.54492263 
-128682.67831823 
-128675.90583530 
-128675.90583530 
-128675.90583530 
-128675.23499578 
-128646.03888975 
-128646.03888975 
-128646.03888975 
-128646.03888975 
-128643.39380672 
-128642.58296145 
-128638.23379361 
-128638.23379361 
-128638.18279159 
-128638.18279159 
-128638.18279159 
-128636.47728819 
-128636.34659118 
-128636.34659118 
-128631.34741272 
-128631.34741272 
-128631.34741272 
-128381.54734081 
-128381.54734081 
-128300.59466728 
-128300.59466728 
-128300.59466728 
-128299.12842062 
-128299.12842062 
-128299.12041284 
-128299.12041284 
-119417.50255772 
-119415.23963339 
-119414.90144661 
-119414.90144661 
-119386.10250407 
-119386.09937401 
-119386.09937401 
-119386.09937401 
-119386.09937401 
-119377.77293535 
-119372.39248458 
-119372.39248458 
-119372.39248458 
-119349.01651431 
-119348.80817575 
-119348.80817575 
-116016.02924284 
-116013.22103554 
-116013.21539065 
-116013.21539065 
-116012.79741443 
-116012.19474452 
-116012.19474452 
-116011.98961776 
-116011.98961776 
-116008.23471861 
-116008.23471861 
-116008.23471861 
-116008.23471861 
-116008.23471861 
-116008.19594454 
-115982.93736830 
-115224.71329363 
-115224.71329363 
-115224.71329363 
-115224.26951229 
-115224.26951229 
-115224.26002410 
-115224.26002410 
-115196.34131646 
-115196.34131646 
-115196.34131646 
-115192.77550931 
-115191.92844640 
-115191.92844640 
-115190.61666273 
-115190.61666273 
-114770.38023207 
-113789.80970053 
-113789.80970053 
-113789.74479189 
-113789.74479189 
-113783.68748837 
-113783.44158445 
-113783.44158445 
-113783.44158445 
-113783.44158445 
-113783.12808032 
-113783.12808032 
-113783.12808032 
-113783.12808032 
-113783.12808032 
-113783.12808032 
-113756.95597756 
-113756.95597756 
-113749.90294639 
-113749.90294639 
-113749.90294639 
-113749.90294639 
-113749.88133161 
-113749.88133161 
-113749.88133161 
-113749.88133161 
-113749.88133161 
-113749.88133161 
-113749.88133161 
-113749.87825408 
-113749.87825408 
-113749.14835917 
-113749.14835917 
-113694.41681520 
-113693.56196632 
-113693.53674178 
-113693.53674178 
-113693.53674178 
-113693.53672413 
-113693.53672413 
-113693.53672413 
-113693.53672413 
-113693.53441220 
-113693.53441220 
-113693.53441220 
-113693.53441220 
-113683.68664024 
-113683.44567665 
-113683.44567665 
-113596.13130671 
-113596.13130671 
-113596.13130671 
-113596.13130671 
-113594.09242831 
-113594.09242831 
-113594.09242831 
-113594.09242831 
-113594.09242831 
-113594.09242831 
-113594.09242831 
-113594.09242831 
-113594.09205828 
-113592.55844199 
-113592.55844199 
-113585.06894699 
-113585.06894699 
-113585.06894699 
-113585.06894699 
-113585.06894699 
-113584.78202598 
-113584.78202598 
-113584.73470810 
-113584.73470810 
-113584.73470810 
-113584.73470810 
-113584.73470810 
-113584.73470810 
-113584.73470810 
-113584.73470810 
-113584.73470810 
-113575.15415758 
-113575.15415758 
-113575.02397906 
-113575.02397906 
-113575.02397906 
-113575.02397906 
-113575.02397906 
-113575.02397906 
-113574.26351992 
-113574.26351992 
-113574.26351992 
-113574.21981540 
-113574.21981540 
-113574.21981540 
-113574.21981540 
-113574.21981540 
-113565.61249043 
-113565.61249043 
-113565.61249043 
-113565.61249043 
-113565.46727490 
-113565.46727490 
-113565.46727490 
-113565.46727490 
-113565.07218813 
-113565.04897510 
-113565.04897510 
-113565.04897510 
-113565.04897510 
-113565.04897510 
-113565.04897510 
-113565.04897510 
-113564.79829819 
-113540.34347150 
-113540.31310297 
-113540.31310297 
-113540.31310297 
-113540.31310297 
-113540.31310297 
-113540.28788922 
-113540.28788922 
-113540.27763687 
-113540.27763687 
-113540.27763687 
-113540.27763687 
-113540.27763687 
-113540.27763687 
-113540.27763687 
-113534.22960950 
-113534.21979476 
-113534.21979476 
-113534.21979476 
-113534.21979476 
-113534.21009860 
-113534.21009860 
-113533.95646390 
-113533.72675463 
-113533.72675463 
-113533.72675463 
-113533.72675463 
-113533.72675463 
-113533.72675463 
-113533.72675463 
-113533.72675463 
-113533.72675463 
-113533.72675463 
-113533.72675463 
-113533.72675463 
-113533.72513422 
-113533.72513422 
-113533.72513422 
-113533.72513422 
-113533.72513422 
-113533.72513422 
-113533.72513422 
-113533.72513422 
-113533.70897381 
-113533.70897381 
-113533.70897381 
-113533.70897381 
-113533.70897381 
-113533.70897381 
-113533.70897381 
-113533.70897381 
-113533.70866822 
-113533.70866822 
-113533.70733858 
-113533.70733858 
-113533.70733858 
-113533.70733858 
-113533.69133790 
-113533.69133790 
-113533.69133790 
-113533.69133790 
-113533.69133790 
-113533.00829586 
-113533.00829586 
-113532.75329145 
-113532.75329145 
-113532.75329145 
-113532.74882081 
-113532.74882081 
-113532.74882081 
-113532.74882081 
-113532.74397688 
-113532.74397688 
-113532.74397688 
-113532.74397688 
-113532.72697978 
-113532.72697978 
-113532.68530552 
-113532.68530552 
-113532.68530552 
-113532.68530552 
-113532.68530552 
-113532.68530552 
-113532.68530552 
-113532.68530552 
-113532.68530552 
-113532.68530552 
-113532.66211478 
-113532.66089374 
-113532.66075844 
-113532.65738069 
-113532.65738069 
-113532.65738069 
-113532.65186529 
-113532.65186529 
-113532.65186529 
-113531.80702969 
-113531.80702969 
-113531.80569021 
-113531.80569021 
-113531.80569021 
-113531.80569021 
-113531.80569021 
-113531.69833609 
-113531.69833609 
-113531.69833609 
-113531.69833609 
