-1524997.61123273 
-1463376.98605671 
-1394596.81622411 
-1352666.14472915 
-1237690.18293346 
-1128284.88884078 
-1064197.75099253 
-1059244.51197373 
-1000235.91959697 
-955406.40557950 
-944642.57798668 
-944642.57798668 
-827471.63985919 
-786648.25834425 
-640387.68273847 
-215466.46390759 
-213361.06160881 
-212741.11418520 
-212729.55634923 
-212729.55634923 
-212707.31215742 
-210456.36189752 
-209987.59429701 
-207888.40188343 
-207888.40188343 
-207888.40188343 
-207888.40188343 
-207539.45082605 
-198624.89527471 
-198624.89527471 
-193404.30182827 
-187901.78921612 
-187649.14537927 
-187649.14537927 
-187552.22081741 
-186032.40536001 
-183306.49598527 
-183306.49598527 
-175716.27215917 
-173863.08763034 
-167085.17111951 
-166335.28391222 
-166335.28391222 
-165099.33876824 
-164749.07498455 
-163123.52101060 
-162672.44771622 
-161132.56879860 
-160946.60069031 
-160946.60069031 
-160946.60069031 
-158090.79177237 
-158090.79177237 
-153584.15214867 
-153471.06300435 
-153274.53054388 
-145565.72210977 
-144258.92994459 
-140666.66686956 
-139595.59683776 
-139549.90962333 
-138099.97735736 
-137919.08528140 
-128680.99131678 
-128680.99131678 
-128511.37419030 
-128186.13071575 
-125361.86323942 
-125361.13595812 
-125274.50848581 
-125272.00903397 
-125272.00903397 
-125272.00903397 
-125268.49048096 
-124956.00946373 
-124956.00946373 
-124688.00621752 
-124460.50190631 
-124444.52565573 
-123880.64778512 
-123724.47341979 
-123723.98132200 
-123723.98132200 
-123391.53017642 
-123389.81176006 
-123389.81176006 
-123376.42653814 
-123321.16044893 
-121688.18701726 
-121688.18701726 
-120931.32308875 
-120909.03868740 
-120463.18153691 
-120463.18153691 
-120431.13958494 
-120431.13958494 
-120396.65627525 
-120394.83841671 
-120394.83841671 
-120394.83841671 
-120394.83841671 
-120394.83841671 
-120394.83841671 
-120394.83841671 
-118090.50818749 
-118090.50818749 
-117967.07944237 
-117955.96907650 
-117924.21837691 
-117924.21837691 
-117924.21837691 
-117194.46147158 
-117185.47490885 
-117185.47490885 
-117185.47490885 
-116149.71508614 
-116149.71508614 
-116149.39791703 
-116149.39791703 
-116149.39791703 
-114785.14640573 
-114783.62259362 
-114746.35148094 
-114744.47770201 
-114728.62150142 
-114604.98990019 
-114604.96941671 
-114604.96941671 
-114592.15545575 
-114572.39084619 
-114556.69323874 
-114556.69323874 
-114556.69323874 
-114556.19028529 
-114556.19028529 
-114556.19028529 
-114506.24135850 
-114506.23554583 
-114338.70276951 
-114338.70276951 
-114336.78112029 
-114336.78112029 
-114336.50093192 
-113980.60613023 
-113980.33440797 
-113980.33440797 
-113979.70064671 
-113963.81939491 
-113963.65325904 
-113963.08102237 
-113963.08102237 
-113963.08102237 
-113727.58289568 
-113726.20482860 
-113720.59848837 
-113719.68384983 
-113700.76356792 
-113700.76356792 
-113700.75264501 
-113689.35150425 
-113686.81460694 
-113685.60913962 
-113685.60913962 
-113685.60913962 
-113685.39382767 
-113685.39382767 
-113685.39382767 
-113685.39382767 
-113608.02200673 
-113608.02200673 
-113591.08981668 
-113591.08981668 
-113553.53512544 
-113541.18898014 
-113541.18747696 
-113533.53792678 
-113531.62650044 
-113531.62650044 
-113531.59472278 
-113531.59472278 
-113531.59472278 
-113531.49277738 
-113531.49277738 
-113531.49277738 
-113507.16030003 
-113506.57305697 
-113493.11301394 
-113493.05355807 
-113493.05355807 
-113493.05355807 
-113493.05355807 
-113493.05355807 
-113493.05355807 
-113493.05355807 
-113493.05355807 
-113493.05355807 
-113493.05355807 
-113493.05355807 
-113492.87419622 
-113492.76711161 
-113492.76711161 
-113492.52632008 
-113492.08159377 
-113492.08159377 
-113489.55763615 
-113489.55763615 
-113489.55728626 
-113489.54574776 
-113489.49326940 
-113489.49326940 
-113489.14351096 
-113485.63930923 
-113485.63930923 
-113485.63930923 
-113485.63930923 
-113485.63930923 
-113481.03806092 
-113481.03806092 
-113428.56271961 
-113428.50534042 
-113428.50534042 
-113427.47937922 
-113427.47112500 
-113427.47112500 
-113427.04743068 
-113426.99610636 
-113426.99610636 
-113426.99610636 
-113426.99610636 
-113426.99610636 
-113426.99610636 
-113426.96387152 
-113426.96387152 
-113426.83413869 
-113383.00150094 
-113383.00150094 
-113383.00150094 
-113347.91697468 
-113347.91210962 
-113347.89169187 
-113347.85896537 
-113347.43155339 
-113347.41062578 
-113347.41062578 
-113347.41062578 
-113347.41062578 
-113347.41062578 
-113347.41062578 
-113347.41062578 
-113347.41062578 
-113346.84152742 
-113346.84152742 
-113346.79058696 
-113346.79058696 
-113346.77500718 
-113346.77500718 
-113346.77500718 
-113346.77500718 
-113346.77500718 
-113346.72423675 
-113346.72423675 
-113346.72423675 
-113346.72423675 
-113346.72423675 
-113346.64453547 
-113346.64453547 
-113343.64565406 
-113343.64565406 
-113343.64565406 
-113343.40948839 
-113343.40948839 
-113343.40948839 
-113343.40948839 
-113343.30566376 
-113343.30566376 
-113341.45811288 
-113341.45811288 
-113341.45811288 
-113341.45811288 
-113341.45811288 
-113341.22085297 
-113341.22085297 
-113341.22085297 
-113341.15905635 
-113340.89311711 
-113340.89311711 
-113340.88934041 
-113340.88934041 
-113340.88934041 
-113340.84784976 
-113340.81170907 
-113340.81170907 
-113340.81170907 
-113340.80867190 
-113340.80867190 
-113340.80867190 
-113340.49162681 
-113340.49162681 
-113340.49162681 
-113340.49162681 
-113340.49162681 
-113340.49162681 
-113340.48712838 
-113340.45692513 
-113340.39230724 
-113340.39230724 
-113340.39230724 
-113340.39230724 
-113340.39230724 
-113340.39185277 
-113340.39185277 
-113340.38758866 
-113340.38758866 
-113340.38758866 
-113340.38758866 
-113340.38758866 
-113340.38758866 
-113339.84200571 
-113339.84200571 
-113339.84200571 
-113339.84200571 
-113339.83041975 
-113339.83041975 
-113339.81590303 
-113339.81590303 
-113339.81543985 
-113339.81543985 
-113339.81543985 
-113339.57084835 
-113339.57084835 
-113339.57084835 
-113339.57084835 
-113339.57084835 
-113339.44322679 
-113339.44317769 
-113339.44317769 
-113339.44267525 
-113339.44267525 
-113339.44267525 
-113339.44267525 
-113339.44267525 
-113339.44267525 
-113339.44267525 
-113339.44267525 
-113339.44267525 
-113339.44267525 
-113339.44267525 
-113339.44267525 
-113339.34923913 
-113339.34923913 
-113339.34912766 
-113339.34912766 
-113339.34912766 
-113339.34912766 
-113339.34912766 
-113339.34912766 
-113339.34912766 
-113339.34912766 
-113339.34912766 
-113339.34912766 
-113339.34912766 
-113339.34912766 
-113339.26897618 
-113339.26897618 
-113339.26897618 
-113339.26897618 
-113339.26897618 
-113339.26897618 
-113339.26897618 
-113339.26856562 
-113339.21414289 
-113339.18838745 
-113339.18838745 
-113339.18838745 
-113339.18838745 
-113339.18838745 
-113339.18838745 
-113339.18838745 
-113339.04928834 
-113339.04925523 
-113338.92093386 
-113338.90206381 
-113338.90203299 
-113338.90199452 
-113338.79090085 
-113338.79090085 
-113338.79090085 
-113338.79090085 
-113338.79090085 
-113338.78906823 
-113338.78906823 
-113338.78906823 
-113338.78906823 
-113338.78906823 
-113338.76221256 
-113338.76221256 
-113338.76221256 
-113338.76221256 
-113338.76200463 
-113338.76200463 
