-1561460.18916204 
-1541675.56637393 
-1249529.80583488 
-1232894.19790490 
-1215782.51045228 
-1158985.51535906 
-1127113.40683176 
-1093132.33580335 
-1058662.98231313 
-959668.02747869 
-935684.49163966 
-738887.05800175 
-731740.40389390 
-649133.84077033 
-632783.08686078 
-217861.76536015 
-217861.76536015 
-217861.76536015 
-217097.17822068 
-217097.17822068 
-215062.43462831 
-215051.96710630 
-215051.96710630 
-212373.40082270 
-208396.68996643 
-208396.68996643 
-208396.68996643 
-204208.96327148 
-203292.42977534 
-203292.42977534 
-201928.64122859 
-201928.64122859 
-201928.64122859 
-201912.39087423 
-201644.05241109 
-193336.90377619 
-192127.19750836 
-191755.75676492 
-191024.18208815 
-191024.18208815 
-186690.79062583 
-186659.70025725 
-186448.37920403 
-186438.48429325 
-186438.48429325 
-186437.71770552 
-186437.71770552 
-186356.54675694 
-186356.54675694 
-186356.54675694 
-184344.12524092 
-183045.42491440 
-182704.43878493 
-182704.43878493 
-182578.55891076 
-182345.00504480 
-181515.66763908 
-181272.00406360 
-180699.71930296 
-178525.11952355 
-177802.52292525 
-177790.35914859 
-177790.35914859 
-177790.35914859 
-177738.80820472 
-177738.80820472 
-177738.80820472 
-143382.34732519 
-143378.63300134 
-143315.25320303 
-143168.26641981 
-141955.24798385 
-141955.24798385 
-141928.47556533 
-140521.51658737 
-139502.94428884 
-139384.07129238 
-139229.07697083 
-132310.66818307 
-132310.60240399 
-132296.01607154 
-132296.01607154 
-132296.01607154 
-130978.03776566 
-130832.64842560 
-130830.05275369 
-122941.79440407 
-122941.79440407 
-122941.79440407 
-122922.55564579 
-122868.52865369 
-122863.79780744 
-122854.59382291 
-122851.12127019 
-118252.28455800 
-118251.48602361 
-118226.85410168 
-118225.65078301 
-118225.65078301 
-118225.65078301 
-118225.65078301 
-118196.78863302 
-118159.09560765 
-116783.04304464 
-116720.78227666 
-116667.66587062 
-116667.66587062 
-116655.92427187 
-116464.58597506 
-116464.58597506 
-113433.30894466 
-113432.89120479 
-113429.00835091 
-113429.00835091 
-113215.01850259 
-113215.01850259 
-113211.54798234 
-113144.77732186 
-113144.77732186 
-113144.77732186 
-113122.19590032 
-113122.09062358 
-113082.61773096 
-113036.70625603 
-113000.00814919 
-113000.00814919 
-113000.00814919 
-112999.17132320 
-112985.26648841 
-112985.26648841 
-112940.79230099 
-112821.28105023 
-112821.28105023 
-112821.28105023 
-112813.51110182 
-112805.96407618 
-112796.78283145 
-112796.78214945 
-112708.63941333 
-112708.63941333 
-112708.42522180 
-112707.42004684 
-112707.42004684 
-112707.42004684 
-112707.42004684 
-112702.59810864 
-112691.14209023 
-112682.59072081 
-112679.64345423 
-112678.65685173 
-112463.55389918 
-112411.91898043 
-112411.91898043 
-112407.63918152 
-112406.74246554 
-112406.74246554 
-112406.65418174 
-112405.30335576 
-112405.30335576 
-112405.30335576 
-112403.64563375 
-112403.64563375 
-112374.72867722 
-112258.50728323 
-112258.50728323 
-112258.50728323 
-112245.38160332 
-112229.20057644 
-112229.20057644 
-112227.91643287 
-112227.91643287 
-112225.78039531 
-112225.77995959 
-112225.77995959 
-112181.40368408 
-112181.40368408 
-112181.40368408 
-112181.37812875 
-112181.09848078 
-112181.09848078 
-112181.03276100 
-112181.03276100 
-112181.03276100 
-112163.67976333 
-112161.95973995 
-112160.34528189 
-112160.34528189 
-112160.34528189 
-112155.71980339 
-112155.23837582 
-112018.19677051 
-112018.19677051 
-112017.93619909 
-112016.45879311 
-112016.36385015 
-112016.36385015 
-112016.33688333 
-112016.33688333 
-112011.86974303 
-112011.86974303 
-112011.86974303 
-112011.86974303 
-112011.19789910 
-112011.19789910 
-112007.88928565 
-112007.88928565 
-111958.80683319 
-111958.28951250 
-111958.28951250 
-111958.28951250 
-111958.28951250 
-111958.28951250 
-111958.28951250 
-111958.28951250 
-111958.23216397 
-111958.23216397 
-111958.23216397 
-111958.23216397 
-111958.23216397 
-111958.23216397 
-111954.00291226 
-111954.00291226 
-111954.00291226 
-111954.00291226 
-111953.92039725 
-111953.92039725 
-111953.86412275 
-111953.86412275 
-111953.86412275 
-111953.86412275 
-111953.86412275 
-111950.29920813 
-111950.29920813 
-111949.28072141 
-111948.22921033 
-111946.76181324 
-111946.76181324 
-111946.76181324 
-111941.81507134 
-111941.81507134 
-111941.61194168 
-111940.93103933 
-111940.93103933 
-111940.93103933 
-111940.93103933 
-111940.93103933 
-111940.03478437 
-111938.47065183 
-111938.31484074 
-111935.50721266 
-111935.48191251 
-111935.48191251 
-111935.01418170 
-111935.01418170 
-111935.01418170 
-111935.01418170 
-111934.89668146 
-111934.78970677 
-111934.78970677 
-111934.78970677 
-111934.72137136 
-111934.72137136 
-111934.72137136 
-111934.72137136 
-111934.72137136 
-111934.72137136 
-111934.71840366 
-111933.48310074 
-111933.48310074 
-111933.48310074 
-111907.64426889 
-111907.64426889 
-111907.58546831 
-111907.58546831 
-111907.58526626 
-111907.58526626 
-111907.56514923 
-111907.56514923 
-111907.39790547 
-111906.71141749 
-111906.71141749 
-111906.71141749 
-111906.53531149 
-111906.53531149 
-111906.53531149 
-111906.50121736 
-111896.18942854 
-111896.18942854 
-111896.18784701 
-111896.18784701 
-111896.18784701 
-111896.12572664 
-111896.12572664 
-111896.03417216 
-111896.03025344 
-111896.03025344 
-111896.00009350 
-111896.00009350 
-111896.00009350 
-111895.33193780 
-111895.09184676 
-111895.09184676 
-111895.09184676 
-111895.09184676 
-111895.09184676 
-111895.09184676 
-111895.09184676 
-111894.22640210 
-111894.22640210 
-111894.22595243 
-111894.22595243 
-111894.22595243 
-111894.22595243 
-111892.79125680 
-111892.79125680 
-111892.79125680 
-111892.77424499 
-111892.76606218 
-111891.75482378 
-111891.75482378 
-111891.75482378 
-111891.75482378 
-111891.75482378 
-111891.75482378 
-111891.75482378 
-111891.75045311 
-111891.75045311 
-111891.75045311 
-111891.75045311 
-111889.90400568 
-111889.90400568 
-111889.90400568 
-111889.90400568 
-111889.90400568 
-111889.90400568 
-111889.90400568 
-111889.90400568 
-111889.85384884 
-111889.85384884 
-111889.85384884 
-111889.85384884 
-111889.85384884 
-111889.85384884 
-111889.85384884 
-111889.83390966 
-111882.04872118 
-111882.04872118 
-111881.99869225 
-111881.99869225 
-111881.99869225 
-111881.99869225 
-111881.99869225 
-111881.99869225 
-111881.79283888 
-111881.79283888 
-111881.79283888 
-111881.79283888 
-111881.79283888 
-111881.79283888 
-111881.79283888 
-111881.79283888 
-111881.76579554 
-111881.76579554 
-111881.76579554 
-111881.75769152 
-111881.75760708 
-111881.74249223 
-111881.63296998 
-111881.63296998 
-111881.63296998 
-111881.63296998 
-111881.63296998 
-111881.58423623 
-111881.58075088 
-111881.58075088 
-111881.58075088 
-111881.58075088 
-111881.58075088 
-111881.58075088 
-111881.58075088 
-111881.53963475 
-111881.53963475 
-111881.53963475 
-111881.53963475 
-111881.53963475 
-111881.50884566 
-111881.50884566 
-111881.50884566 
-111881.49032381 
-111881.48920359 
-111881.48920359 
-111881.48920359 
-111881.48920359 
-111881.47379459 
-111881.47379459 
-111881.47379459 
-111881.45914111 
-111881.45914111 
-111881.45914111 
-111881.45914111 
