-1516077.63055112 
-1512130.04535686 
-1512017.12748133 
-1486785.36327787 
-1420280.78494556 
-1349452.82281546 
-1321181.71262065 
-1192034.26400167 
-1078067.73178296 
-677347.40171556 
-634501.82845096 
-519429.60529586 
-483117.07866812 
-483117.07866812 
-284983.19441381 
-243302.46615242 
-243072.25506405 
-243072.25506405 
-243068.09867501 
-243068.09867501 
-241501.18142258 
-240927.21400463 
-240778.97927927 
-240022.12231434 
-240012.84044693 
-228757.63921599 
-228727.31923927 
-228395.96496756 
-226378.42398299 
-225863.20586207 
-221457.33933359 
-220479.47924425 
-220062.06609075 
-220049.76806367 
-220049.76806367 
-219984.35481604 
-219984.35481604 
-219664.05946660 
-216639.81082000 
-216639.81082000 
-197752.54533728 
-197232.04667927 
-197232.04667927 
-197084.69993352 
-197084.69993352 
-194496.48021024 
-190173.07943950 
-189897.52616979 
-189601.94160441 
-189558.23674629 
-189370.83385757 
-188954.69102312 
-188410.44459937 
-188406.50611841 
-187175.57868264 
-187174.71304024 
-183333.43671056 
-175142.94521787 
-175142.67139397 
-174118.08202553 
-174118.08202553 
-174000.22473282 
-171794.67893755 
-171461.39429140 
-171457.70742456 
-170903.91759495 
-170903.91759495 
-170380.32778662 
-170354.26382815 
-170354.26382815 
-169558.96331186 
-169556.02625825 
-169556.02625825 
-169499.99169479 
-169494.57065452 
-168767.47495193 
-168763.66688367 
-168500.59691992 
-168500.59691992 
-168321.17829160 
-168320.42009959 
-168066.12987026 
-168066.12987026 
-167900.91404941 
-167884.31075699 
-167572.64064513 
-167572.64064513 
-167566.43122298 
-97105.68917509 
-97015.03474126 
-97015.03474126 
-96987.08433490 
-96987.08433490 
-96854.25938265 
-96431.17633720 
-96421.05623826 
-96414.33469876 
-96414.33469876 
-96414.33469876 
-96408.75527953 
-96404.42997493 
-96404.42997493 
-95625.97042087 
-95625.97042087 
-93526.71791889 
-93506.89885084 
-93506.89885084 
-93503.63995754 
-93496.00547783 
-93238.42490808 
-93238.42490808 
-93225.72012913 
-93225.72012913 
-93225.72012913 
-93218.96844902 
-93218.96844902 
-93121.07216681 
-92858.05058471 
-92654.90011872 
-92654.87068107 
-92411.32949794 
-92411.32522543 
-92411.22363426 
-92411.22363426 
-92409.38321396 
-92409.23156490 
-92352.87935875 
-92349.77639413 
-92348.35927838 
-92348.35927838 
-92348.35927838 
-92348.35927838 
-92348.35927838 
-92311.77750232 
-92311.77750232 
-92311.77750232 
-92024.06182973 
-92021.93630289 
-92021.93630289 
-92021.93630289 
-92021.12507447 
-92014.78869576 
-92014.78869576 
-92014.78869576 
-92013.01858603 
-91903.24982868 
-91903.24982868 
-91902.63485018 
-91899.46294336 
-91898.84935465 
-91897.18267739 
-91896.28344012 
-91454.47978591 
-91454.47978591 
-91454.47978591 
-91453.07776303 
-91453.07776303 
-91453.07776303 
-91451.19640899 
-91450.48725296 
-91449.23176701 
-91447.98358509 
-91447.98358509 
-91447.12296263 
-91442.32318347 
-91442.32318347 
-91442.25882274 
-91442.25882274 
-91396.75884155 
-91396.75884155 
-91396.75884155 
-91395.86417284 
-91395.86417284 
-91395.86417284 
-91395.83446266 
-91395.83446266 
-91395.67126784 
-91395.06581764 
-91394.49744186 
-91394.49744186 
-91394.49744186 
-91394.49744186 
-91394.49744186 
-91394.49744186 
-91388.56207753 
-91388.53174375 
-91388.52823441 
-91388.47775776 
-91387.17719699 
-91386.73345593 
-91386.65381916 
-91385.47163964 
-91385.24782826 
-91384.50872587 
-91383.99853924 
-91383.69646233 
-91382.43801533 
-91380.69536166 
-91380.66450844 
-91380.66450844 
-91377.23921922 
-91377.20252801 
-91377.20252801 
-91377.20252801 
-91377.20252801 
-91377.20252801 
-91377.17840465 
-91376.92666510 
-91376.86472332 
-91376.86472332 
-91376.84854635 
-91376.84854635 
-91376.22167931 
-91376.22167931 
-91376.14981251 
-91376.14981251 
-91376.14981251 
-91376.14981251 
-91376.14981251 
-91376.12139572 
-91376.12139572 
-91376.11587915 
-91376.11587915 
-91376.11587915 
-91376.11587915 
-91376.11587915 
-91376.11587915 
-91376.11587915 
-91375.47057974 
-91375.47057974 
-91375.47057974 
-91375.47057974 
-91372.24604629 
-91372.24604629 
-91372.24597003 
-91372.24597003 
-91372.24597003 
-91372.24597003 
-91372.24597003 
-91372.14338662 
-91372.14338662 
-91372.14338662 
-91372.14338662 
-91372.14338662 
-91371.91319470 
-91371.91319470 
-91371.70152536 
-91371.37658177 
-91371.37658177 
-91371.37658177 
-91371.37604468 
-91371.37604468 
-91371.37604468 
-91371.31717046 
-91371.31717046 
-91371.31717046 
-91371.31717046 
-91371.31717046 
-91371.31717046 
-91371.27239155 
-91371.27239155 
-91371.27239155 
-91371.26897140 
-91371.26897140 
-91369.63169020 
-91369.63169020 
-91369.63169020 
-91369.63169020 
-91369.52840435 
-91369.52840435 
-91369.52839532 
-91369.21971834 
-91369.21134773 
-91369.21134773 
-91369.21134773 
-91369.21134773 
-91369.21134773 
-91369.21134773 
-91369.21134773 
-91369.21134773 
-91369.21134773 
-91369.21134773 
-91369.21134773 
-91369.21134773 
-91368.79191948 
-91368.79191948 
-91368.79191948 
-91368.79191948 
-91368.79191948 
-91368.79191948 
-91368.79191948 
-91368.41925171 
-91368.40737982 
-91368.27604778 
-91368.27602403 
-91368.27602403 
-91368.27602403 
-91368.27602403 
-91368.25147821 
-91368.25147821 
-91368.25147821 
-91368.24741986 
-91368.24741986 
-91368.24741485 
-91368.24741485 
-91368.24741485 
-91368.24741485 
-91368.24741485 
-91368.24741485 
-91368.18412243 
-91368.18412243 
-91368.18412243 
-91367.95279461 
-91367.95279461 
-91367.95279461 
-91367.95279461 
-91367.77961570 
-91367.77961570 
-91367.77961570 
-91367.77961570 
-91367.77961570 
-91367.77961570 
-91367.77961570 
-91367.77961570 
-91367.77961570 
-91367.77961570 
-91367.77869284 
-91367.77869284 
-91367.77869284 
-91367.77869284 
-91367.77869284 
-91367.77869284 
-91367.70607618 
-91367.70607618 
-91367.70607618 
-91367.70607618 
-91367.58913972 
-91367.58913972 
-91367.53185144 
-91367.53185144 
-91367.41065266 
-91367.41065266 
-91367.41061119 
-91367.41061119 
-91367.41061119 
-91367.41061119 
-91367.41033067 
-91367.41033067 
-91367.41033067 
-91367.41033067 
-91367.41033067 
-91367.41033067 
-91367.41033067 
-91367.41033067 
-91367.41033067 
-91367.41033067 
-91367.07203503 
-91367.07203503 
-91367.07203503 
-91367.07203503 
-91367.07203503 
-91367.07203503 
-91367.07203503 
-91367.07203503 
-91367.07203503 
-91367.07203503 
-91367.07203503 
-91367.07203503 
-91367.07203503 
-91367.07203503 
-91367.07203503 
-91367.07203503 
-91367.07203503 
-91367.07203503 
-91367.07202595 
-91367.07202595 
-91367.07202595 
-91367.07202595 
-91367.07145219 
-91367.07145219 
-91367.05081518 
-91367.05081518 
-91367.05081518 
-91367.05081518 
-91367.05081518 
-91367.05081518 
-91367.05081518 
-91367.05081518 
-91367.05081518 
-91367.05081518 
-91367.05081515 
-91367.05081515 
-91367.05081515 
-91367.05081515 
-91367.05081515 
-91367.05081515 
-91367.05081515 
-91367.05081515 
-91367.05081515 
-91367.05081515 
