-1406261.56740149 
-1390299.99251954 
-1388929.42679473 
-1342574.97608844 
-1291824.58058198 
-1289581.82462449 
-1281910.67487067 
-907544.22082975 
-787042.53161974 
-737013.05964895 
-706810.72348040 
-599362.74784235 
-594653.85509363 
-581274.57796290 
-568257.68628560 
-177339.93658093 
-177220.87852556 
-170450.23751806 
-167593.91354125 
-167593.91354125 
-167589.89705434 
-167496.46797742 
-167496.46797742 
-164515.74824253 
-164489.81229452 
-164351.13746704 
-164293.01757006 
-164293.01757006 
-164293.01757006 
-158403.77261825 
-158403.77261825 
-157295.06822283 
-153279.23973789 
-153279.23973789 
-151549.94069013 
-151549.94069013 
-150178.14787455 
-149850.18563670 
-149850.18563670 
-149850.18563670 
-149744.02993554 
-149712.16114269 
-149696.52922957 
-146253.06392593 
-143928.41667911 
-138807.23234503 
-138624.12402561 
-138624.12402561 
-134940.76599058 
-134791.93690593 
-134791.93690593 
-134295.25684136 
-134295.25684136 
-134295.25684136 
-134290.73672383 
-127194.07297736 
-127025.24961593 
-127021.05844954 
-126735.86594273 
-124387.12877966 
-124387.12877966 
-116788.26293231 
-116678.13940054 
-116525.63474417 
-116525.63474417 
-116512.21769808 
-116378.85919864 
-116378.85919864 
-116378.80051068 
-116378.80051068 
-116351.48197713 
-115295.03747624 
-115169.20580291 
-115151.49541055 
-115047.10315456 
-115030.55033685 
-115029.94737201 
-115029.94737201 
-115029.94737201 
-115002.80118058 
-115002.80118058 
-115000.23170458 
-115000.23170458 
-115000.23170458 
-114994.26827804 
-114988.17649794 
-114988.12364517 
-114988.12364517 
-114978.33974147 
-114978.33974147 
-114976.82022100 
-114843.52655346 
-114843.52655346 
-113284.88285982 
-113277.27051369 
-113234.76791560 
-113234.76791560 
-113234.76791560 
-113234.76791560 
-113227.94191675 
-113219.89845509 
-113218.97495601 
-113218.97495601 
-112893.89378893 
-112842.51635583 
-112842.12440577 
-112842.12440577 
-112842.12440577 
-112841.38618993 
-112452.48832215 
-112450.49763095 
-112449.10951120 
-112449.10951120 
-112449.10951120 
-112436.05638189 
-112434.59902671 
-112434.26683494 
-112434.26683494 
-112433.24749825 
-112182.18582582 
-112176.23902652 
-112176.21651749 
-112175.23442345 
-112114.06874260 
-112114.06874260 
-112114.06874260 
-112073.39142306 
-112072.14927631 
-112066.76435724 
-112066.76435724 
-112066.76435724 
-112060.95136993 
-112060.95136993 
-112055.71583436 
-112055.71387826 
-112054.69513383 
-112052.56890530 
-112051.92346378 
-112051.78016007 
-112044.39277929 
-112044.39277929 
-111359.18677673 
-111316.72268002 
-111315.48593005 
-111315.43221172 
-111315.43221172 
-111269.01130266 
-111269.01130266 
-111268.72220169 
-111265.66162962 
-111265.64782624 
-111262.48081575 
-111261.88997860 
-111261.88997860 
-111261.78285063 
-111261.78285063 
-111261.75824768 
-111251.38311915 
-111251.38311915 
-111243.03658147 
-111243.03240587 
-111243.03240587 
-111243.03240587 
-111242.22553678 
-111238.20464495 
-111238.20464495 
-111238.20401234 
-111238.20401234 
-111238.20401234 
-111238.20401234 
-111238.20401234 
-111238.20401234 
-111238.20401234 
-111225.06299436 
-111225.06299436 
-111225.06299436 
-111225.05504305 
-111225.05504305 
-111225.05197684 
-111224.21812234 
-111224.21812234 
-111224.21812234 
-111224.21812234 
-111224.21812234 
-111223.28292230 
-111223.28292230 
-111223.27849350 
-111223.27849350 
-111223.27849350 
-111223.26385544 
-111223.26385544 
-111223.26385544 
-111223.26358394 
-111223.20279575 
-111223.20279575 
-111223.20279575 
-111222.81593513 
-111222.81593513 
-111222.81182397 
-111222.81182397 
-111222.80334524 
-111222.80334524 
-111222.80334524 
-111222.80334524 
-111222.79297520 
-111217.83055587 
-111210.29394994 
-111210.29394994 
-111210.16859299 
-111210.16859299 
-111210.16859299 
-111208.67070961 
-111203.74859330 
-111203.70188876 
-111203.69749681 
-111203.69749681 
-111203.69749681 
-111203.64191456 
-111203.62743307 
-111203.51853599 
-111203.51853599 
-111203.51853599 
-111203.51853599 
-111203.51853599 
-111203.51594309 
-111203.51594309 
-111203.51594309 
-111203.51594309 
-111203.51594309 
-111203.51594309 
-111203.51594309 
-111203.51030690 
-111203.51030690 
-111203.51030690 
-111203.51030690 
-111203.51030690 
-111203.51030690 
-111203.51030690 
-111203.06054915 
-111203.06054915 
-111203.06054915 
-111203.06054915 
-111203.06054915 
-111203.06054915 
-111203.06054915 
-111203.05908171 
-111203.05908171 
-111203.05908171 
-111203.05908171 
-111203.05908171 
-111203.05908171 
-111203.05908171 
-111203.05908171 
-111203.03468458 
-111203.03468458 
-111203.03080679 
-111202.99862843 
-111202.99862843 
-111202.96579857 
-111202.92752855 
-111202.92752855 
-111202.92752855 
-111202.92752855 
-111202.92752855 
-111202.92752855 
-111202.92752855 
-111202.92752855 
-111202.92752855 
-111202.92752855 
-111202.92752855 
-111202.87962524 
-111202.87311190 
-111202.86866814 
-111202.86866814 
-111202.86866814 
-111202.86866814 
-111202.86866814 
-111202.86866814 
-111202.86854149 
-111202.86854149 
-111202.86854149 
-111202.86854149 
-111202.85801913 
-111202.85801913 
-111202.85801913 
-111202.84801050 
-111201.73987813 
-111201.73970047 
-111201.73735370 
-111201.73735370 
-111201.70339123 
-111201.70339123 
-111201.70339123 
-111201.70339123 
-111201.70339123 
-111201.70339123 
-111201.70339123 
-111201.70339123 
-111201.70339123 
-111201.41940676 
-111201.41940676 
-111201.41940676 
-111201.22782724 
-111201.22782724 
-111201.22609919 
-111201.22609919 
-111201.22609919 
-111201.22609919 
-111201.22609919 
-111201.22609919 
-111201.22609919 
-111201.22609919 
-111201.19858188 
-111201.19858188 
-111201.19682457 
-111201.19682457 
-111201.19682457 
-111201.19682457 
-111201.19682457 
-111201.19682457 
-111201.19682457 
-111201.17444127 
-111201.17444127 
-111201.17444127 
-111201.17444127 
-111201.17444127 
-111201.17444127 
-111201.17175553 
-111201.17175553 
-111201.17175553 
-111201.16294357 
-111201.16294357 
-111201.16294357 
-111201.16294357 
-111201.15407598 
-111201.13908683 
-111201.13908683 
-111201.13908683 
-111201.13908683 
-111201.13908683 
-111201.13908683 
-111201.13686807 
-111201.13647898 
-111201.13647898 
-111201.06477418 
-111201.06477418 
-111201.06477418 
-111201.06477418 
-111201.06477418 
-111201.06477418 
-111201.06477418 
-111201.06477418 
-111201.06477418 
-111201.06477418 
-111201.06477418 
-111201.06477418 
-111201.06477418 
-111201.06477418 
-111201.06477418 
-111201.05431334 
-111201.05431334 
-111201.05431334 
-111201.05431334 
-111201.05431334 
-111201.05431334 
-111201.05431334 
-111201.05431334 
-111201.05431334 
-111201.05431334 
-111201.05431334 
-111201.05431334 
-111200.99729564 
-111200.99729564 
-111200.99728984 
-111200.99725462 
-111200.99725462 
-111200.99725462 
-111200.99725462 
-111200.99621791 
-111200.99621791 
-111200.99621791 
-111200.99621791 
-111200.99621791 
-111200.99621791 
-111200.99621791 
-111200.99621791 
-111200.99621791 
-111200.75222183 
-111200.75222183 
-111200.75222183 
-111200.75222183 
-111200.75222183 
-111200.75222183 
-111200.75222183 
-111200.75222183 
-111200.75222183 
-111200.75222183 
-111200.75222183 
-111200.75222183 
-111200.75222183 
