0.94645666 	0.36043609 	0.73917972 	0.55427537 	0.54676801 	0.67340472 	0.21828718 	0.63370646 	0.69533061 	0.92129963 	0.83954236 	0.96475374 	0.66406699 	0.54885700 	0.56237189 	0.86403533 	
0.94645666 	0.97033636 	0.73917972 	0.55427537 	0.54676801 	0.67340472 	0.21828718 	0.63370646 	0.69533061 	0.92129963 	0.83954236 	0.96475374 	0.66406699 	0.54885700 	0.56237189 	0.86403533 	
0.94645666 	0.97033636 	0.90318527 	0.55427537 	0.54676801 	0.67340472 	0.21828718 	0.63370646 	0.69533061 	0.92129963 	0.83954236 	0.96475374 	0.66406699 	0.54885700 	0.56237189 	0.86403533 	
0.94645666 	0.97033636 	0.90318527 	0.97029134 	0.54676801 	0.67340472 	0.21828718 	0.63370646 	0.69533061 	0.92129963 	0.83954236 	0.96475374 	0.66406699 	0.54885700 	0.56237189 	0.86403533 	
0.94645666 	0.97033636 	0.90318527 	0.97029134 	0.75682130 	0.67340472 	0.21828718 	0.63370646 	0.69533061 	0.92129963 	0.83954236 	0.96475374 	0.66406699 	0.54885700 	0.56237189 	0.86403533 	
0.94645666 	0.97033636 	0.90318527 	0.97029134 	0.75682130 	0.98872267 	0.21828718 	0.63370646 	0.69533061 	0.92129963 	0.83954236 	0.96475374 	0.66406699 	0.54885700 	0.56237189 	0.86403533 	
0.94645666 	0.97033636 	0.90318527 	0.97029134 	0.75682130 	0.98872267 	0.96549302 	0.63370646 	0.69533061 	0.92129963 	0.83954236 	0.96475374 	0.66406699 	0.54885700 	0.56237189 	0.86403533 	
0.94645666 	0.97033636 	0.90318527 	0.97029134 	0.75682130 	0.98872267 	0.96549302 	0.99054904 	0.69533061 	0.92129963 	0.83954236 	0.96475374 	0.66406699 	0.54885700 	0.56237189 	0.86403533 	
0.94645666 	0.97033636 	0.90318527 	0.97029134 	0.75682130 	0.98872267 	0.96549302 	0.99054904 	0.99899174 	0.92129963 	0.83954236 	0.96475374 	0.66406699 	0.54885700 	0.56237189 	0.86403533 	
0.94645666 	0.97033636 	0.90318527 	0.97029134 	0.75682130 	0.98872267 	0.96549302 	0.99054904 	0.99899174 	0.95184595 	0.83954236 	0.96475374 	0.66406699 	0.54885700 	0.56237189 	0.86403533 	
0.94645666 	0.97033636 	0.90318527 	0.97029134 	0.75682130 	0.98872267 	0.96549302 	0.99054904 	0.99899174 	0.95184595 	0.91424398 	0.96475374 	0.66406699 	0.54885700 	0.56237189 	0.86403533 	
0.94645666 	0.97033636 	0.90318527 	0.97029134 	0.75682130 	0.98872267 	0.96549302 	0.99054904 	0.99899174 	0.95184595 	0.91424398 	0.98389547 	0.66406699 	0.54885700 	0.56237189 	0.86403533 	
0.94645666 	0.97033636 	0.90318527 	0.97029134 	0.75682130 	0.98872267 	0.96549302 	0.99054904 	0.99899174 	0.95184595 	0.91424398 	0.98389547 	0.67427404 	0.54885700 	0.56237189 	0.86403533 	
0.94645666 	0.97033636 	0.90318527 	0.97029134 	0.75682130 	0.98872267 	0.96549302 	0.99054904 	0.99899174 	0.95184595 	0.91424398 	0.98389547 	0.67427404 	0.99967184 	0.56237189 	0.86403533 	
0.94645666 	0.97033636 	0.90318527 	0.97029134 	0.75682130 	0.98872267 	0.96549302 	0.99054904 	0.99899174 	0.95184595 	0.91424398 	0.98389547 	0.67427404 	0.99967184 	0.94080964 	0.86403533 	
0.94645666 	0.97033636 	0.90318527 	0.97029134 	0.75682130 	0.98872267 	0.96549302 	0.99054904 	0.99899174 	0.95184595 	0.91424398 	0.98389547 	0.67427404 	0.99967184 	0.94080964 	0.97431009 	
0.97607886 	0.97033636 	0.90318527 	0.97029134 	0.75682130 	0.98872267 	0.96549302 	0.99054904 	0.99899174 	0.95184595 	0.91424398 	0.98389547 	0.67427404 	0.99967184 	0.94080964 	0.97431009 	
0.97607886 	0.98590480 	0.90318527 	0.97029134 	0.75682130 	0.98872267 	0.96549302 	0.99054904 	0.99899174 	0.95184595 	0.91424398 	0.98389547 	0.67427404 	0.99967184 	0.94080964 	0.97431009 	
0.97607886 	0.98590480 	0.99002895 	0.97029134 	0.75682130 	0.98872267 	0.96549302 	0.99054904 	0.99899174 	0.95184595 	0.91424398 	0.98389547 	0.67427404 	0.99967184 	0.94080964 	0.97431009 	
0.97607886 	0.98590480 	0.99002895 	0.97029134 	0.75682130 	0.98872267 	0.96549302 	0.99054904 	0.99899174 	0.95184595 	0.91424398 	0.98389547 	0.67427404 	0.99967184 	0.94080964 	0.97431009 	
0.97607886 	0.98590480 	0.99002895 	0.97029134 	0.60821622 	0.98872267 	0.96549302 	0.99054904 	0.99899174 	0.95184595 	0.91424398 	0.98389547 	0.67427404 	0.99967184 	0.94080964 	0.97431009 	
0.97607886 	0.98590480 	0.99002895 	0.97029134 	0.60821622 	0.98872267 	0.96549302 	0.99054904 	0.99899174 	0.95184595 	0.91424398 	0.98389547 	0.67427404 	0.99967184 	0.94080964 	0.97431009 	
0.97607886 	0.98590480 	0.99002895 	0.97029134 	0.60821622 	0.98872267 	0.96549302 	0.99054904 	0.99899174 	0.95184595 	0.91424398 	0.98389547 	0.67427404 	0.99967184 	0.94080964 	0.97431009 	
0.97607886 	0.98590480 	0.99002895 	0.97029134 	0.60821622 	0.98872267 	0.96549302 	0.99054904 	0.99899174 	0.95184595 	0.91424398 	0.98389547 	0.67427404 	0.99967184 	0.94080964 	0.97431009 	
0.97607886 	0.98590480 	0.99002895 	0.97029134 	0.60821622 	0.98872267 	0.96549302 	0.99054904 	0.99899174 	0.95184595 	0.91424398 	0.98389547 	0.67427404 	0.99967184 	0.94080964 	0.97431009 	
0.97607886 	0.98590480 	0.99002895 	0.97029134 	0.60821622 	0.98872267 	0.96549302 	0.99054904 	0.99899174 	0.98033714 	0.91424398 	0.98389547 	0.67427404 	0.99967184 	0.94080964 	0.97431009 	
0.97607886 	0.98590480 	0.99002895 	0.97029134 	0.60821622 	0.98872267 	0.96549302 	0.99054904 	0.99899174 	0.98033714 	0.95997888 	0.98389547 	0.67427404 	0.99967184 	0.94080964 	0.97431009 	
0.97607886 	0.98590480 	0.99002895 	0.97029134 	0.60821622 	0.98872267 	0.96549302 	0.99054904 	0.99899174 	0.98033714 	0.95997888 	0.98389547 	0.67427404 	0.99967184 	0.94080964 	0.97431009 	
0.97607886 	0.98590480 	0.99002895 	0.97029134 	0.60821622 	0.98872267 	0.96549302 	0.99054904 	0.99899174 	0.98033714 	0.95997888 	0.98389547 	0.74705416 	0.99967184 	0.94080964 	0.97431009 	
0.97607886 	0.98590480 	0.99002895 	0.97029134 	0.60821622 	0.98872267 	0.96549302 	0.99054904 	0.99899174 	0.98033714 	0.95997888 	0.98389547 	0.74705416 	0.99967184 	0.94080964 	0.97431009 	
0.97607886 	0.98590480 	0.99002895 	0.97029134 	0.60821622 	0.98872267 	0.96549302 	0.99054904 	0.99899174 	0.98033714 	0.95997888 	0.98389547 	0.74705416 	0.99967184 	0.94336782 	0.97431009 	
0.97607886 	0.98590480 	0.99002895 	0.97029134 	0.60821622 	0.98872267 	0.96549302 	0.99054904 	0.99899174 	0.98033714 	0.95997888 	0.98389547 	0.74705416 	0.99967184 	0.94336782 	0.97528264 	
0.97607886 	0.98590480 	0.99002895 	0.97029134 	0.60821622 	0.98872267 	0.96549302 	0.99054904 	0.99899174 	0.98033714 	0.95997888 	0.98389547 	0.74705416 	0.99967184 	0.94336782 	0.97528264 	
0.97607886 	0.99886886 	0.99002895 	0.97029134 	0.60821622 	0.98872267 	0.96549302 	0.99054904 	0.99899174 	0.98033714 	0.95997888 	0.98389547 	0.74705416 	0.99967184 	0.94336782 	0.97528264 	
0.97607886 	0.99886886 	0.99252739 	0.97029134 	0.60821622 	0.98872267 	0.96549302 	0.99054904 	0.99899174 	0.98033714 	0.95997888 	0.98389547 	0.74705416 	0.99967184 	0.94336782 	0.97528264 	
0.97607886 	0.99886886 	0.99252739 	0.99685613 	0.60821622 	0.98872267 	0.96549302 	0.99054904 	0.99899174 	0.98033714 	0.95997888 	0.98389547 	0.74705416 	0.99967184 	0.94336782 	0.97528264 	
0.97607886 	0.99886886 	0.99252739 	0.99685613 	0.59878761 	0.98872267 	0.96549302 	0.99054904 	0.99899174 	0.98033714 	0.95997888 	0.98389547 	0.74705416 	0.99967184 	0.94336782 	0.97528264 	
0.97607886 	0.99886886 	0.99252739 	0.99685613 	0.59878761 	0.99353332 	0.96549302 	0.99054904 	0.99899174 	0.98033714 	0.95997888 	0.98389547 	0.74705416 	0.99967184 	0.94336782 	0.97528264 	
0.97607886 	0.99886886 	0.99252739 	0.99685613 	0.59878761 	0.99353332 	0.96549302 	0.99054904 	0.99899174 	0.98033714 	0.95997888 	0.98389547 	0.74705416 	0.99967184 	0.94336782 	0.97528264 	
0.97607886 	0.99886886 	0.99252739 	0.99685613 	0.59878761 	0.99353332 	0.96549302 	0.99054904 	0.99899174 	0.98033714 	0.95997888 	0.98389547 	0.74705416 	0.99967184 	0.94336782 	0.97528264 	
0.97607886 	0.99886886 	0.99252739 	0.99685613 	0.59878761 	0.99353332 	0.96549302 	0.99054904 	0.99899174 	0.98033714 	0.95997888 	0.98389547 	0.74705416 	0.99967184 	0.94336782 	0.97528264 	
0.97607886 	0.99886886 	0.99252739 	0.99685613 	0.59878761 	0.99353332 	0.96549302 	0.99054904 	0.99899174 	0.98040636 	0.95997888 	0.98389547 	0.74705416 	0.99967184 	0.94336782 	0.97528264 	
0.97607886 	0.99886886 	0.99252739 	0.99685613 	0.59878761 	0.99353332 	0.96549302 	0.99054904 	0.99899174 	0.98040636 	0.96559121 	0.98389547 	0.74705416 	0.99967184 	0.94336782 	0.97528264 	
0.97607886 	0.99886886 	0.99252739 	0.99685613 	0.59878761 	0.99353332 	0.96549302 	0.99054904 	0.99899174 	0.98040636 	0.96559121 	0.98389547 	0.74705416 	0.99967184 	0.94336782 	0.97528264 	
0.97607886 	0.99886886 	0.99252739 	0.99685613 	0.59878761 	0.99353332 	0.96549302 	0.99054904 	0.99899174 	0.98040636 	0.96559121 	0.98389547 	0.71832492 	0.99967184 	0.94336782 	0.97528264 	
0.97607886 	0.99886886 	0.99252739 	0.99685613 	0.59878761 	0.99353332 	0.96549302 	0.99054904 	0.99899174 	0.98040636 	0.96559121 	0.98389547 	0.71832492 	0.99967184 	0.94336782 	0.97528264 	
0.97607886 	0.99886886 	0.99252739 	0.99685613 	0.59878761 	0.99353332 	0.96549302 	0.99054904 	0.99899174 	0.98040636 	0.96559121 	0.98389547 	0.71832492 	0.99967184 	0.94336782 	0.97528264 	
0.97607886 	0.99886886 	0.99252739 	0.99685613 	0.59878761 	0.99353332 	0.96549302 	0.99054904 	0.99899174 	0.98040636 	0.96559121 	0.98389547 	0.71832492 	0.99967184 	0.94336782 	0.97528264 	
0.98970620 	0.99886886 	0.99252739 	0.99685613 	0.59878761 	0.99353332 	0.96549302 	0.99054904 	0.99899174 	0.98040636 	0.96559121 	0.98389547 	0.71832492 	0.99967184 	0.94336782 	0.97528264 	
0.98970620 	0.99953522 	0.99252739 	0.99685613 	0.59878761 	0.99353332 	0.96549302 	0.99054904 	0.99899174 	0.98040636 	0.96559121 	0.98389547 	0.71832492 	0.99967184 	0.94336782 	0.97528264 	
0.98970620 	0.99953522 	0.99437305 	0.99685613 	0.59878761 	0.99353332 	0.96549302 	0.99054904 	0.99899174 	0.98040636 	0.96559121 	0.98389547 	0.71832492 	0.99967184 	0.94336782 	0.97528264 	
0.98970620 	0.99953522 	0.99437305 	0.99685613 	0.59878761 	0.99353332 	0.96549302 	0.99054904 	0.99899174 	0.98040636 	0.96559121 	0.98389547 	0.71832492 	0.99967184 	0.94336782 	0.97528264 	
0.98970620 	0.99953522 	0.99437305 	0.99685613 	0.59878761 	0.99353332 	0.96549302 	0.99054904 	0.99899174 	0.98040636 	0.96559121 	0.98389547 	0.71832492 	0.99967184 	0.94336782 	0.97528264 	
0.98970620 	0.99953522 	0.99437305 	0.99685613 	0.59878761 	0.99678843 	0.96549302 	0.99054904 	0.99899174 	0.98040636 	0.96559121 	0.98389547 	0.71832492 	0.99967184 	0.94336782 	0.97528264 	
0.98970620 	0.99953522 	0.99437305 	0.99685613 	0.59878761 	0.99678843 	0.96915257 	0.99054904 	0.99899174 	0.98040636 	0.96559121 	0.98389547 	0.71832492 	0.99967184 	0.94336782 	0.97528264 	
0.98970620 	0.99953522 	0.99437305 	0.99685613 	0.59878761 	0.99678843 	0.96915257 	0.99118990 	0.99899174 	0.98040636 	0.96559121 	0.98389547 	0.71832492 	0.99967184 	0.94336782 	0.97528264 	
0.98970620 	0.99953522 	0.99437305 	0.99685613 	0.59878761 	0.99678843 	0.96915257 	0.99118990 	0.99977935 	0.98040636 	0.96559121 	0.98389547 	0.71832492 	0.99967184 	0.94336782 	0.97528264 	
0.98970620 	0.99953522 	0.99437305 	0.99685613 	0.59878761 	0.99678843 	0.96915257 	0.99118990 	0.99977935 	0.99456074 	0.96559121 	0.98389547 	0.71832492 	0.99967184 	0.94336782 	0.97528264 	
0.98970620 	0.99953522 	0.99437305 	0.99685613 	0.59878761 	0.99678843 	0.96915257 	0.99118990 	0.99977935 	0.99456074 	0.97580813 	0.98389547 	0.71832492 	0.99967184 	0.94336782 	0.97528264 	
0.98970620 	0.99953522 	0.99437305 	0.99685613 	0.59878761 	0.99678843 	0.96915257 	0.99118990 	0.99977935 	0.99456074 	0.97580813 	0.98743876 	0.71832492 	0.99967184 	0.94336782 	0.97528264 	
0.98970620 	0.99953522 	0.99437305 	0.99685613 	0.59878761 	0.99678843 	0.96915257 	0.99118990 	0.99977935 	0.99456074 	0.97580813 	0.98743876 	0.71832492 	0.99967184 	0.94336782 	0.97528264 	
0.98970620 	0.99953522 	0.99437305 	0.99685613 	0.59878761 	0.99678843 	0.96915257 	0.99118990 	0.99977935 	0.99456074 	0.97580813 	0.98743876 	0.71832492 	0.99821083 	0.94336782 	0.97528264 	
0.98970620 	0.99953522 	0.99437305 	0.99685613 	0.59878761 	0.99678843 	0.96915257 	0.99118990 	0.99977935 	0.99456074 	0.97580813 	0.98743876 	0.71832492 	0.99821083 	0.95040110 	0.97528264 	
0.98970620 	0.99953522 	0.99437305 	0.99685613 	0.59878761 	0.99678843 	0.96915257 	0.99118990 	0.99977935 	0.99456074 	0.97580813 	0.98743876 	0.71832492 	0.99821083 	0.95040110 	0.97528264 	
0.99700923 	0.99953522 	0.99437305 	0.99685613 	0.59878761 	0.99678843 	0.96915257 	0.99118990 	0.99977935 	0.99456074 	0.97580813 	0.98743876 	0.71832492 	0.99821083 	0.95040110 	0.97528264 	
0.99700923 	0.99955888 	0.99437305 	0.99685613 	0.59878761 	0.99678843 	0.96915257 	0.99118990 	0.99977935 	0.99456074 	0.97580813 	0.98743876 	0.71832492 	0.99821083 	0.95040110 	0.97528264 	
0.99700923 	0.99955888 	0.99901452 	0.99685613 	0.59878761 	0.99678843 	0.96915257 	0.99118990 	0.99977935 	0.99456074 	0.97580813 	0.98743876 	0.71832492 	0.99821083 	0.95040110 	0.97528264 	
0.99700923 	0.99955888 	0.99901452 	0.99685613 	0.59878761 	0.99678843 	0.96915257 	0.99118990 	0.99977935 	0.99456074 	0.97580813 	0.98743876 	0.71832492 	0.99821083 	0.95040110 	0.97528264 	
0.99700923 	0.99955888 	0.99901452 	0.99685613 	0.59999956 	0.99678843 	0.96915257 	0.99118990 	0.99977935 	0.99456074 	0.97580813 	0.98743876 	0.71832492 	0.99821083 	0.95040110 	0.97528264 	
0.99700923 	0.99955888 	0.99901452 	0.99685613 	0.59999956 	0.99678843 	0.96915257 	0.99118990 	0.99977935 	0.99456074 	0.97580813 	0.98743876 	0.71832492 	0.99821083 	0.95040110 	0.97528264 	
0.99700923 	0.99955888 	0.99901452 	0.99685613 	0.59999956 	0.99678843 	0.97233705 	0.99118990 	0.99977935 	0.99456074 	0.97580813 	0.98743876 	0.71832492 	0.99821083 	0.95040110 	0.97528264 	
0.99700923 	0.99955888 	0.99901452 	0.99685613 	0.59999956 	0.99678843 	0.97233705 	0.99800287 	0.99977935 	0.99456074 	0.97580813 	0.98743876 	0.71832492 	0.99821083 	0.95040110 	0.97528264 	
0.99700923 	0.99955888 	0.99901452 	0.99685613 	0.59999956 	0.99678843 	0.97233705 	0.99800287 	0.99977935 	0.99456074 	0.97580813 	0.98743876 	0.71832492 	0.99821083 	0.95040110 	0.97528264 	
0.99700923 	0.99955888 	0.99901452 	0.99685613 	0.59999956 	0.99678843 	0.97233705 	0.99800287 	0.99977935 	0.99456074 	0.97580813 	0.98743876 	0.71832492 	0.99821083 	0.95040110 	0.97528264 	
0.99700923 	0.99955888 	0.99901452 	0.99685613 	0.59999956 	0.99678843 	0.97233705 	0.99800287 	0.99977935 	0.99456074 	0.98311415 	0.98743876 	0.71832492 	0.99821083 	0.95040110 	0.97528264 	
0.99700923 	0.99955888 	0.99901452 	0.99685613 	0.59999956 	0.99678843 	0.97233705 	0.99800287 	0.99977935 	0.99456074 	0.98311415 	0.99036599 	0.71832492 	0.99821083 	0.95040110 	0.97528264 	
0.99700923 	0.99955888 	0.99901452 	0.99685613 	0.59999956 	0.99678843 	0.97233705 	0.99800287 	0.99977935 	0.99456074 	0.98311415 	0.99036599 	0.71318391 	0.99821083 	0.95040110 	0.97528264 	
0.99700923 	0.99955888 	0.99901452 	0.99685613 	0.59999956 	0.99678843 	0.97233705 	0.99800287 	0.99977935 	0.99456074 	0.98311415 	0.99036599 	0.71318391 	0.99821083 	0.95040110 	0.97528264 	
0.99700923 	0.99955888 	0.99901452 	0.99685613 	0.59999956 	0.99678843 	0.97233705 	0.99800287 	0.99977935 	0.99456074 	0.98311415 	0.99036599 	0.71318391 	0.99821083 	0.98118555 	0.97528264 	
0.99700923 	0.99955888 	0.99901452 	0.99685613 	0.59999956 	0.99678843 	0.97233705 	0.99800287 	0.99977935 	0.99456074 	0.98311415 	0.99036599 	0.71318391 	0.99821083 	0.98118555 	0.97471538 	
0.99700923 	0.99955888 	0.99901452 	0.99685613 	0.59999956 	0.99678843 	0.97233705 	0.99800287 	0.99977935 	0.99456074 	0.98311415 	0.99036599 	0.71318391 	0.99821083 	0.98118555 	0.97471538 	
0.99700923 	0.99955888 	0.99901452 	0.99685613 	0.59999956 	0.99678843 	0.97233705 	0.99800287 	0.99977935 	0.99456074 	0.98311415 	0.99036599 	0.71318391 	0.99821083 	0.98118555 	0.97471538 	
0.99700923 	0.99955888 	0.99974807 	0.99685613 	0.59999956 	0.99678843 	0.97233705 	0.99800287 	0.99977935 	0.99456074 	0.98311415 	0.99036599 	0.71318391 	0.99821083 	0.98118555 	0.97471538 	
0.99700923 	0.99955888 	0.99974807 	0.99652258 	0.59999956 	0.99678843 	0.97233705 	0.99800287 	0.99977935 	0.99456074 	0.98311415 	0.99036599 	0.71318391 	0.99821083 	0.98118555 	0.97471538 	
0.99700923 	0.99955888 	0.99974807 	0.99652258 	0.59999956 	0.99678843 	0.97233705 	0.99800287 	0.99977935 	0.99456074 	0.98311415 	0.99036599 	0.71318391 	0.99821083 	0.98118555 	0.97471538 	
0.99700923 	0.99955888 	0.99974807 	0.99652258 	0.59999956 	0.99361708 	0.97233705 	0.99800287 	0.99977935 	0.99456074 	0.98311415 	0.99036599 	0.71318391 	0.99821083 	0.98118555 	0.97471538 	
0.99700923 	0.99955888 	0.99974807 	0.99652258 	0.59999956 	0.99361708 	0.97680001 	0.99800287 	0.99977935 	0.99456074 	0.98311415 	0.99036599 	0.71318391 	0.99821083 	0.98118555 	0.97471538 	
0.99700923 	0.99955888 	0.99974807 	0.99652258 	0.59999956 	0.99361708 	0.97680001 	0.99866343 	0.99977935 	0.99456074 	0.98311415 	0.99036599 	0.71318391 	0.99821083 	0.98118555 	0.97471538 	
0.99700923 	0.99955888 	0.99974807 	0.99652258 	0.59999956 	0.99361708 	0.97680001 	0.99866343 	0.99998225 	0.99456074 	0.98311415 	0.99036599 	0.71318391 	0.99821083 	0.98118555 	0.97471538 	
0.99700923 	0.99955888 	0.99974807 	0.99652258 	0.59999956 	0.99361708 	0.97680001 	0.99866343 	0.99998225 	0.99104230 	0.98311415 	0.99036599 	0.71318391 	0.99821083 	0.98118555 	0.97471538 	
0.99700923 	0.99955888 	0.99974807 	0.99652258 	0.59999956 	0.99361708 	0.97680001 	0.99866343 	0.99998225 	0.99104230 	0.99495844 	0.99036599 	0.71318391 	0.99821083 	0.98118555 	0.97471538 	
0.99700923 	0.99955888 	0.99974807 	0.99652258 	0.59999956 	0.99361708 	0.97680001 	0.99866343 	0.99998225 	0.99104230 	0.99495844 	0.99036599 	0.71318391 	0.99821083 	0.98118555 	0.97471538 	
0.99700923 	0.99955888 	0.99974807 	0.99652258 	0.59999956 	0.99361708 	0.97680001 	0.99866343 	0.99998225 	0.99104230 	0.99495844 	0.99036599 	0.71245254 	0.99821083 	0.98118555 	0.97471538 	
0.99700923 	0.99955888 	0.99974807 	0.99652258 	0.59999956 	0.99361708 	0.97680001 	0.99866343 	0.99998225 	0.99104230 	0.99495844 	0.99036599 	0.71245254 	0.98846582 	0.98118555 	0.97471538 	
0.99700923 	0.99955888 	0.99974807 	0.99652258 	0.59999956 	0.99361708 	0.97680001 	0.99866343 	0.99998225 	0.99104230 	0.99495844 	0.99036599 	0.71245254 	0.98846582 	0.98118555 	0.97471538 	
0.99700923 	0.99955888 	0.99974807 	0.99652258 	0.59999956 	0.99361708 	0.97680001 	0.99866343 	0.99998225 	0.99104230 	0.99495844 	0.99036599 	0.71245254 	0.98846582 	0.98118555 	0.97546167 	
0.99884191 	0.99955888 	0.99974807 	0.99652258 	0.59999956 	0.99361708 	0.97680001 	0.99866343 	0.99998225 	0.99104230 	0.99495844 	0.99036599 	0.71245254 	0.98846582 	0.98118555 	0.97546167 	
0.99884191 	0.99955888 	0.99974807 	0.99652258 	0.59999956 	0.99361708 	0.97680001 	0.99866343 	0.99998225 	0.99104230 	0.99495844 	0.99036599 	0.71245254 	0.98846582 	0.98118555 	0.97546167 	
0.99884191 	0.99955888 	0.99993056 	0.99652258 	0.59999956 	0.99361708 	0.97680001 	0.99866343 	0.99998225 	0.99104230 	0.99495844 	0.99036599 	0.71245254 	0.98846582 	0.98118555 	0.97546167 	
0.99884191 	0.99955888 	0.99993056 	0.99604633 	0.59999956 	0.99361708 	0.97680001 	0.99866343 	0.99998225 	0.99104230 	0.99495844 	0.99036599 	0.71245254 	0.98846582 	0.98118555 	0.97546167 	
0.99884191 	0.99955888 	0.99993056 	0.99604633 	0.59999956 	0.99361708 	0.97680001 	0.99866343 	0.99998225 	0.99104230 	0.99495844 	0.99036599 	0.71245254 	0.98846582 	0.98118555 	0.97546167 	
0.99884191 	0.99955888 	0.99993056 	0.99604633 	0.59999956 	0.99361708 	0.97680001 	0.99866343 	0.99998225 	0.99104230 	0.99495844 	0.99036599 	0.71245254 	0.98846582 	0.98118555 	0.97546167 	
0.99884191 	0.99955888 	0.99993056 	0.99604633 	0.59999956 	0.99361708 	0.99844511 	0.99866343 	0.99998225 	0.99104230 	0.99495844 	0.99036599 	0.71245254 	0.98846582 	0.98118555 	0.97546167 	
0.99884191 	0.99955888 	0.99993056 	0.99604633 	0.59999956 	0.99361708 	0.99844511 	0.99866343 	0.99998225 	0.99104230 	0.99495844 	0.99036599 	0.71245254 	0.98846582 	0.98118555 	0.97546167 	
0.99884191 	0.99955888 	0.99993056 	0.99604633 	0.59999956 	0.99361708 	0.99844511 	0.99866343 	0.99999724 	0.99104230 	0.99495844 	0.99036599 	0.71245254 	0.98846582 	0.98118555 	0.97546167 	
0.99884191 	0.99955888 	0.99993056 	0.99604633 	0.59999956 	0.99361708 	0.99844511 	0.99866343 	0.99999724 	0.99104230 	0.99495844 	0.99036599 	0.71245254 	0.98846582 	0.98118555 	0.97546167 	
0.99884191 	0.99955888 	0.99993056 	0.99604633 	0.59999956 	0.99361708 	0.99844511 	0.99866343 	0.99999724 	0.99104230 	0.99495844 	0.99036599 	0.71245254 	0.98846582 	0.98118555 	0.97546167 	
0.99884191 	0.99955888 	0.99993056 	0.99604633 	0.59999956 	0.99361708 	0.99844511 	0.99866343 	0.99999724 	0.99104230 	0.99495844 	0.98608058 	0.71245254 	0.98846582 	0.98118555 	0.97546167 	
0.99884191 	0.99955888 	0.99993056 	0.99604633 	0.59999956 	0.99361708 	0.99844511 	0.99866343 	0.99999724 	0.99104230 	0.99495844 	0.98608058 	0.71188898 	0.98846582 	0.98118555 	0.97546167 	
0.99884191 	0.99955888 	0.99993056 	0.99604633 	0.59999956 	0.99361708 	0.99844511 	0.99866343 	0.99999724 	0.99104230 	0.99495844 	0.98608058 	0.71188898 	0.99581303 	0.98118555 	0.97546167 	
0.99884191 	0.99955888 	0.99993056 	0.99604633 	0.59999956 	0.99361708 	0.99844511 	0.99866343 	0.99999724 	0.99104230 	0.99495844 	0.98608058 	0.71188898 	0.99581303 	0.98118555 	0.97546167 	
0.99884191 	0.99955888 	0.99993056 	0.99604633 	0.59999956 	0.99361708 	0.99844511 	0.99866343 	0.99999724 	0.99104230 	0.99495844 	0.98608058 	0.71188898 	0.99581303 	0.98118555 	0.97546167 	
0.99884191 	0.99955888 	0.99993056 	0.99604633 	0.59999956 	0.99361708 	0.99844511 	0.99866343 	0.99999724 	0.99104230 	0.99495844 	0.98608058 	0.71188898 	0.99581303 	0.98118555 	0.97546167 	
0.99884191 	0.99955888 	0.99993056 	0.99604633 	0.59999956 	0.99361708 	0.99844511 	0.99866343 	0.99999724 	0.99104230 	0.99495844 	0.98608058 	0.71188898 	0.99581303 	0.98118555 	0.97546167 	
0.99884191 	0.99955888 	0.99998996 	0.99604633 	0.59999956 	0.99361708 	0.99844511 	0.99866343 	0.99999724 	0.99104230 	0.99495844 	0.98608058 	0.71188898 	0.99581303 	0.98118555 	0.97546167 	
0.99884191 	0.99955888 	0.99998996 	0.99604633 	0.59999956 	0.99361708 	0.99844511 	0.99866343 	0.99999724 	0.99104230 	0.99495844 	0.98608058 	0.71188898 	0.99581303 	0.98118555 	0.97546167 	
0.99884191 	0.99955888 	0.99998996 	0.99604633 	0.59998706 	0.99361708 	0.99844511 	0.99866343 	0.99999724 	0.99104230 	0.99495844 	0.98608058 	0.71188898 	0.99581303 	0.98118555 	0.97546167 	
0.99884191 	0.99955888 	0.99998996 	0.99604633 	0.59998706 	0.99361708 	0.99844511 	0.99866343 	0.99999724 	0.99104230 	0.99495844 	0.98608058 	0.71188898 	0.99581303 	0.98118555 	0.97546167 	
0.99884191 	0.99955888 	0.99998996 	0.99604633 	0.59998706 	0.99361708 	0.99816321 	0.99866343 	0.99999724 	0.99104230 	0.99495844 	0.98608058 	0.71188898 	0.99581303 	0.98118555 	0.97546167 	
0.99884191 	0.99955888 	0.99998996 	0.99604633 	0.59998706 	0.99361708 	0.99816321 	0.99989361 	0.99999724 	0.99104230 	0.99495844 	0.98608058 	0.71188898 	0.99581303 	0.98118555 	0.97546167 	
0.99884191 	0.99955888 	0.99998996 	0.99604633 	0.59998706 	0.99361708 	0.99816321 	0.99989361 	0.99999810 	0.99104230 	0.99495844 	0.98608058 	0.71188898 	0.99581303 	0.98118555 	0.97546167 	
0.99884191 	0.99955888 	0.99998996 	0.99604633 	0.59998706 	0.99361708 	0.99816321 	0.99989361 	0.99999810 	0.99104230 	0.99495844 	0.98608058 	0.71188898 	0.99581303 	0.98118555 	0.97546167 	
0.99884191 	0.99955888 	0.99998996 	0.99604633 	0.59998706 	0.99361708 	0.99816321 	0.99989361 	0.99999810 	0.99104230 	0.99495844 	0.98608058 	0.71188898 	0.99581303 	0.98118555 	0.97546167 	
0.99884191 	0.99955888 	0.99998996 	0.99604633 	0.59998706 	0.99361708 	0.99816321 	0.99989361 	0.99999810 	0.99104230 	0.99495844 	0.98580124 	0.71188898 	0.99581303 	0.98118555 	0.97546167 	
0.99884191 	0.99955888 	0.99998996 	0.99604633 	0.59998706 	0.99361708 	0.99816321 	0.99989361 	0.99999810 	0.99104230 	0.99495844 	0.98580124 	0.71143735 	0.99581303 	0.98118555 	0.97546167 	
0.99884191 	0.99955888 	0.99998996 	0.99604633 	0.59998706 	0.99361708 	0.99816321 	0.99989361 	0.99999810 	0.99104230 	0.99495844 	0.98580124 	0.71143735 	0.99223275 	0.98118555 	0.97546167 	
0.99884191 	0.99955888 	0.99998996 	0.99604633 	0.59998706 	0.99361708 	0.99816321 	0.99989361 	0.99999810 	0.99104230 	0.99495844 	0.98580124 	0.71143735 	0.99223275 	0.98549074 	0.97546167 	
0.99884191 	0.99955888 	0.99998996 	0.99604633 	0.59998706 	0.99361708 	0.99816321 	0.99989361 	0.99999810 	0.99104230 	0.99495844 	0.98580124 	0.71143735 	0.99223275 	0.98549074 	0.97546167 	
0.99941383 	0.99955888 	0.99998996 	0.99604633 	0.59998706 	0.99361708 	0.99816321 	0.99989361 	0.99999810 	0.99104230 	0.99495844 	0.98580124 	0.71143735 	0.99223275 	0.98549074 	0.97546167 	
0.99941383 	0.99998247 	0.99998996 	0.99604633 	0.59998706 	0.99361708 	0.99816321 	0.99989361 	0.99999810 	0.99104230 	0.99495844 	0.98580124 	0.71143735 	0.99223275 	0.98549074 	0.97546167 	
0.99941383 	0.99998247 	0.99999267 	0.99604633 	0.59998706 	0.99361708 	0.99816321 	0.99989361 	0.99999810 	0.99104230 	0.99495844 	0.98580124 	0.71143735 	0.99223275 	0.98549074 	0.97546167 	
0.99941383 	0.99998247 	0.99999267 	0.99585808 	0.59998706 	0.99361708 	0.99816321 	0.99989361 	0.99999810 	0.99104230 	0.99495844 	0.98580124 	0.71143735 	0.99223275 	0.98549074 	0.97546167 	
0.99941383 	0.99998247 	0.99999267 	0.99585808 	0.59999956 	0.99361708 	0.99816321 	0.99989361 	0.99999810 	0.99104230 	0.99495844 	0.98580124 	0.71143735 	0.99223275 	0.98549074 	0.97546167 	
0.99941383 	0.99998247 	0.99999267 	0.99585808 	0.59999956 	0.99344097 	0.99816321 	0.99989361 	0.99999810 	0.99104230 	0.99495844 	0.98580124 	0.71143735 	0.99223275 	0.98549074 	0.97546167 	
0.99941383 	0.99998247 	0.99999267 	0.99585808 	0.59999956 	0.99344097 	0.99541519 	0.99989361 	0.99999810 	0.99104230 	0.99495844 	0.98580124 	0.71143735 	0.99223275 	0.98549074 	0.97546167 	
0.99941383 	0.99998247 	0.99999267 	0.99585808 	0.59999956 	0.99344097 	0.99541519 	0.99989361 	0.99999810 	0.99104230 	0.99495844 	0.98580124 	0.71143735 	0.99223275 	0.98549074 	0.97546167 	
0.99941383 	0.99998247 	0.99999267 	0.99585808 	0.59999956 	0.99344097 	0.99541519 	0.99989361 	0.99999883 	0.99104230 	0.99495844 	0.98580124 	0.71143735 	0.99223275 	0.98549074 	0.97546167 	
0.99941383 	0.99998247 	0.99999267 	0.99585808 	0.59999956 	0.99344097 	0.99541519 	0.99989361 	0.99999883 	0.99104230 	0.99495844 	0.98580124 	0.71143735 	0.99223275 	0.98549074 	0.97546167 	
0.99941383 	0.99998247 	0.99999267 	0.99585808 	0.59999956 	0.99344097 	0.99541519 	0.99989361 	0.99999883 	0.99104230 	0.99425598 	0.98580124 	0.71143735 	0.99223275 	0.98549074 	0.97546167 	
0.99941383 	0.99998247 	0.99999267 	0.99585808 	0.59999956 	0.99344097 	0.99541519 	0.99989361 	0.99999883 	0.99104230 	0.99425598 	0.98630635 	0.71143735 	0.99223275 	0.98549074 	0.97546167 	
0.99941383 	0.99998247 	0.99999267 	0.99585808 	0.59999956 	0.99344097 	0.99541519 	0.99989361 	0.99999883 	0.99104230 	0.99425598 	0.98630635 	0.70672797 	0.99223275 	0.98549074 	0.97546167 	
0.99941383 	0.99998247 	0.99999267 	0.99585808 	0.59999956 	0.99344097 	0.99541519 	0.99989361 	0.99999883 	0.99104230 	0.99425598 	0.98630635 	0.70672797 	0.99223275 	0.98549074 	0.97546167 	
0.99941383 	0.99998247 	0.99999267 	0.99585808 	0.59999956 	0.99344097 	0.99541519 	0.99989361 	0.99999883 	0.99104230 	0.99425598 	0.98630635 	0.70672797 	0.99223275 	0.99204177 	0.97546167 	
0.99941383 	0.99998247 	0.99999267 	0.99585808 	0.59999956 	0.99344097 	0.99541519 	0.99989361 	0.99999883 	0.99104230 	0.99425598 	0.98630635 	0.70672797 	0.99223275 	0.99204177 	0.97546167 	
0.99955598 	0.99998247 	0.99999267 	0.99585808 	0.59999956 	0.99344097 	0.99541519 	0.99989361 	0.99999883 	0.99104230 	0.99425598 	0.98630635 	0.70672797 	0.99223275 	0.99204177 	0.97546167 	
0.99955598 	0.99998247 	0.99999267 	0.99585808 	0.59999956 	0.99344097 	0.99541519 	0.99989361 	0.99999883 	0.99104230 	0.99425598 	0.98630635 	0.70672797 	0.99223275 	0.99204177 	0.97546167 	
0.99955598 	0.99998247 	0.99999267 	0.99585808 	0.59999956 	0.99344097 	0.99541519 	0.99989361 	0.99999883 	0.99104230 	0.99425598 	0.98630635 	0.70672797 	0.99223275 	0.99204177 	0.97546167 	
0.99955598 	0.99998247 	0.99999267 	0.99588148 	0.59999956 	0.99344097 	0.99541519 	0.99989361 	0.99999883 	0.99104230 	0.99425598 	0.98630635 	0.70672797 	0.99223275 	0.99204177 	0.97546167 	
0.99955598 	0.99998247 	0.99999267 	0.99588148 	0.60039894 	0.99344097 	0.99541519 	0.99989361 	0.99999883 	0.99104230 	0.99425598 	0.98630635 	0.70672797 	0.99223275 	0.99204177 	0.97546167 	
0.99955598 	0.99998247 	0.99999267 	0.99588148 	0.60039894 	0.99271442 	0.99541519 	0.99989361 	0.99999883 	0.99104230 	0.99425598 	0.98630635 	0.70672797 	0.99223275 	0.99204177 	0.97546167 	
0.99955598 	0.99998247 	0.99999267 	0.99588148 	0.60039894 	0.99271442 	0.99490194 	0.99989361 	0.99999883 	0.99104230 	0.99425598 	0.98630635 	0.70672797 	0.99223275 	0.99204177 	0.97546167 	
0.99955598 	0.99998247 	0.99999267 	0.99588148 	0.60039894 	0.99271442 	0.99490194 	0.99989361 	0.99999883 	0.99104230 	0.99425598 	0.98630635 	0.70672797 	0.99223275 	0.99204177 	0.97546167 	
0.99955598 	0.99998247 	0.99999267 	0.99588148 	0.60039894 	0.99271442 	0.99490194 	0.99989361 	0.99999924 	0.99104230 	0.99425598 	0.98630635 	0.70672797 	0.99223275 	0.99204177 	0.97546167 	
0.99955598 	0.99998247 	0.99999267 	0.99588148 	0.60039894 	0.99271442 	0.99490194 	0.99989361 	0.99999924 	0.99162292 	0.99425598 	0.98630635 	0.70672797 	0.99223275 	0.99204177 	0.97546167 	
0.99955598 	0.99998247 	0.99999267 	0.99588148 	0.60039894 	0.99271442 	0.99490194 	0.99989361 	0.99999924 	0.99162292 	0.99425598 	0.98630635 	0.70672797 	0.99223275 	0.99204177 	0.97546167 	
0.99955598 	0.99998247 	0.99999267 	0.99588148 	0.60039894 	0.99271442 	0.99490194 	0.99989361 	0.99999924 	0.99162292 	0.99425598 	0.98630635 	0.70672797 	0.99223275 	0.99204177 	0.97546167 	
0.99955598 	0.99998247 	0.99999267 	0.99588148 	0.60039894 	0.99271442 	0.99490194 	0.99989361 	0.99999924 	0.99162292 	0.99425598 	0.98630635 	0.70672797 	0.99223275 	0.99204177 	0.97546167 	
0.99955598 	0.99998247 	0.99999267 	0.99588148 	0.60039894 	0.99271442 	0.99490194 	0.99989361 	0.99999924 	0.99162292 	0.99425598 	0.98630635 	0.70672797 	0.99223275 	0.99204177 	0.97546167 	
0.99955598 	0.99998247 	0.99999267 	0.99588148 	0.60039894 	0.99271442 	0.99490194 	0.99989361 	0.99999924 	0.99162292 	0.99425598 	0.98630635 	0.70672797 	0.99223275 	0.99932772 	0.97546167 	
0.99955598 	0.99998247 	0.99999267 	0.99588148 	0.60039894 	0.99271442 	0.99490194 	0.99989361 	0.99999924 	0.99162292 	0.99425598 	0.98630635 	0.70672797 	0.99223275 	0.99932772 	0.97546167 	
0.99955598 	0.99998247 	0.99999267 	0.99588148 	0.60039894 	0.99271442 	0.99490194 	0.99989361 	0.99999924 	0.99162292 	0.99425598 	0.98630635 	0.70672797 	0.99223275 	0.99932772 	0.97546167 	
0.99955598 	0.99998247 	0.99999267 	0.99588148 	0.60039894 	0.99271442 	0.99490194 	0.99989361 	0.99999924 	0.99162292 	0.99425598 	0.98630635 	0.70672797 	0.99223275 	0.99932772 	0.97546167 	
0.99955598 	0.99998247 	0.99999267 	0.99588148 	0.60039894 	0.99271442 	0.99490194 	0.99989361 	0.99999924 	0.99162292 	0.99425598 	0.98630635 	0.70672797 	0.99223275 	0.99932772 	0.97546167 	
0.99955598 	0.99998247 	0.99999267 	0.99588148 	0.60039894 	0.99271442 	0.99490194 	0.99989361 	0.99999924 	0.99162292 	0.99425598 	0.98630635 	0.70672797 	0.99223275 	0.99932772 	0.97546167 	
0.99955598 	0.99998247 	0.99999267 	0.99588148 	0.60039894 	0.99271442 	0.99490194 	0.99989361 	0.99999924 	0.99162292 	0.99425598 	0.98630635 	0.70672797 	0.99223275 	0.99932772 	0.97546167 	
0.99955598 	0.99998247 	0.99999267 	0.99588148 	0.60039894 	0.99174563 	0.99490194 	0.99989361 	0.99999924 	0.99162292 	0.99425598 	0.98630635 	0.70672797 	0.99223275 	0.99932772 	0.97546167 	
0.99955598 	0.99998247 	0.99999267 	0.99588148 	0.60039894 	0.99174563 	0.99480870 	0.99989361 	0.99999924 	0.99162292 	0.99425598 	0.98630635 	0.70672797 	0.99223275 	0.99932772 	0.97546167 	
0.99955598 	0.99998247 	0.99999267 	0.99588148 	0.60039894 	0.99174563 	0.99480870 	0.99998802 	0.99999924 	0.99162292 	0.99425598 	0.98630635 	0.70672797 	0.99223275 	0.99932772 	0.97546167 	
0.99955598 	0.99998247 	0.99999267 	0.99588148 	0.60039894 	0.99174563 	0.99480870 	0.99998802 	0.99999924 	0.99162292 	0.99425598 	0.98630635 	0.70672797 	0.99223275 	0.99932772 	0.97546167 	
0.99955598 	0.99998247 	0.99999267 	0.99588148 	0.60039894 	0.99174563 	0.99480870 	0.99998802 	0.99999924 	0.99104230 	0.99425598 	0.98630635 	0.70672797 	0.99223275 	0.99932772 	0.97546167 	
0.99955598 	0.99998247 	0.99999267 	0.99588148 	0.60039894 	0.99174563 	0.99480870 	0.99998802 	0.99999924 	0.99104230 	0.99425598 	0.98630635 	0.70672797 	0.99223275 	0.99932772 	0.97546167 	
0.99955598 	0.99998247 	0.99999267 	0.99588148 	0.60039894 	0.99174563 	0.99480870 	0.99998802 	0.99999924 	0.99104230 	0.99425598 	0.98630635 	0.70672797 	0.99223275 	0.99932772 	0.97546167 	
0.99955598 	0.99998247 	0.99999267 	0.99588148 	0.60039894 	0.99174563 	0.99480870 	0.99998802 	0.99999924 	0.99104230 	0.99425598 	0.98630635 	0.70685906 	0.99223275 	0.99932772 	0.97546167 	
0.99955598 	0.99998247 	0.99999267 	0.99588148 	0.60039894 	0.99174563 	0.99480870 	0.99998802 	0.99999924 	0.99104230 	0.99425598 	0.98630635 	0.70685906 	0.99223275 	0.99932772 	0.97546167 	
0.99955598 	0.99998247 	0.99999267 	0.99588148 	0.60039894 	0.99174563 	0.99480870 	0.99998802 	0.99999924 	0.99104230 	0.99425598 	0.98630635 	0.70685906 	0.99223275 	0.99993083 	0.97546167 	
0.99955598 	0.99998247 	0.99999267 	0.99588148 	0.60039894 	0.99174563 	0.99480870 	0.99998802 	0.99999924 	0.99104230 	0.99425598 	0.98630635 	0.70685906 	0.99223275 	0.99993083 	0.97548701 	
0.99955598 	0.99998247 	0.99999267 	0.99588148 	0.60039894 	0.99174563 	0.99480870 	0.99998802 	0.99999924 	0.99104230 	0.99425598 	0.98630635 	0.70685906 	0.99223275 	0.99993083 	0.97548701 	
0.99955598 	0.99998247 	0.99999267 	0.99588148 	0.60039894 	0.99174563 	0.99480870 	0.99998802 	0.99999924 	0.99104230 	0.99425598 	0.98630635 	0.70685906 	0.99223275 	0.99993083 	0.97548701 	
0.99955598 	0.99998247 	0.99999267 	0.99588148 	0.60039894 	0.99174563 	0.99480870 	0.99998802 	0.99999924 	0.99104230 	0.99425598 	0.98630635 	0.70685906 	0.99223275 	0.99993083 	0.97548701 	
0.99955598 	0.99998247 	0.99999267 	0.99588148 	0.60039894 	0.99174563 	0.99480870 	0.99998802 	0.99999924 	0.99104230 	0.99425598 	0.98630635 	0.70685906 	0.99223275 	0.99993083 	0.97548701 	
0.99955598 	0.99998247 	0.99999267 	0.99588148 	0.60115436 	0.99174563 	0.99480870 	0.99998802 	0.99999924 	0.99104230 	0.99425598 	0.98630635 	0.70685906 	0.99223275 	0.99993083 	0.97548701 	
0.99955598 	0.99998247 	0.99999267 	0.99588148 	0.60115436 	0.99194153 	0.99480870 	0.99998802 	0.99999924 	0.99104230 	0.99425598 	0.98630635 	0.70685906 	0.99223275 	0.99993083 	0.97548701 	
0.99955598 	0.99998247 	0.99999267 	0.99588148 	0.60115436 	0.99194153 	0.99480870 	0.99998802 	0.99999924 	0.99104230 	0.99425598 	0.98630635 	0.70685906 	0.99223275 	0.99993083 	0.97548701 	
0.99955598 	0.99998247 	0.99999267 	0.99588148 	0.60115436 	0.99194153 	0.99480870 	0.99998802 	0.99999924 	0.99104230 	0.99425598 	0.98630635 	0.70685906 	0.99223275 	0.99993083 	0.97548701 	
0.99955598 	0.99998247 	0.99999267 	0.99588148 	0.60115436 	0.99194153 	0.99480870 	0.99998802 	0.99999938 	0.99104230 	0.99425598 	0.98630635 	0.70685906 	0.99223275 	0.99993083 	0.97548701 	
0.99955598 	0.99998247 	0.99999267 	0.99588148 	0.60115436 	0.99194153 	0.99480870 	0.99998802 	0.99999938 	0.99084613 	0.99425598 	0.98630635 	0.70685906 	0.99223275 	0.99993083 	0.97548701 	
0.99955598 	0.99998247 	0.99999267 	0.99588148 	0.60115436 	0.99194153 	0.99480870 	0.99998802 	0.99999938 	0.99084613 	0.99237562 	0.98630635 	0.70685906 	0.99223275 	0.99993083 	0.97548701 	
0.99955598 	0.99998247 	0.99999267 	0.99588148 	0.60115436 	0.99194153 	0.99480870 	0.99998802 	0.99999938 	0.99084613 	0.99237562 	0.98630635 	0.70685906 	0.99223275 	0.99993083 	0.97548701 	
0.99955598 	0.99998247 	0.99999267 	0.99588148 	0.60115436 	0.99194153 	0.99480870 	0.99998802 	0.99999938 	0.99084613 	0.99237562 	0.98630635 	0.70689214 	0.99223275 	0.99993083 	0.97548701 	
0.99955598 	0.99998247 	0.99999267 	0.99588148 	0.60115436 	0.99194153 	0.99480870 	0.99998802 	0.99999938 	0.99084613 	0.99237562 	0.98630635 	0.70689214 	0.99223275 	0.99993083 	0.97548701 	
0.99955598 	0.99998247 	0.99999267 	0.99588148 	0.60115436 	0.99194153 	0.99480870 	0.99998802 	0.99999938 	0.99084613 	0.99237562 	0.98630635 	0.70689214 	0.99223275 	0.99993083 	0.97548701 	
0.99955598 	0.99998247 	0.99999267 	0.99588148 	0.60115436 	0.99194153 	0.99480870 	0.99998802 	0.99999938 	0.99084613 	0.99237562 	0.98630635 	0.70689214 	0.99223275 	0.99993083 	0.97548735 	
0.99982144 	0.99998247 	0.99999267 	0.99588148 	0.60115436 	0.99194153 	0.99480870 	0.99998802 	0.99999938 	0.99084613 	0.99237562 	0.98630635 	0.70689214 	0.99223275 	0.99993083 	0.97548735 	
0.99982144 	0.99998285 	0.99999267 	0.99588148 	0.60115436 	0.99194153 	0.99480870 	0.99998802 	0.99999938 	0.99084613 	0.99237562 	0.98630635 	0.70689214 	0.99223275 	0.99993083 	0.97548735 	
0.99982144 	0.99998285 	0.99999267 	0.99588148 	0.60115436 	0.99194153 	0.99480870 	0.99998802 	0.99999938 	0.99084613 	0.99237562 	0.98630635 	0.70689214 	0.99223275 	0.99993083 	0.97548735 	
0.99982144 	0.99998285 	0.99999267 	0.99585250 	0.60115436 	0.99194153 	0.99480870 	0.99998802 	0.99999938 	0.99084613 	0.99237562 	0.98630635 	0.70689214 	0.99223275 	0.99993083 	0.97548735 	
0.99982144 	0.99998285 	0.99999267 	0.99585250 	0.60115436 	0.99194153 	0.99480870 	0.99998802 	0.99999938 	0.99084613 	0.99237562 	0.98630635 	0.70689214 	0.99223275 	0.99993083 	0.97548735 	
0.99982144 	0.99998285 	0.99999267 	0.99585250 	0.60115436 	0.99190419 	0.99480870 	0.99998802 	0.99999938 	0.99084613 	0.99237562 	0.98630635 	0.70689214 	0.99223275 	0.99993083 	0.97548735 	
0.99982144 	0.99998285 	0.99999267 	0.99585250 	0.60115436 	0.99190419 	0.99480870 	0.99998802 	0.99999938 	0.99084613 	0.99237562 	0.98630635 	0.70689214 	0.99223275 	0.99993083 	0.97548735 	
0.99982144 	0.99998285 	0.99999267 	0.99585250 	0.60115436 	0.99190419 	0.99480870 	0.99998802 	0.99999938 	0.99084613 	0.99237562 	0.98630635 	0.70689214 	0.99223275 	0.99993083 	0.97548735 	
0.99982144 	0.99998285 	0.99999267 	0.99585250 	0.60115436 	0.99190419 	0.99480870 	0.99998802 	0.99999938 	0.99084613 	0.99237562 	0.98630635 	0.70689214 	0.99223275 	0.99993083 	0.97548735 	
0.99982144 	0.99998285 	0.99999267 	0.99585250 	0.60115436 	0.99190419 	0.99480870 	0.99998802 	0.99999938 	0.99084613 	0.99237562 	0.98630635 	0.70689214 	0.99223275 	0.99993083 	0.97548735 	
0.99982144 	0.99998285 	0.99999267 	0.99585250 	0.60115436 	0.99190419 	0.99480870 	0.99998802 	0.99999938 	0.99084613 	0.99390945 	0.98630635 	0.70689214 	0.99223275 	0.99993083 	0.97548735 	
0.99982144 	0.99998285 	0.99999267 	0.99585250 	0.60115436 	0.99190419 	0.99480870 	0.99998802 	0.99999938 	0.99084613 	0.99390945 	0.98629785 	0.70689214 	0.99223275 	0.99993083 	0.97548735 	
0.99982144 	0.99998285 	0.99999267 	0.99585250 	0.60115436 	0.99190419 	0.99480870 	0.99998802 	0.99999938 	0.99084613 	0.99390945 	0.98629785 	0.70693051 	0.99223275 	0.99993083 	0.97548735 	
0.99982144 	0.99998285 	0.99999267 	0.99585250 	0.60115436 	0.99190419 	0.99480870 	0.99998802 	0.99999938 	0.99084613 	0.99390945 	0.98629785 	0.70693051 	0.99228480 	0.99993083 	0.97548735 	
0.99982144 	0.99998285 	0.99999267 	0.99585250 	0.60115436 	0.99190419 	0.99480870 	0.99998802 	0.99999938 	0.99084613 	0.99390945 	0.98629785 	0.70693051 	0.99228480 	0.99996286 	0.97548735 	
0.99982144 	0.99998285 	0.99999267 	0.99585250 	0.60115436 	0.99190419 	0.99480870 	0.99998802 	0.99999938 	0.99084613 	0.99390945 	0.98629785 	0.70693051 	0.99228480 	0.99996286 	0.97548735 	
0.99984211 	0.99998285 	0.99999267 	0.99585250 	0.60115436 	0.99190419 	0.99480870 	0.99998802 	0.99999938 	0.99084613 	0.99390945 	0.98629785 	0.70693051 	0.99228480 	0.99996286 	0.97548735 	
0.99984211 	0.99998285 	0.99999267 	0.99585250 	0.60115436 	0.99190419 	0.99480870 	0.99998802 	0.99999938 	0.99084613 	0.99390945 	0.98629785 	0.70693051 	0.99228480 	0.99996286 	0.97548735 	
0.99984211 	0.99998285 	0.99999267 	0.99585250 	0.60115436 	0.99190419 	0.99480870 	0.99998802 	0.99999938 	0.99084613 	0.99390945 	0.98629785 	0.70693051 	0.99228480 	0.99996286 	0.97548735 	
0.99984211 	0.99998285 	0.99999267 	0.99585250 	0.60115436 	0.99190419 	0.99480870 	0.99998802 	0.99999938 	0.99084613 	0.99390945 	0.98629785 	0.70693051 	0.99228480 	0.99996286 	0.97548735 	
0.99984211 	0.99998285 	0.99999267 	0.99585250 	0.60115436 	0.99190419 	0.99480870 	0.99998802 	0.99999938 	0.99084613 	0.99390945 	0.98629785 	0.70693051 	0.99228480 	0.99996286 	0.97548735 	
0.99984211 	0.99998285 	0.99999267 	0.99585250 	0.60115436 	0.99190419 	0.99480870 	0.99998802 	0.99999938 	0.99084613 	0.99390945 	0.98629785 	0.70693051 	0.99228480 	0.99996286 	0.97548735 	
0.99984211 	0.99998285 	0.99999267 	0.99585250 	0.60115436 	0.99190419 	0.99480870 	0.99998802 	0.99999938 	0.99084613 	0.99390945 	0.98629785 	0.70693051 	0.99228480 	0.99996286 	0.97548735 	
0.99984211 	0.99998285 	0.99999267 	0.99585250 	0.60115436 	0.99190419 	0.99480870 	0.99998802 	0.99999938 	0.99084613 	0.99390945 	0.98629785 	0.70693051 	0.99228480 	0.99996286 	0.97548735 	
0.99984211 	0.99998285 	0.99999267 	0.99585250 	0.60115436 	0.99190419 	0.99480870 	0.99998802 	0.99999938 	0.99084613 	0.99390945 	0.98629785 	0.70693051 	0.99228480 	0.99996286 	0.97548735 	
0.99984211 	0.99998285 	0.99999267 	0.99585250 	0.60115436 	0.99190419 	0.99480870 	0.99998802 	0.99999938 	0.99084613 	0.99390945 	0.98629785 	0.70693051 	0.99228480 	0.99996286 	0.97548735 	
0.99984211 	0.99998285 	0.99999267 	0.99585250 	0.60115436 	0.99190419 	0.99480870 	0.99998802 	0.99999938 	0.99084613 	0.99390945 	0.98629785 	0.70693051 	0.99228480 	0.99996286 	0.97548735 	
0.99984211 	0.99998285 	0.99999267 	0.99585250 	0.60115436 	0.99190419 	0.99480870 	0.99998802 	0.99999938 	0.99084613 	0.99390945 	0.98629785 	0.70693051 	0.99228480 	0.99996286 	0.97548735 	
0.99984211 	0.99998285 	0.99999267 	0.99585250 	0.60115436 	0.99190419 	0.99480870 	0.99998802 	0.99999938 	0.99084613 	0.99390945 	0.98629785 	0.70693051 	0.99228480 	0.99996286 	0.97548735 	
0.99984211 	0.99998285 	0.99999267 	0.99585250 	0.60115436 	0.99190419 	0.99480870 	0.99998802 	0.99999938 	0.99084613 	0.99390945 	0.98629785 	0.70693051 	0.99228480 	0.99996286 	0.97548735 	
0.99984211 	0.99998285 	0.99999267 	0.99585250 	0.60115436 	0.99190419 	0.99480870 	0.99998802 	0.99999938 	0.99084613 	0.99390945 	0.98629785 	0.70693051 	0.99228480 	0.99997576 	0.97548735 	
0.99984211 	0.99998285 	0.99999267 	0.99585250 	0.60115436 	0.99190419 	0.99480870 	0.99998802 	0.99999938 	0.99084613 	0.99390945 	0.98629785 	0.70693051 	0.99228480 	0.99997576 	0.97548735 	
0.99993554 	0.99998285 	0.99999267 	0.99585250 	0.60115436 	0.99190419 	0.99480870 	0.99998802 	0.99999938 	0.99084613 	0.99390945 	0.98629785 	0.70693051 	0.99228480 	0.99997576 	0.97548735 	
0.99993554 	0.99998653 	0.99999267 	0.99585250 	0.60115436 	0.99190419 	0.99480870 	0.99998802 	0.99999938 	0.99084613 	0.99390945 	0.98629785 	0.70693051 	0.99228480 	0.99997576 	0.97548735 	
0.99993554 	0.99998653 	0.99999267 	0.99585250 	0.60115436 	0.99190419 	0.99480870 	0.99998802 	0.99999938 	0.99084613 	0.99390945 	0.98629785 	0.70693051 	0.99228480 	0.99997576 	0.97548735 	
0.99993554 	0.99998653 	0.99999267 	0.99580786 	0.60115436 	0.99190419 	0.99480870 	0.99998802 	0.99999938 	0.99084613 	0.99390945 	0.98629785 	0.70693051 	0.99228480 	0.99997576 	0.97548735 	
0.99993554 	0.99998653 	0.99999267 	0.99580786 	0.60105731 	0.99190419 	0.99480870 	0.99998802 	0.99999938 	0.99084613 	0.99390945 	0.98629785 	0.70693051 	0.99228480 	0.99997576 	0.97548735 	
0.99993554 	0.99998653 	0.99999267 	0.99580786 	0.60105731 	0.99194125 	0.99480870 	0.99998802 	0.99999938 	0.99084613 	0.99390945 	0.98629785 	0.70693051 	0.99228480 	0.99997576 	0.97548735 	
0.99993554 	0.99998653 	0.99999267 	0.99580786 	0.60105731 	0.99194125 	0.99480870 	0.99998802 	0.99999938 	0.99084613 	0.99390945 	0.98629785 	0.70693051 	0.99228480 	0.99997576 	0.97548735 	
0.99993554 	0.99998653 	0.99999267 	0.99580786 	0.60105731 	0.99194125 	0.99480870 	0.99998802 	0.99999938 	0.99084613 	0.99390945 	0.98629785 	0.70693051 	0.99228480 	0.99997576 	0.97548735 	
0.99993554 	0.99998653 	0.99999267 	0.99580786 	0.60105731 	0.99194125 	0.99480870 	0.99998802 	0.99999938 	0.99084613 	0.99390945 	0.98629785 	0.70693051 	0.99228480 	0.99997576 	0.97548735 	
0.99993554 	0.99998653 	0.99999267 	0.99580786 	0.60105731 	0.99194125 	0.99480870 	0.99998802 	0.99999938 	0.99084613 	0.99390945 	0.98629785 	0.70693051 	0.99228480 	0.99997576 	0.97548735 	
0.99993554 	0.99998653 	0.99999267 	0.99580786 	0.60105731 	0.99194125 	0.99480870 	0.99998802 	0.99999938 	0.99084613 	0.99291078 	0.98629785 	0.70693051 	0.99228480 	0.99997576 	0.97548735 	
0.99993554 	0.99998653 	0.99999267 	0.99580786 	0.60105731 	0.99194125 	0.99480870 	0.99998802 	0.99999938 	0.99084613 	0.99291078 	0.98629785 	0.70693051 	0.99228480 	0.99997576 	0.97548735 	
0.99993554 	0.99998653 	0.99999267 	0.99580786 	0.60105731 	0.99194125 	0.99480870 	0.99998802 	0.99999938 	0.99084613 	0.99291078 	0.98629785 	0.70723303 	0.99228480 	0.99997576 	0.97548735 	
0.99993554 	0.99998653 	0.99999267 	0.99580786 	0.60105731 	0.99194125 	0.99480870 	0.99998802 	0.99999938 	0.99084613 	0.99291078 	0.98629785 	0.70723303 	0.99228480 	0.99997576 	0.97548735 	
0.99993554 	0.99998653 	0.99999267 	0.99580786 	0.60105731 	0.99194125 	0.99480870 	0.99998802 	0.99999938 	0.99084613 	0.99291078 	0.98629785 	0.70723303 	0.99228480 	0.99998599 	0.97548735 	
0.99993554 	0.99998653 	0.99999267 	0.99580786 	0.60105731 	0.99194125 	0.99480870 	0.99998802 	0.99999938 	0.99084613 	0.99291078 	0.98629785 	0.70723303 	0.99228480 	0.99998599 	0.97548735 	
0.99993554 	0.99998653 	0.99999267 	0.99580786 	0.60105731 	0.99194125 	0.99480870 	0.99998802 	0.99999938 	0.99084613 	0.99291078 	0.98629785 	0.70723303 	0.99228480 	0.99998599 	0.97548735 	
0.99993554 	0.99999923 	0.99999267 	0.99580786 	0.60105731 	0.99194125 	0.99480870 	0.99998802 	0.99999938 	0.99084613 	0.99291078 	0.98629785 	0.70723303 	0.99228480 	0.99998599 	0.97548735 	
0.99993554 	0.99999923 	0.99999267 	0.99580786 	0.60105731 	0.99194125 	0.99480870 	0.99998802 	0.99999938 	0.99084613 	0.99291078 	0.98629785 	0.70723303 	0.99228480 	0.99998599 	0.97548735 	
0.99993554 	0.99999923 	0.99999267 	0.99585250 	0.60105731 	0.99194125 	0.99480870 	0.99998802 	0.99999938 	0.99084613 	0.99291078 	0.98629785 	0.70723303 	0.99228480 	0.99998599 	0.97548735 	
0.99993554 	0.99999923 	0.99999267 	0.99585250 	0.60105731 	0.99194125 	0.99480870 	0.99998802 	0.99999938 	0.99084613 	0.99291078 	0.98629785 	0.70723303 	0.99228480 	0.99998599 	0.97548735 	
0.99993554 	0.99999923 	0.99999267 	0.99585250 	0.60105731 	0.99190419 	0.99480870 	0.99998802 	0.99999938 	0.99084613 	0.99291078 	0.98629785 	0.70723303 	0.99228480 	0.99998599 	0.97548735 	
0.99993554 	0.99999923 	0.99999267 	0.99585250 	0.60105731 	0.99190419 	0.99480870 	0.99998802 	0.99999938 	0.99084613 	0.99291078 	0.98629785 	0.70723303 	0.99228480 	0.99998599 	0.97548735 	
0.99993554 	0.99999923 	0.99999267 	0.99585250 	0.60105731 	0.99190419 	0.99480870 	0.99998802 	0.99999938 	0.99084613 	0.99291078 	0.98629785 	0.70723303 	0.99228480 	0.99998599 	0.97548735 	
0.99993554 	0.99999923 	0.99999267 	0.99585250 	0.60105731 	0.99190419 	0.99480870 	0.99998802 	0.99999938 	0.99084613 	0.99291078 	0.98629785 	0.70723303 	0.99228480 	0.99998599 	0.97548735 	
0.99993554 	0.99999923 	0.99999267 	0.99585250 	0.60105731 	0.99190419 	0.99480870 	0.99998802 	0.99999938 	0.99084613 	0.99291078 	0.98629785 	0.70723303 	0.99228480 	0.99998599 	0.97548735 	
0.99993554 	0.99999923 	0.99999267 	0.99585250 	0.60105731 	0.99190419 	0.99480870 	0.99998802 	0.99999938 	0.99084613 	0.99291078 	0.98629785 	0.70723303 	0.99228480 	0.99998599 	0.97548735 	
0.99993554 	0.99999923 	0.99999267 	0.99585250 	0.60105731 	0.99190419 	0.99480870 	0.99998802 	0.99999938 	0.99084613 	0.99291078 	0.98629785 	0.70723303 	0.99228480 	0.99998599 	0.97548735 	
0.99993554 	0.99999923 	0.99999267 	0.99585250 	0.60105731 	0.99190419 	0.99480870 	0.99998802 	0.99999938 	0.99084613 	0.99291078 	0.98629785 	0.70724798 	0.99228480 	0.99998599 	0.97548735 	
0.99993554 	0.99999923 	0.99999267 	0.99585250 	0.60105731 	0.99190419 	0.99480870 	0.99998802 	0.99999938 	0.99084613 	0.99291078 	0.98629785 	0.70724798 	0.99228480 	0.99998599 	0.97548735 	
0.99993554 	0.99999923 	0.99999267 	0.99585250 	0.60105731 	0.99190419 	0.99480870 	0.99998802 	0.99999938 	0.99084613 	0.99291078 	0.98629785 	0.70724798 	0.99228480 	0.99999564 	0.97548735 	
0.99993554 	0.99999923 	0.99999267 	0.99585250 	0.60105731 	0.99190419 	0.99480870 	0.99998802 	0.99999938 	0.99084613 	0.99291078 	0.98629785 	0.70724798 	0.99228480 	0.99999564 	0.97548735 	
0.99997833 	0.99999923 	0.99999267 	0.99585250 	0.60105731 	0.99190419 	0.99480870 	0.99998802 	0.99999938 	0.99084613 	0.99291078 	0.98629785 	0.70724798 	0.99228480 	0.99999564 	0.97548735 	
0.99997833 	0.99999923 	0.99999267 	0.99585250 	0.60105731 	0.99190419 	0.99480870 	0.99998802 	0.99999938 	0.99084613 	0.99291078 	0.98629785 	0.70724798 	0.99228480 	0.99999564 	0.97548735 	
0.99997833 	0.99999923 	0.99999267 	0.99585250 	0.60105731 	0.99190419 	0.99480870 	0.99998802 	0.99999938 	0.99084613 	0.99291078 	0.98629785 	0.70724798 	0.99228480 	0.99999564 	0.97548735 	
0.99997833 	0.99999923 	0.99999267 	0.99585250 	0.60105731 	0.99190419 	0.99480870 	0.99998802 	0.99999938 	0.99084613 	0.99291078 	0.98629785 	0.70724798 	0.99228480 	0.99999564 	0.97548735 	
0.99997833 	0.99999923 	0.99999267 	0.99585250 	0.60105731 	0.99190419 	0.99480870 	0.99998802 	0.99999938 	0.99084613 	0.99291078 	0.98629785 	0.70724798 	0.99228480 	0.99999564 	0.97548735 	
0.99997833 	0.99999923 	0.99999267 	0.99585250 	0.60105731 	0.99190419 	0.99480870 	0.99998802 	0.99999938 	0.99084613 	0.99291078 	0.98629785 	0.70724798 	0.99228480 	0.99999564 	0.97548735 	
0.99997833 	0.99999923 	0.99999267 	0.99585250 	0.60105731 	0.99190419 	0.99480870 	0.99998802 	0.99999938 	0.99084613 	0.99291078 	0.98629785 	0.70724798 	0.99228480 	0.99999564 	0.97548735 	
0.99997833 	0.99999923 	0.99999267 	0.99585250 	0.60105731 	0.99190419 	0.99480870 	0.99999457 	0.99999938 	0.99084613 	0.99291078 	0.98629785 	0.70724798 	0.99228480 	0.99999564 	0.97548735 	
0.99997833 	0.99999923 	0.99999267 	0.99585250 	0.60105731 	0.99190419 	0.99480870 	0.99999457 	0.99999938 	0.99084613 	0.99291078 	0.98629785 	0.70724798 	0.99228480 	0.99999564 	0.97548735 	
0.99997833 	0.99999923 	0.99999267 	0.99585250 	0.60105731 	0.99190419 	0.99480870 	0.99999457 	0.99999938 	0.99084751 	0.99291078 	0.98629785 	0.70724798 	0.99228480 	0.99999564 	0.97548735 	
0.99997833 	0.99999923 	0.99999267 	0.99585250 	0.60105731 	0.99190419 	0.99480870 	0.99999457 	0.99999938 	0.99084751 	0.99291078 	0.98629785 	0.70724798 	0.99228480 	0.99999564 	0.97548735 	
0.99997833 	0.99999923 	0.99999267 	0.99585250 	0.60105731 	0.99190419 	0.99480870 	0.99999457 	0.99999938 	0.99084751 	0.99291078 	0.98629785 	0.70724798 	0.99228480 	0.99999564 	0.97548735 	
0.99997833 	0.99999923 	0.99999267 	0.99585250 	0.60105731 	0.99190419 	0.99480870 	0.99999457 	0.99999938 	0.99084751 	0.99291078 	0.98629785 	0.70724798 	0.99228480 	0.99999564 	0.97548735 	
0.99997833 	0.99999923 	0.99999267 	0.99585250 	0.60105731 	0.99190419 	0.99480870 	0.99999457 	0.99999938 	0.99084751 	0.99291078 	0.98629785 	0.70724798 	0.99228480 	0.99999564 	0.97548735 	
0.99997833 	0.99999923 	0.99999267 	0.99585250 	0.60105731 	0.99190419 	0.99480870 	0.99999457 	0.99999938 	0.99084751 	0.99291078 	0.98629785 	0.70724798 	0.99228480 	0.99999628 	0.97548735 	
0.99997833 	0.99999923 	0.99999267 	0.99585250 	0.60105731 	0.99190419 	0.99480870 	0.99999457 	0.99999938 	0.99084751 	0.99291078 	0.98629785 	0.70724798 	0.99228480 	0.99999628 	0.97552356 	
0.99997833 	0.99999923 	0.99999267 	0.99585250 	0.60105731 	0.99190419 	0.99480870 	0.99999457 	0.99999938 	0.99084751 	0.99291078 	0.98629785 	0.70724798 	0.99228480 	0.99999628 	0.97552356 	
0.99997833 	0.99999986 	0.99999267 	0.99585250 	0.60105731 	0.99190419 	0.99480870 	0.99999457 	0.99999938 	0.99084751 	0.99291078 	0.98629785 	0.70724798 	0.99228480 	0.99999628 	0.97552356 	
0.99997833 	0.99999986 	0.99999313 	0.99585250 	0.60105731 	0.99190419 	0.99480870 	0.99999457 	0.99999938 	0.99084751 	0.99291078 	0.98629785 	0.70724798 	0.99228480 	0.99999628 	0.97552356 	
0.99997833 	0.99999986 	0.99999313 	0.99585250 	0.60105731 	0.99190419 	0.99480870 	0.99999457 	0.99999938 	0.99084751 	0.99291078 	0.98629785 	0.70724798 	0.99228480 	0.99999628 	0.97552356 	
0.99997833 	0.99999986 	0.99999313 	0.99585250 	0.60106803 	0.99190419 	0.99480870 	0.99999457 	0.99999938 	0.99084751 	0.99291078 	0.98629785 	0.70724798 	0.99228480 	0.99999628 	0.97552356 	
0.99997833 	0.99999986 	0.99999313 	0.99585250 	0.60106803 	0.99190419 	0.99480870 	0.99999457 	0.99999938 	0.99084751 	0.99291078 	0.98629785 	0.70724798 	0.99228480 	0.99999628 	0.97552356 	
0.99997833 	0.99999986 	0.99999313 	0.99585250 	0.60106803 	0.99190419 	0.99480870 	0.99999457 	0.99999938 	0.99084751 	0.99291078 	0.98629785 	0.70724798 	0.99228480 	0.99999628 	0.97552356 	
0.99997833 	0.99999986 	0.99999313 	0.99585250 	0.60106803 	0.99190419 	0.99480870 	0.99999457 	0.99999938 	0.99084751 	0.99291078 	0.98629785 	0.70724798 	0.99228480 	0.99999628 	0.97552356 	
0.99997833 	0.99999986 	0.99999313 	0.99585250 	0.60106803 	0.99190419 	0.99480870 	0.99999457 	0.99999938 	0.99084751 	0.99291078 	0.98629785 	0.70724798 	0.99228480 	0.99999628 	0.97552356 	
0.99997833 	0.99999986 	0.99999313 	0.99585250 	0.60106803 	0.99190419 	0.99480870 	0.99999457 	0.99999938 	0.99084751 	0.99291078 	0.98629785 	0.70724798 	0.99228480 	0.99999628 	0.97552356 	
0.99997833 	0.99999986 	0.99999313 	0.99585250 	0.60106803 	0.99190419 	0.99480870 	0.99999457 	0.99999938 	0.99084751 	0.99291078 	0.98629785 	0.70724798 	0.99228480 	0.99999628 	0.97552356 	
0.99997833 	0.99999986 	0.99999313 	0.99585250 	0.60106803 	0.99190419 	0.99480870 	0.99999457 	0.99999938 	0.99084751 	0.99291078 	0.98629785 	0.70724798 	0.99228480 	0.99999628 	0.97552356 	
0.99997833 	0.99999986 	0.99999313 	0.99585250 	0.60106803 	0.99190419 	0.99480870 	0.99999457 	0.99999938 	0.99084751 	0.99291078 	0.98629785 	0.70724798 	0.99228480 	0.99999628 	0.97552356 	
0.99997833 	0.99999986 	0.99999313 	0.99585250 	0.60106803 	0.99190419 	0.99480870 	0.99999457 	0.99999938 	0.99084751 	0.99291078 	0.98629785 	0.70724798 	0.99267355 	0.99999628 	0.97552356 	
0.99997833 	0.99999986 	0.99999313 	0.99585250 	0.60106803 	0.99190419 	0.99480870 	0.99999457 	0.99999938 	0.99084751 	0.99291078 	0.98629785 	0.70724798 	0.99267355 	0.99999985 	0.97552356 	
0.99997833 	0.99999986 	0.99999313 	0.99585250 	0.60106803 	0.99190419 	0.99480870 	0.99999457 	0.99999938 	0.99084751 	0.99291078 	0.98629785 	0.70724798 	0.99267355 	0.99999985 	0.97552356 	
0.99999809 	0.99999986 	0.99999313 	0.99585250 	0.60106803 	0.99190419 	0.99480870 	0.99999457 	0.99999938 	0.99084751 	0.99291078 	0.98629785 	0.70724798 	0.99267355 	0.99999985 	0.97552356 	
0.99999809 	0.99999986 	0.99999313 	0.99585250 	0.60106803 	0.99190419 	0.99480870 	0.99999457 	0.99999938 	0.99084751 	0.99291078 	0.98629785 	0.70724798 	0.99267355 	0.99999985 	0.97552356 	
0.99999809 	0.99999986 	0.99999313 	0.99585250 	0.60106803 	0.99190419 	0.99480870 	0.99999457 	0.99999938 	0.99084751 	0.99291078 	0.98629785 	0.70724798 	0.99267355 	0.99999985 	0.97552356 	
0.99999809 	0.99999986 	0.99999313 	0.99579418 	0.60106803 	0.99190419 	0.99480870 	0.99999457 	0.99999938 	0.99084751 	0.99291078 	0.98629785 	0.70724798 	0.99267355 	0.99999985 	0.97552356 	
0.99999809 	0.99999986 	0.99999313 	0.99579418 	0.60106803 	0.99190419 	0.99480870 	0.99999457 	0.99999938 	0.99084751 	0.99291078 	0.98629785 	0.70724798 	0.99267355 	0.99999985 	0.97552356 	
0.99999809 	0.99999986 	0.99999313 	0.99579418 	0.60106803 	0.99190419 	0.99480870 	0.99999457 	0.99999938 	0.99084751 	0.99291078 	0.98629785 	0.70724798 	0.99267355 	0.99999985 	0.97552356 	
0.99999809 	0.99999986 	0.99999313 	0.99579418 	0.60106803 	0.99190419 	0.99480870 	0.99999457 	0.99999938 	0.99084751 	0.99291078 	0.98629785 	0.70724798 	0.99267355 	0.99999985 	0.97552356 	
0.99999809 	0.99999986 	0.99999313 	0.99579418 	0.60106803 	0.99190419 	0.99480870 	0.99999579 	0.99999938 	0.99084751 	0.99291078 	0.98629785 	0.70724798 	0.99267355 	0.99999985 	0.97552356 	
0.99999809 	0.99999986 	0.99999313 	0.99579418 	0.60106803 	0.99190419 	0.99480870 	0.99999579 	0.99999970 	0.99084751 	0.99291078 	0.98629785 	0.70724798 	0.99267355 	0.99999985 	0.97552356 	
0.99999809 	0.99999986 	0.99999313 	0.99579418 	0.60106803 	0.99190419 	0.99480870 	0.99999579 	0.99999970 	0.99087411 	0.99291078 	0.98629785 	0.70724798 	0.99267355 	0.99999985 	0.97552356 	
0.99999809 	0.99999986 	0.99999313 	0.99579418 	0.60106803 	0.99190419 	0.99480870 	0.99999579 	0.99999970 	0.99087411 	0.99291078 	0.98629785 	0.70724798 	0.99267355 	0.99999985 	0.97552356 	
0.99999809 	0.99999986 	0.99999313 	0.99579418 	0.60106803 	0.99190419 	0.99480870 	0.99999579 	0.99999970 	0.99087411 	0.99291078 	0.98629785 	0.70724798 	0.99267355 	0.99999985 	0.97552356 	
0.99999809 	0.99999986 	0.99999313 	0.99579418 	0.60106803 	0.99190419 	0.99480870 	0.99999579 	0.99999970 	0.99087411 	0.99291078 	0.98629785 	0.70780523 	0.99267355 	0.99999985 	0.97552356 	
0.99999809 	0.99999986 	0.99999313 	0.99579418 	0.60106803 	0.99190419 	0.99480870 	0.99999579 	0.99999970 	0.99087411 	0.99291078 	0.98629785 	0.70780523 	0.99261413 	0.99999985 	0.97552356 	
0.99999809 	0.99999986 	0.99999313 	0.99579418 	0.60106803 	0.99190419 	0.99480870 	0.99999579 	0.99999970 	0.99087411 	0.99291078 	0.98629785 	0.70780523 	0.99261413 	0.99999985 	0.97552356 	
0.99999809 	0.99999986 	0.99999313 	0.99579418 	0.60106803 	0.99190419 	0.99480870 	0.99999579 	0.99999970 	0.99087411 	0.99291078 	0.98629785 	0.70780523 	0.99261413 	0.99999985 	0.97552356 	
0.99999809 	0.99999986 	0.99999313 	0.99579418 	0.60106803 	0.99190419 	0.99480870 	0.99999579 	0.99999970 	0.99087411 	0.99291078 	0.98629785 	0.70780523 	0.99261413 	0.99999985 	0.97552356 	
0.99999809 	0.99999986 	0.99999313 	0.99579418 	0.60106803 	0.99190419 	0.99480870 	0.99999579 	0.99999970 	0.99087411 	0.99291078 	0.98629785 	0.70780523 	0.99261413 	0.99999985 	0.97552356 	
0.99999809 	0.99999986 	0.99999313 	0.99579418 	0.60106803 	0.99190419 	0.99480870 	0.99999579 	0.99999970 	0.99087411 	0.99291078 	0.98629785 	0.70780523 	0.99261413 	0.99999985 	0.97552356 	
0.99999809 	0.99999986 	0.99999313 	0.99584537 	0.60106803 	0.99190419 	0.99480870 	0.99999579 	0.99999970 	0.99087411 	0.99291078 	0.98629785 	0.70780523 	0.99261413 	0.99999985 	0.97552356 	
0.99999809 	0.99999986 	0.99999313 	0.99584537 	0.60106803 	0.99190419 	0.99480870 	0.99999579 	0.99999970 	0.99087411 	0.99291078 	0.98629785 	0.70780523 	0.99261413 	0.99999985 	0.97552356 	
0.99999809 	0.99999986 	0.99999313 	0.99584537 	0.60106803 	0.99190419 	0.99480870 	0.99999579 	0.99999970 	0.99087411 	0.99291078 	0.98629785 	0.70780523 	0.99261413 	0.99999985 	0.97552356 	
0.99999809 	0.99999986 	0.99999313 	0.99584537 	0.60106803 	0.99190419 	0.99480870 	0.99999579 	0.99999970 	0.99087411 	0.99291078 	0.98629785 	0.70780523 	0.99261413 	0.99999985 	0.97552356 	
0.99999809 	0.99999986 	0.99999313 	0.99584537 	0.60106803 	0.99190419 	0.99480870 	0.99999579 	0.99999970 	0.99087411 	0.99291078 	0.98629785 	0.70780523 	0.99261413 	0.99999985 	0.97552356 	
0.99999809 	0.99999986 	0.99999313 	0.99584537 	0.60106803 	0.99190419 	0.99480870 	0.99999579 	0.99999970 	0.99087411 	0.99291078 	0.98629785 	0.70780523 	0.99261413 	0.99999985 	0.97552356 	
0.99999809 	0.99999986 	0.99999313 	0.99584537 	0.60106803 	0.99190419 	0.99480870 	0.99999579 	0.99999970 	0.99087411 	0.99291078 	0.98629785 	0.70780523 	0.99261413 	0.99999985 	0.97552356 	
0.99999809 	0.99999986 	0.99999313 	0.99584537 	0.60106803 	0.99190419 	0.99480870 	0.99999579 	0.99999970 	0.99087411 	0.99329587 	0.98629785 	0.70780523 	0.99261413 	0.99999985 	0.97552356 	
0.99999809 	0.99999986 	0.99999313 	0.99584537 	0.60106803 	0.99190419 	0.99480870 	0.99999579 	0.99999970 	0.99087411 	0.99329587 	0.98629785 	0.70780523 	0.99261413 	0.99999985 	0.97552356 	
0.99999809 	0.99999986 	0.99999313 	0.99584537 	0.60106803 	0.99190419 	0.99480870 	0.99999579 	0.99999970 	0.99087411 	0.99329587 	0.98629785 	0.70780523 	0.99261413 	0.99999985 	0.97552356 	
0.99999809 	0.99999986 	0.99999313 	0.99584537 	0.60106803 	0.99190419 	0.99480870 	0.99999579 	0.99999970 	0.99087411 	0.99329587 	0.98629785 	0.70780523 	0.99261413 	0.99999985 	0.97552356 	
0.99999809 	0.99999986 	0.99999313 	0.99584537 	0.60106803 	0.99190419 	0.99480870 	0.99999579 	0.99999970 	0.99087411 	0.99329587 	0.98629785 	0.70780523 	0.99261413 	0.99999985 	0.97552356 	
0.99999809 	0.99999986 	0.99999313 	0.99584537 	0.60106803 	0.99190419 	0.99480870 	0.99999579 	0.99999970 	0.99087411 	0.99329587 	0.98629785 	0.70780523 	0.99261413 	0.99999985 	0.97552356 	
0.99999809 	0.99999986 	0.99999313 	0.99584537 	0.60106803 	0.99190419 	0.99480870 	0.99999579 	0.99999970 	0.99087411 	0.99329587 	0.98629785 	0.70780523 	0.99261413 	0.99999985 	0.97552356 	
0.99999809 	0.99999986 	0.99999313 	0.99584537 	0.60106803 	0.99190419 	0.99480870 	0.99999579 	0.99999970 	0.99087411 	0.99329587 	0.98629785 	0.70780523 	0.99261413 	0.99999985 	0.97552356 	
0.99999809 	0.99999986 	0.99999313 	0.99584537 	0.60106803 	0.99190419 	0.99480870 	0.99999579 	0.99999970 	0.99087411 	0.99329587 	0.98629785 	0.70780523 	0.99261413 	0.99999985 	0.97552356 	
0.99999809 	0.99999986 	0.99999313 	0.99579418 	0.60106803 	0.99190419 	0.99480870 	0.99999579 	0.99999970 	0.99087411 	0.99329587 	0.98629785 	0.70780523 	0.99261413 	0.99999985 	0.97552356 	
0.99999809 	0.99999986 	0.99999313 	0.99579418 	0.60106803 	0.99190419 	0.99480870 	0.99999579 	0.99999970 	0.99087411 	0.99329587 	0.98629785 	0.70780523 	0.99261413 	0.99999985 	0.97552356 	
0.99999809 	0.99999986 	0.99999313 	0.99579418 	0.60106803 	0.99190365 	0.99480870 	0.99999579 	0.99999970 	0.99087411 	0.99329587 	0.98629785 	0.70780523 	0.99261413 	0.99999985 	0.97552356 	
0.99999809 	0.99999986 	0.99999313 	0.99579418 	0.60106803 	0.99190365 	0.99480870 	0.99999579 	0.99999970 	0.99087411 	0.99329587 	0.98629785 	0.70780523 	0.99261413 	0.99999985 	0.97552356 	
0.99999809 	0.99999986 	0.99999313 	0.99579418 	0.60106803 	0.99190365 	0.99480870 	0.99999914 	0.99999970 	0.99087411 	0.99329587 	0.98629785 	0.70780523 	0.99261413 	0.99999985 	0.97552356 	
0.99999809 	0.99999986 	0.99999313 	0.99579418 	0.60106803 	0.99190365 	0.99480870 	0.99999914 	0.99999970 	0.99087411 	0.99329587 	0.98629785 	0.70780523 	0.99261413 	0.99999985 	0.97552356 	
0.99999809 	0.99999986 	0.99999313 	0.99579418 	0.60106803 	0.99190365 	0.99480870 	0.99999914 	0.99999970 	0.99087411 	0.99329587 	0.98629785 	0.70780523 	0.99261413 	0.99999985 	0.97552356 	
0.99999809 	0.99999986 	0.99999313 	0.99579418 	0.60106803 	0.99190365 	0.99480870 	0.99999914 	0.99999970 	0.99087411 	0.99329587 	0.98629785 	0.70780523 	0.99261413 	0.99999985 	0.97552356 	
0.99999809 	0.99999986 	0.99999313 	0.99579418 	0.60106803 	0.99190365 	0.99480870 	0.99999914 	0.99999970 	0.99087411 	0.99329587 	0.98629785 	0.70780523 	0.99261413 	0.99999985 	0.97552356 	
0.99999809 	0.99999986 	0.99999313 	0.99579418 	0.60106803 	0.99190365 	0.99480870 	0.99999914 	0.99999970 	0.99087411 	0.99329587 	0.98629785 	0.70780523 	0.99261413 	0.99999985 	0.97552356 	
0.99999809 	0.99999986 	0.99999313 	0.99579418 	0.60106803 	0.99190365 	0.99480870 	0.99999914 	0.99999970 	0.99087411 	0.99329587 	0.98629785 	0.70780523 	0.99261413 	0.99999985 	0.97552356 	
0.99999809 	0.99999986 	0.99999313 	0.99579418 	0.60106803 	0.99190365 	0.99480870 	0.99999914 	0.99999970 	0.99087411 	0.99329587 	0.98629785 	0.70780523 	0.99261413 	0.99999985 	0.97552356 	
0.99999809 	0.99999986 	0.99999313 	0.99579418 	0.60106803 	0.99190365 	0.99480870 	0.99999914 	0.99999970 	0.99087411 	0.99329587 	0.98629785 	0.70780523 	0.99261413 	0.99999985 	0.97552356 	
0.99999809 	0.99999986 	0.99999313 	0.99579418 	0.60106803 	0.99190365 	0.99480870 	0.99999914 	0.99999970 	0.99087411 	0.99329587 	0.98629785 	0.70780523 	0.99261413 	0.99999985 	0.97552356 	
0.99999809 	0.99999986 	0.99999313 	0.99579418 	0.60106803 	0.99190365 	0.99480870 	0.99999914 	0.99999970 	0.99087411 	0.99329587 	0.98629785 	0.70780523 	0.99261413 	0.99999985 	0.97552356 	
0.99999809 	0.99999986 	0.99999313 	0.99579418 	0.60106803 	0.99190365 	0.99480870 	0.99999914 	0.99999970 	0.99087411 	0.99329587 	0.98629785 	0.70780523 	0.99261413 	0.99999985 	0.97552356 	
0.99999809 	0.99999986 	0.99999313 	0.99579418 	0.60106803 	0.99190365 	0.99480870 	0.99999914 	0.99999970 	0.99087411 	0.99329587 	0.98629785 	0.70780523 	0.99261413 	0.99999985 	0.97552356 	
0.99999809 	0.99999986 	0.99999313 	0.99579418 	0.60106803 	0.99190365 	0.99480870 	0.99999914 	0.99999970 	0.99087411 	0.99329587 	0.98629785 	0.70780523 	0.99261413 	0.99999985 	0.97552356 	
0.99999809 	0.99999986 	0.99999313 	0.99579418 	0.60106803 	0.99190365 	0.99480870 	0.99999914 	0.99999970 	0.99087411 	0.99329587 	0.98629785 	0.70780523 	0.99261413 	0.99999985 	0.97552356 	
0.99999809 	0.99999986 	0.99999313 	0.99579418 	0.60106803 	0.99190365 	0.99480870 	0.99999914 	0.99999970 	0.99087411 	0.99329587 	0.98629785 	0.70780523 	0.99261413 	0.99999985 	0.97552356 	
0.99999809 	0.99999986 	0.99999313 	0.99579418 	0.60106803 	0.99190365 	0.99480870 	0.99999914 	0.99999970 	0.99087411 	0.99329587 	0.98629785 	0.70780523 	0.99261413 	0.99999985 	0.97552356 	
0.99999809 	0.99999986 	0.99999313 	0.99579418 	0.60106803 	0.99190365 	0.99480870 	0.99999914 	0.99999970 	0.99087411 	0.99329587 	0.98629785 	0.70780523 	0.99261413 	0.99999985 	0.97552356 	
0.99999809 	0.99999986 	0.99999313 	0.99579418 	0.60106803 	0.99190365 	0.99480870 	0.99999914 	0.99999970 	0.99087411 	0.99329587 	0.98629785 	0.70780523 	0.99261413 	0.99999985 	0.97552356 	
0.99999809 	0.99999986 	0.99999313 	0.99579418 	0.60106803 	0.99190365 	0.99480870 	0.99999914 	0.99999970 	0.99087411 	0.99329587 	0.98629785 	0.70780523 	0.99261413 	0.99999985 	0.97552356 	
0.99999809 	0.99999986 	0.99999313 	0.99579418 	0.60106803 	0.99190365 	0.99480870 	0.99999914 	0.99999970 	0.99087411 	0.99329587 	0.98629785 	0.70780523 	0.99261413 	0.99999985 	0.97552356 	
0.99999809 	0.99999986 	0.99999313 	0.99579418 	0.60106803 	0.99190365 	0.99480870 	0.99999914 	0.99999970 	0.99087411 	0.99329587 	0.98629785 	0.70780523 	0.99261413 	0.99999985 	0.97552356 	
0.99999809 	0.99999986 	0.99999313 	0.99579418 	0.60106803 	0.99190365 	0.99480870 	0.99999914 	0.99999970 	0.99087411 	0.99329587 	0.98629785 	0.70780523 	0.99255558 	0.99999985 	0.97552356 	
0.99999809 	0.99999986 	0.99999313 	0.99579418 	0.60106803 	0.99190365 	0.99480870 	0.99999914 	0.99999970 	0.99087411 	0.99329587 	0.98629785 	0.70780523 	0.99255558 	0.99999985 	0.97552356 	
0.99999809 	0.99999986 	0.99999313 	0.99579418 	0.60106803 	0.99190365 	0.99480870 	0.99999914 	0.99999970 	0.99087411 	0.99329587 	0.98629785 	0.70780523 	0.99255558 	0.99999985 	0.97552356 	
0.99999952 	0.99999986 	0.99999313 	0.99579418 	0.60106803 	0.99190365 	0.99480870 	0.99999914 	0.99999970 	0.99087411 	0.99329587 	0.98629785 	0.70780523 	0.99255558 	0.99999985 	0.97552356 	
0.99999952 	0.99999986 	0.99999313 	0.99579418 	0.60106803 	0.99190365 	0.99480870 	0.99999914 	0.99999970 	0.99087411 	0.99329587 	0.98629785 	0.70780523 	0.99255558 	0.99999985 	0.97552356 	
0.99999952 	0.99999986 	0.99999313 	0.99579418 	0.60106803 	0.99190365 	0.99480870 	0.99999914 	0.99999970 	0.99087411 	0.99329587 	0.98629785 	0.70780523 	0.99255558 	0.99999985 	0.97552356 	
0.99999952 	0.99999986 	0.99999313 	0.99579418 	0.60106803 	0.99190365 	0.99480870 	0.99999914 	0.99999970 	0.99087411 	0.99329587 	0.98629785 	0.70780523 	0.99255558 	0.99999985 	0.97552356 	
0.99999952 	0.99999986 	0.99999313 	0.99579418 	0.60106082 	0.99190365 	0.99480870 	0.99999914 	0.99999970 	0.99087411 	0.99329587 	0.98629785 	0.70780523 	0.99255558 	0.99999985 	0.97552356 	
0.99999952 	0.99999986 	0.99999313 	0.99579418 	0.60106082 	0.99188636 	0.99480870 	0.99999914 	0.99999970 	0.99087411 	0.99329587 	0.98629785 	0.70780523 	0.99255558 	0.99999985 	0.97552356 	
0.99999952 	0.99999986 	0.99999313 	0.99579418 	0.60106082 	0.99188636 	0.99480870 	0.99999914 	0.99999970 	0.99087411 	0.99329587 	0.98629785 	0.70780523 	0.99255558 	0.99999985 	0.97552356 	
0.99999952 	0.99999986 	0.99999313 	0.99579418 	0.60106082 	0.99188636 	0.99480870 	0.99999914 	0.99999970 	0.99087411 	0.99329587 	0.98629785 	0.70780523 	0.99255558 	0.99999985 	0.97552356 	
0.99999952 	0.99999986 	0.99999313 	0.99579418 	0.60106082 	0.99188636 	0.99480870 	0.99999914 	0.99999970 	0.99087411 	0.99329587 	0.98629785 	0.70780523 	0.99255558 	0.99999985 	0.97552356 	
0.99999952 	0.99999986 	0.99999313 	0.99579418 	0.60106082 	0.99188636 	0.99480870 	0.99999914 	0.99999970 	0.99087411 	0.99329587 	0.98629785 	0.70780523 	0.99255558 	0.99999985 	0.97552356 	
0.99999952 	0.99999986 	0.99999313 	0.99579418 	0.60106082 	0.99188636 	0.99480870 	0.99999914 	0.99999970 	0.99087411 	0.99329587 	0.98629785 	0.70780523 	0.99255558 	0.99999985 	0.97552356 	
0.99999952 	0.99999986 	0.99999313 	0.99579418 	0.60106082 	0.99188636 	0.99480870 	0.99999914 	0.99999970 	0.99087411 	0.99329587 	0.98629785 	0.70780523 	0.99255558 	0.99999985 	0.97552356 	
0.99999952 	0.99999986 	0.99999313 	0.99579418 	0.60106082 	0.99188636 	0.99480870 	0.99999914 	0.99999970 	0.99087411 	0.99329587 	0.98629785 	0.70780523 	0.99255558 	0.99999985 	0.97552356 	
0.99999952 	0.99999986 	0.99999313 	0.99579418 	0.60106082 	0.99188636 	0.99480870 	0.99999914 	0.99999970 	0.99087411 	0.99329587 	0.98629785 	0.70780523 	0.99255558 	0.99999985 	0.97552356 	
0.99999952 	0.99999986 	0.99999313 	0.99579418 	0.60106082 	0.99188636 	0.99480870 	0.99999914 	0.99999970 	0.99087411 	0.99329587 	0.98629785 	0.70780523 	0.99255558 	0.99999985 	0.97552356 	
0.99999952 	0.99999986 	0.99999313 	0.99579418 	0.60106082 	0.99188636 	0.99480870 	0.99999914 	0.99999970 	0.99087411 	0.99329587 	0.98629785 	0.70780523 	0.99255558 	0.99999985 	0.97552356 	
0.99999952 	0.99999986 	0.99999313 	0.99579418 	0.60106082 	0.99188636 	0.99480870 	0.99999914 	0.99999970 	0.99087411 	0.99329587 	0.98629785 	0.70780523 	0.99255558 	0.99999985 	0.97552356 	
0.99999952 	0.99999986 	0.99999313 	0.99579418 	0.60106082 	0.99188636 	0.99480870 	0.99999914 	0.99999970 	0.99087411 	0.99329587 	0.98629785 	0.70780523 	0.99255558 	0.99999985 	0.97552356 	
0.99999952 	0.99999986 	0.99999313 	0.99579418 	0.60106082 	0.99188636 	0.99480870 	0.99999914 	0.99999970 	0.99087411 	0.99329587 	0.98629785 	0.70780523 	0.99255558 	0.99999985 	0.97552356 	
0.99999952 	0.99999986 	0.99999313 	0.99579418 	0.60106082 	0.99188636 	0.99480870 	0.99999914 	0.99999970 	0.99087411 	0.99329587 	0.98629785 	0.70780523 	0.99255558 	0.99999985 	0.97552356 	
0.99999952 	0.99999986 	0.99999313 	0.99579418 	0.60106082 	0.99188636 	0.99480870 	0.99999914 	0.99999970 	0.99087411 	0.99329587 	0.98629785 	0.70780523 	0.99255558 	0.99999985 	0.97552356 	
0.99999952 	0.99999986 	0.99999313 	0.99579418 	0.60106082 	0.99188636 	0.99480870 	0.99999914 	0.99999970 	0.99087411 	0.99329587 	0.98629785 	0.70780523 	0.99255558 	0.99999985 	0.97552356 	
0.99999952 	0.99999986 	0.99999313 	0.99579418 	0.60106082 	0.99188636 	0.99480870 	0.99999914 	0.99999970 	0.99087411 	0.99329587 	0.98629785 	0.70780523 	0.99255558 	0.99999985 	0.97552356 	
0.99999952 	0.99999986 	0.99999313 	0.99579418 	0.60106082 	0.99188636 	0.99480870 	1.00000000 	0.99999970 	0.99087411 	0.99329587 	0.98629785 	0.70780523 	0.99255558 	0.99999985 	0.97552356 	
0.99999952 	0.99999986 	0.99999313 	0.99579418 	0.60106082 	0.99188636 	0.99480870 	1.00000000 	0.99999970 	0.99087411 	0.99329587 	0.98629785 	0.70780523 	0.99255558 	0.99999985 	0.97552356 	
0.99999952 	0.99999986 	0.99999313 	0.99579418 	0.60106082 	0.99188636 	0.99480870 	1.00000000 	0.99999970 	0.99087411 	0.99329587 	0.98629785 	0.70780523 	0.99255558 	0.99999985 	0.97552356 	
0.99999952 	0.99999986 	0.99999313 	0.99579418 	0.60106082 	0.99188636 	0.99480870 	1.00000000 	0.99999970 	0.99087411 	0.99329587 	0.98629785 	0.70780523 	0.99255558 	0.99999985 	0.97552356 	
0.99999952 	0.99999986 	0.99999313 	0.99579418 	0.60106082 	0.99188636 	0.99480870 	1.00000000 	0.99999970 	0.99087411 	0.99329587 	0.98629785 	0.70780523 	0.99255558 	0.99999985 	0.97552356 	
0.99999952 	0.99999986 	0.99999313 	0.99579418 	0.60106082 	0.99188636 	0.99480870 	1.00000000 	0.99999970 	0.99087411 	0.99329587 	0.98629785 	0.70780523 	0.99255558 	0.99999985 	0.97552356 	
0.99999952 	0.99999986 	0.99999313 	0.99579418 	0.60106082 	0.99188636 	0.99480870 	1.00000000 	0.99999970 	0.99087411 	0.99329587 	0.98629785 	0.70780523 	0.99255558 	0.99999985 	0.97552356 	
0.99999952 	0.99999986 	0.99999313 	0.99579418 	0.60106082 	0.99188636 	0.99480870 	1.00000000 	0.99999970 	0.99087411 	0.99329587 	0.98629785 	0.70780523 	0.99255558 	0.99999985 	0.97552356 	
0.99999952 	0.99999986 	0.99999313 	0.99579418 	0.60106082 	0.99188636 	0.99480870 	1.00000000 	0.99999970 	0.99087411 	0.99329587 	0.98629785 	0.70780523 	0.99255558 	0.99999985 	0.97552356 	
0.99999952 	0.99999986 	0.99999313 	0.99579418 	0.60106082 	0.99188636 	0.99480870 	1.00000000 	0.99999970 	0.99087411 	0.99329587 	0.98629785 	0.70780523 	0.99255558 	0.99999985 	0.97552356 	
0.99999952 	0.99999986 	0.99999313 	0.99579418 	0.60106082 	0.99188636 	0.99480870 	1.00000000 	0.99999970 	0.99087411 	0.99329587 	0.98629785 	0.70780523 	0.99255558 	0.99999985 	0.97552356 	
0.99999952 	0.99999986 	0.99999565 	0.99579418 	0.60106082 	0.99188636 	0.99480870 	1.00000000 	0.99999970 	0.99087411 	0.99329587 	0.98629785 	0.70780523 	0.99255558 	0.99999985 	0.97552356 	
0.99999952 	0.99999986 	0.99999565 	0.99579418 	0.60106082 	0.99188636 	0.99480870 	1.00000000 	0.99999970 	0.99087411 	0.99329587 	0.98629785 	0.70780523 	0.99255558 	0.99999985 	0.97552356 	
0.99999952 	0.99999986 	0.99999565 	0.99579418 	0.60104796 	0.99188636 	0.99480870 	1.00000000 	0.99999970 	0.99087411 	0.99329587 	0.98629785 	0.70780523 	0.99255558 	0.99999985 	0.97552356 	
0.99999952 	0.99999986 	0.99999565 	0.99579418 	0.60104796 	0.99188636 	0.99480870 	1.00000000 	0.99999970 	0.99087411 	0.99329587 	0.98629785 	0.70780523 	0.99255558 	0.99999985 	0.97552356 	
0.99999952 	0.99999986 	0.99999565 	0.99579418 	0.60104796 	0.99188636 	0.99480870 	1.00000000 	0.99999970 	0.99087411 	0.99329587 	0.98629785 	0.70780523 	0.99255558 	0.99999985 	0.97552356 	
0.99999952 	0.99999986 	0.99999565 	0.99579418 	0.60104796 	0.99188636 	0.99480870 	1.00000000 	0.99999970 	0.99087411 	0.99329587 	0.98629785 	0.70780523 	0.99255558 	0.99999985 	0.97552356 	
0.99999952 	0.99999986 	0.99999565 	0.99579418 	0.60104796 	0.99188636 	0.99480870 	1.00000000 	0.99999970 	0.99087411 	0.99329587 	0.98629785 	0.70780523 	0.99255558 	0.99999985 	0.97552356 	
0.99999952 	0.99999986 	0.99999565 	0.99579418 	0.60104796 	0.99188636 	0.99480870 	1.00000000 	0.99999970 	0.99087411 	0.99329587 	0.98629785 	0.70780523 	0.99255558 	0.99999985 	0.97552356 	
0.99999952 	0.99999986 	0.99999565 	0.99579418 	0.60104796 	0.99188636 	0.99480870 	1.00000000 	0.99999970 	0.99087411 	0.99329587 	0.98629785 	0.70780523 	0.99255558 	0.99999985 	0.97552356 	
0.99999952 	0.99999986 	0.99999565 	0.99579418 	0.60104796 	0.99188636 	0.99480870 	1.00000000 	0.99999970 	0.99087411 	0.99329587 	0.98629785 	0.70780523 	0.99255558 	0.99999985 	0.97552356 	
0.99999952 	0.99999986 	0.99999565 	0.99579418 	0.60104796 	0.99188636 	0.99480870 	1.00000000 	0.99999970 	0.99087411 	0.99329587 	0.98629785 	0.70780523 	0.99255558 	0.99999985 	0.97552356 	
0.99999952 	0.99999986 	0.99999565 	0.99579418 	0.60104796 	0.99188636 	0.99480870 	1.00000000 	0.99999970 	0.99087411 	0.99329587 	0.98629785 	0.70780523 	0.99255558 	0.99999985 	0.97552356 	
0.99999952 	0.99999986 	0.99999565 	0.99579418 	0.60104796 	0.99188636 	0.99480870 	1.00000000 	0.99999970 	0.99087411 	0.99329587 	0.98629785 	0.70780523 	0.99255558 	0.99999985 	0.97552356 	
0.99999952 	0.99999986 	0.99999565 	0.99579418 	0.60104796 	0.99188636 	0.99480870 	1.00000000 	0.99999970 	0.99087411 	0.99329587 	0.98629785 	0.70780523 	0.99255558 	0.99999985 	0.97552356 	
