0.99374929 	0.29574682 	0.98314223 	0.73630287 	0.06746915 	0.43464319 	0.18390232 	0.94907170 	0.74923583 	0.44321039 	0.63646219 	0.19528773 	0.90520038 	0.80926326 	0.81235955 	0.78020682 	
0.99374929 	0.98448414 	0.98314223 	0.73630287 	0.06746915 	0.43464319 	0.18390232 	0.94907170 	0.74923583 	0.44321039 	0.63646219 	0.19528773 	0.90520038 	0.80926326 	0.81235955 	0.78020682 	
0.99374929 	0.98448414 	0.98314223 	0.73630287 	0.06746915 	0.43464319 	0.18390232 	0.94907170 	0.74923583 	0.44321039 	0.63646219 	0.19528773 	0.90520038 	0.80926326 	0.81235955 	0.78020682 	
0.99374929 	0.98448414 	0.98314223 	0.95540677 	0.06746915 	0.43464319 	0.18390232 	0.94907170 	0.74923583 	0.44321039 	0.63646219 	0.19528773 	0.90520038 	0.80926326 	0.81235955 	0.78020682 	
0.99374929 	0.98448414 	0.98314223 	0.95540677 	0.88439887 	0.43464319 	0.18390232 	0.94907170 	0.74923583 	0.44321039 	0.63646219 	0.19528773 	0.90520038 	0.80926326 	0.81235955 	0.78020682 	
0.99374929 	0.98448414 	0.98314223 	0.95540677 	0.88439887 	0.85836077 	0.18390232 	0.94907170 	0.74923583 	0.44321039 	0.63646219 	0.19528773 	0.90520038 	0.80926326 	0.81235955 	0.78020682 	
0.99374929 	0.98448414 	0.98314223 	0.95540677 	0.88439887 	0.85836077 	0.86849184 	0.94907170 	0.74923583 	0.44321039 	0.63646219 	0.19528773 	0.90520038 	0.80926326 	0.81235955 	0.78020682 	
0.99374929 	0.98448414 	0.98314223 	0.95540677 	0.88439887 	0.85836077 	0.86849184 	0.96131528 	0.74923583 	0.44321039 	0.63646219 	0.19528773 	0.90520038 	0.80926326 	0.81235955 	0.78020682 	
0.99374929 	0.98448414 	0.98314223 	0.95540677 	0.88439887 	0.85836077 	0.86849184 	0.96131528 	0.99821943 	0.44321039 	0.63646219 	0.19528773 	0.90520038 	0.80926326 	0.81235955 	0.78020682 	
0.99374929 	0.98448414 	0.98314223 	0.95540677 	0.88439887 	0.85836077 	0.86849184 	0.96131528 	0.99821943 	0.99086593 	0.63646219 	0.19528773 	0.90520038 	0.80926326 	0.81235955 	0.78020682 	
0.99374929 	0.98448414 	0.98314223 	0.95540677 	0.88439887 	0.85836077 	0.86849184 	0.96131528 	0.99821943 	0.99086593 	0.79056139 	0.19528773 	0.90520038 	0.80926326 	0.81235955 	0.78020682 	
0.99374929 	0.98448414 	0.98314223 	0.95540677 	0.88439887 	0.85836077 	0.86849184 	0.96131528 	0.99821943 	0.99086593 	0.79056139 	0.92798696 	0.90520038 	0.80926326 	0.81235955 	0.78020682 	
0.99374929 	0.98448414 	0.98314223 	0.95540677 	0.88439887 	0.85836077 	0.86849184 	0.96131528 	0.99821943 	0.99086593 	0.79056139 	0.92798696 	0.69223004 	0.80926326 	0.81235955 	0.78020682 	
0.99374929 	0.98448414 	0.98314223 	0.95540677 	0.88439887 	0.85836077 	0.86849184 	0.96131528 	0.99821943 	0.99086593 	0.79056139 	0.92798696 	0.69223004 	0.93704606 	0.81235955 	0.78020682 	
0.99374929 	0.98448414 	0.98314223 	0.95540677 	0.88439887 	0.85836077 	0.86849184 	0.96131528 	0.99821943 	0.99086593 	0.79056139 	0.92798696 	0.69223004 	0.93704606 	0.91353129 	0.78020682 	
0.99374929 	0.98448414 	0.98314223 	0.95540677 	0.88439887 	0.85836077 	0.86849184 	0.96131528 	0.99821943 	0.99086593 	0.79056139 	0.92798696 	0.69223004 	0.93704606 	0.91353129 	0.94475854 	
0.99374929 	0.98448414 	0.98314223 	0.95540677 	0.88439887 	0.85836077 	0.86849184 	0.96131528 	0.99821943 	0.99086593 	0.79056139 	0.92798696 	0.69223004 	0.93704606 	0.91353129 	0.94475854 	
0.99374929 	0.98448414 	0.98314223 	0.95540677 	0.88439887 	0.85836077 	0.86849184 	0.96131528 	0.99821943 	0.99086593 	0.79056139 	0.92798696 	0.69223004 	0.93704606 	0.91353129 	0.94475854 	
0.99374929 	0.98448414 	0.99697305 	0.95540677 	0.88439887 	0.85836077 	0.86849184 	0.96131528 	0.99821943 	0.99086593 	0.79056139 	0.92798696 	0.69223004 	0.93704606 	0.91353129 	0.94475854 	
0.99374929 	0.98448414 	0.99697305 	0.95540677 	0.88439887 	0.85836077 	0.86849184 	0.96131528 	0.99821943 	0.99086593 	0.79056139 	0.92798696 	0.69223004 	0.93704606 	0.91353129 	0.94475854 	
0.99374929 	0.98448414 	0.99697305 	0.95540677 	0.63309280 	0.85836077 	0.86849184 	0.96131528 	0.99821943 	0.99086593 	0.79056139 	0.92798696 	0.69223004 	0.93704606 	0.91353129 	0.94475854 	
0.99374929 	0.98448414 	0.99697305 	0.95540677 	0.63309280 	0.85836077 	0.86849184 	0.96131528 	0.99821943 	0.99086593 	0.79056139 	0.92798696 	0.69223004 	0.93704606 	0.91353129 	0.94475854 	
0.99374929 	0.98448414 	0.99697305 	0.95540677 	0.63309280 	0.85836077 	0.89171849 	0.96131528 	0.99821943 	0.99086593 	0.79056139 	0.92798696 	0.69223004 	0.93704606 	0.91353129 	0.94475854 	
0.99374929 	0.98448414 	0.99697305 	0.95540677 	0.63309280 	0.85836077 	0.89171849 	0.98366398 	0.99821943 	0.99086593 	0.79056139 	0.92798696 	0.69223004 	0.93704606 	0.91353129 	0.94475854 	
0.99374929 	0.98448414 	0.99697305 	0.95540677 	0.63309280 	0.85836077 	0.89171849 	0.98366398 	0.99821943 	0.99086593 	0.79056139 	0.92798696 	0.69223004 	0.93704606 	0.91353129 	0.94475854 	
0.99374929 	0.98448414 	0.99697305 	0.95540677 	0.63309280 	0.85836077 	0.89171849 	0.98366398 	0.99821943 	0.99086593 	0.79056139 	0.92798696 	0.69223004 	0.93704606 	0.91353129 	0.94475854 	
0.99374929 	0.98448414 	0.99697305 	0.95540677 	0.63309280 	0.85836077 	0.89171849 	0.98366398 	0.99821943 	0.99086593 	0.98030011 	0.92798696 	0.69223004 	0.93704606 	0.91353129 	0.94475854 	
0.99374929 	0.98448414 	0.99697305 	0.95540677 	0.63309280 	0.85836077 	0.89171849 	0.98366398 	0.99821943 	0.99086593 	0.98030011 	0.94168327 	0.69223004 	0.93704606 	0.91353129 	0.94475854 	
0.99374929 	0.98448414 	0.99697305 	0.95540677 	0.63309280 	0.85836077 	0.89171849 	0.98366398 	0.99821943 	0.99086593 	0.98030011 	0.94168327 	0.69223004 	0.93704606 	0.91353129 	0.94475854 	
0.99374929 	0.98448414 	0.99697305 	0.95540677 	0.63309280 	0.85836077 	0.89171849 	0.98366398 	0.99821943 	0.99086593 	0.98030011 	0.94168327 	0.69223004 	0.96775878 	0.91353129 	0.94475854 	
0.99374929 	0.98448414 	0.99697305 	0.95540677 	0.63309280 	0.85836077 	0.89171849 	0.98366398 	0.99821943 	0.99086593 	0.98030011 	0.94168327 	0.69223004 	0.96775878 	0.91694978 	0.94475854 	
0.99374929 	0.98448414 	0.99697305 	0.95540677 	0.63309280 	0.85836077 	0.89171849 	0.98366398 	0.99821943 	0.99086593 	0.98030011 	0.94168327 	0.69223004 	0.96775878 	0.91694978 	0.94654224 	
0.99374929 	0.98448414 	0.99697305 	0.95540677 	0.63309280 	0.85836077 	0.89171849 	0.98366398 	0.99821943 	0.99086593 	0.98030011 	0.94168327 	0.69223004 	0.96775878 	0.91694978 	0.94654224 	
0.99374929 	0.98740505 	0.99697305 	0.95540677 	0.63309280 	0.85836077 	0.89171849 	0.98366398 	0.99821943 	0.99086593 	0.98030011 	0.94168327 	0.69223004 	0.96775878 	0.91694978 	0.94654224 	
0.99374929 	0.98740505 	0.99697305 	0.95540677 	0.63309280 	0.85836077 	0.89171849 	0.98366398 	0.99821943 	0.99086593 	0.98030011 	0.94168327 	0.69223004 	0.96775878 	0.91694978 	0.94654224 	
0.99374929 	0.98740505 	0.99697305 	0.95753404 	0.63309280 	0.85836077 	0.89171849 	0.98366398 	0.99821943 	0.99086593 	0.98030011 	0.94168327 	0.69223004 	0.96775878 	0.91694978 	0.94654224 	
0.99374929 	0.98740505 	0.99697305 	0.95753404 	0.63309280 	0.85836077 	0.89171849 	0.98366398 	0.99821943 	0.99086593 	0.98030011 	0.94168327 	0.69223004 	0.96775878 	0.91694978 	0.94654224 	
0.99374929 	0.98740505 	0.99697305 	0.95753404 	0.63309280 	0.87877290 	0.89171849 	0.98366398 	0.99821943 	0.99086593 	0.98030011 	0.94168327 	0.69223004 	0.96775878 	0.91694978 	0.94654224 	
0.99374929 	0.98740505 	0.99697305 	0.95753404 	0.63309280 	0.87877290 	0.99948700 	0.98366398 	0.99821943 	0.99086593 	0.98030011 	0.94168327 	0.69223004 	0.96775878 	0.91694978 	0.94654224 	
0.99374929 	0.98740505 	0.99697305 	0.95753404 	0.63309280 	0.87877290 	0.99948700 	0.99349431 	0.99821943 	0.99086593 	0.98030011 	0.94168327 	0.69223004 	0.96775878 	0.91694978 	0.94654224 	
0.99374929 	0.98740505 	0.99697305 	0.95753404 	0.63309280 	0.87877290 	0.99948700 	0.99349431 	0.99821943 	0.99086593 	0.98030011 	0.94168327 	0.69223004 	0.96775878 	0.91694978 	0.94654224 	
0.99374929 	0.98740505 	0.99697305 	0.95753404 	0.63309280 	0.87877290 	0.99948700 	0.99349431 	0.99821943 	0.99276619 	0.98030011 	0.94168327 	0.69223004 	0.96775878 	0.91694978 	0.94654224 	
0.99374929 	0.98740505 	0.99697305 	0.95753404 	0.63309280 	0.87877290 	0.99948700 	0.99349431 	0.99821943 	0.99276619 	0.98184811 	0.94168327 	0.69223004 	0.96775878 	0.91694978 	0.94654224 	
0.99374929 	0.98740505 	0.99697305 	0.95753404 	0.63309280 	0.87877290 	0.99948700 	0.99349431 	0.99821943 	0.99276619 	0.98184811 	0.94360525 	0.69223004 	0.96775878 	0.91694978 	0.94654224 	
0.99374929 	0.98740505 	0.99697305 	0.95753404 	0.63309280 	0.87877290 	0.99948700 	0.99349431 	0.99821943 	0.99276619 	0.98184811 	0.94360525 	0.69223004 	0.96775878 	0.91694978 	0.94654224 	
0.99374929 	0.98740505 	0.99697305 	0.95753404 	0.63309280 	0.87877290 	0.99948700 	0.99349431 	0.99821943 	0.99276619 	0.98184811 	0.94360525 	0.69223004 	0.98395473 	0.91694978 	0.94654224 	
0.99374929 	0.98740505 	0.99697305 	0.95753404 	0.63309280 	0.87877290 	0.99948700 	0.99349431 	0.99821943 	0.99276619 	0.98184811 	0.94360525 	0.69223004 	0.98395473 	0.95179492 	0.94654224 	
0.99374929 	0.98740505 	0.99697305 	0.95753404 	0.63309280 	0.87877290 	0.99948700 	0.99349431 	0.99821943 	0.99276619 	0.98184811 	0.94360525 	0.69223004 	0.98395473 	0.95179492 	0.94753956 	
0.99374929 	0.98740505 	0.99697305 	0.95753404 	0.63309280 	0.87877290 	0.99948700 	0.99349431 	0.99821943 	0.99276619 	0.98184811 	0.94360525 	0.69223004 	0.98395473 	0.95179492 	0.94753956 	
0.99374929 	0.98897406 	0.99697305 	0.95753404 	0.63309280 	0.87877290 	0.99948700 	0.99349431 	0.99821943 	0.99276619 	0.98184811 	0.94360525 	0.69223004 	0.98395473 	0.95179492 	0.94753956 	
0.99374929 	0.98897406 	0.99880033 	0.95753404 	0.63309280 	0.87877290 	0.99948700 	0.99349431 	0.99821943 	0.99276619 	0.98184811 	0.94360525 	0.69223004 	0.98395473 	0.95179492 	0.94753956 	
0.99374929 	0.98897406 	0.99880033 	0.95813235 	0.63309280 	0.87877290 	0.99948700 	0.99349431 	0.99821943 	0.99276619 	0.98184811 	0.94360525 	0.69223004 	0.98395473 	0.95179492 	0.94753956 	
0.99374929 	0.98897406 	0.99880033 	0.95813235 	0.63319257 	0.87877290 	0.99948700 	0.99349431 	0.99821943 	0.99276619 	0.98184811 	0.94360525 	0.69223004 	0.98395473 	0.95179492 	0.94753956 	
0.99374929 	0.98897406 	0.99880033 	0.95813235 	0.63319257 	0.89642498 	0.99948700 	0.99349431 	0.99821943 	0.99276619 	0.98184811 	0.94360525 	0.69223004 	0.98395473 	0.95179492 	0.94753956 	
0.99374929 	0.98897406 	0.99880033 	0.95813235 	0.63319257 	0.89642498 	0.99952766 	0.99349431 	0.99821943 	0.99276619 	0.98184811 	0.94360525 	0.69223004 	0.98395473 	0.95179492 	0.94753956 	
0.99374929 	0.98897406 	0.99880033 	0.95813235 	0.63319257 	0.89642498 	0.99952766 	0.99550421 	0.99821943 	0.99276619 	0.98184811 	0.94360525 	0.69223004 	0.98395473 	0.95179492 	0.94753956 	
0.99374929 	0.98897406 	0.99880033 	0.95813235 	0.63319257 	0.89642498 	0.99952766 	0.99550421 	0.99841497 	0.99276619 	0.98184811 	0.94360525 	0.69223004 	0.98395473 	0.95179492 	0.94753956 	
0.99374929 	0.98897406 	0.99880033 	0.95813235 	0.63319257 	0.89642498 	0.99952766 	0.99550421 	0.99841497 	0.99276619 	0.98184811 	0.94360525 	0.69223004 	0.98395473 	0.95179492 	0.94753956 	
0.99374929 	0.98897406 	0.99880033 	0.95813235 	0.63319257 	0.89642498 	0.99952766 	0.99550421 	0.99841497 	0.99276619 	0.98184811 	0.94360525 	0.69223004 	0.98395473 	0.95179492 	0.94753956 	
0.99374929 	0.98897406 	0.99880033 	0.95813235 	0.63319257 	0.89642498 	0.99952766 	0.99550421 	0.99841497 	0.99276619 	0.98184811 	0.94605457 	0.69223004 	0.98395473 	0.95179492 	0.94753956 	
0.99374929 	0.98897406 	0.99880033 	0.95813235 	0.63319257 	0.89642498 	0.99952766 	0.99550421 	0.99841497 	0.99276619 	0.98184811 	0.94605457 	0.67894110 	0.98395473 	0.95179492 	0.94753956 	
0.99374929 	0.98897406 	0.99880033 	0.95813235 	0.63319257 	0.89642498 	0.99952766 	0.99550421 	0.99841497 	0.99276619 	0.98184811 	0.94605457 	0.67894110 	0.97549129 	0.95179492 	0.94753956 	
0.99374929 	0.98897406 	0.99880033 	0.95813235 	0.63319257 	0.89642498 	0.99952766 	0.99550421 	0.99841497 	0.99276619 	0.98184811 	0.94605457 	0.67894110 	0.97549129 	0.95391548 	0.94753956 	
0.99374929 	0.98897406 	0.99880033 	0.95813235 	0.63319257 	0.89642498 	0.99952766 	0.99550421 	0.99841497 	0.99276619 	0.98184811 	0.94605457 	0.67894110 	0.97549129 	0.95391548 	0.99180514 	
0.99885258 	0.98897406 	0.99880033 	0.95813235 	0.63319257 	0.89642498 	0.99952766 	0.99550421 	0.99841497 	0.99276619 	0.98184811 	0.94605457 	0.67894110 	0.97549129 	0.95391548 	0.99180514 	
0.99885258 	0.98897406 	0.99880033 	0.95813235 	0.63319257 	0.89642498 	0.99952766 	0.99550421 	0.99841497 	0.99276619 	0.98184811 	0.94605457 	0.67894110 	0.97549129 	0.95391548 	0.99180514 	
0.99885258 	0.98897406 	0.99950904 	0.95813235 	0.63319257 	0.89642498 	0.99952766 	0.99550421 	0.99841497 	0.99276619 	0.98184811 	0.94605457 	0.67894110 	0.97549129 	0.95391548 	0.99180514 	
0.99885258 	0.98897406 	0.99950904 	0.99294722 	0.63319257 	0.89642498 	0.99952766 	0.99550421 	0.99841497 	0.99276619 	0.98184811 	0.94605457 	0.67894110 	0.97549129 	0.95391548 	0.99180514 	
0.99885258 	0.98897406 	0.99950904 	0.99294722 	0.62230762 	0.89642498 	0.99952766 	0.99550421 	0.99841497 	0.99276619 	0.98184811 	0.94605457 	0.67894110 	0.97549129 	0.95391548 	0.99180514 	
0.99885258 	0.98897406 	0.99950904 	0.99294722 	0.62230762 	0.91555285 	0.99952766 	0.99550421 	0.99841497 	0.99276619 	0.98184811 	0.94605457 	0.67894110 	0.97549129 	0.95391548 	0.99180514 	
0.99885258 	0.98897406 	0.99950904 	0.99294722 	0.62230762 	0.91555285 	0.99952766 	0.99550421 	0.99841497 	0.99276619 	0.98184811 	0.94605457 	0.67894110 	0.97549129 	0.95391548 	0.99180514 	
0.99885258 	0.98897406 	0.99950904 	0.99294722 	0.62230762 	0.91555285 	0.99952766 	0.99550421 	0.99841497 	0.99276619 	0.98184811 	0.94605457 	0.67894110 	0.97549129 	0.95391548 	0.99180514 	
0.99885258 	0.98897406 	0.99950904 	0.99294722 	0.62230762 	0.91555285 	0.99952766 	0.99550421 	0.99841497 	0.99276619 	0.98184811 	0.94605457 	0.67894110 	0.97549129 	0.95391548 	0.99180514 	
0.99885258 	0.98897406 	0.99950904 	0.99294722 	0.62230762 	0.91555285 	0.99952766 	0.99550421 	0.99841497 	0.99255720 	0.98184811 	0.94605457 	0.67894110 	0.97549129 	0.95391548 	0.99180514 	
0.99885258 	0.98897406 	0.99950904 	0.99294722 	0.62230762 	0.91555285 	0.99952766 	0.99550421 	0.99841497 	0.99255720 	0.97792582 	0.94605457 	0.67894110 	0.97549129 	0.95391548 	0.99180514 	
0.99885258 	0.98897406 	0.99950904 	0.99294722 	0.62230762 	0.91555285 	0.99952766 	0.99550421 	0.99841497 	0.99255720 	0.97792582 	0.96661531 	0.67894110 	0.97549129 	0.95391548 	0.99180514 	
0.99885258 	0.98897406 	0.99950904 	0.99294722 	0.62230762 	0.91555285 	0.99952766 	0.99550421 	0.99841497 	0.99255720 	0.97792582 	0.96661531 	0.68514334 	0.97549129 	0.95391548 	0.99180514 	
0.99885258 	0.98897406 	0.99950904 	0.99294722 	0.62230762 	0.91555285 	0.99952766 	0.99550421 	0.99841497 	0.99255720 	0.97792582 	0.96661531 	0.68514334 	0.97549129 	0.95391548 	0.99180514 	
0.99885258 	0.98897406 	0.99950904 	0.99294722 	0.62230762 	0.91555285 	0.99952766 	0.99550421 	0.99841497 	0.99255720 	0.97792582 	0.96661531 	0.68514334 	0.97549129 	0.97592843 	0.99180514 	
0.99885258 	0.98897406 	0.99950904 	0.99294722 	0.62230762 	0.91555285 	0.99952766 	0.99550421 	0.99841497 	0.99255720 	0.97792582 	0.96661531 	0.68514334 	0.97549129 	0.97592843 	0.99652440 	
0.99952781 	0.98897406 	0.99950904 	0.99294722 	0.62230762 	0.91555285 	0.99952766 	0.99550421 	0.99841497 	0.99255720 	0.97792582 	0.96661531 	0.68514334 	0.97549129 	0.97592843 	0.99652440 	
0.99952781 	0.98897406 	0.99950904 	0.99294722 	0.62230762 	0.91555285 	0.99952766 	0.99550421 	0.99841497 	0.99255720 	0.97792582 	0.96661531 	0.68514334 	0.97549129 	0.97592843 	0.99652440 	
0.99952781 	0.98897406 	0.99954856 	0.99294722 	0.62230762 	0.91555285 	0.99952766 	0.99550421 	0.99841497 	0.99255720 	0.97792582 	0.96661531 	0.68514334 	0.97549129 	0.97592843 	0.99652440 	
0.99952781 	0.98897406 	0.99954856 	0.99940880 	0.62230762 	0.91555285 	0.99952766 	0.99550421 	0.99841497 	0.99255720 	0.97792582 	0.96661531 	0.68514334 	0.97549129 	0.97592843 	0.99652440 	
0.99952781 	0.98897406 	0.99954856 	0.99940880 	0.62230762 	0.91555285 	0.99952766 	0.99550421 	0.99841497 	0.99255720 	0.97792582 	0.96661531 	0.68514334 	0.97549129 	0.97592843 	0.99652440 	
0.99952781 	0.98897406 	0.99954856 	0.99940880 	0.62230762 	0.93621726 	0.99952766 	0.99550421 	0.99841497 	0.99255720 	0.97792582 	0.96661531 	0.68514334 	0.97549129 	0.97592843 	0.99652440 	
0.99952781 	0.98897406 	0.99954856 	0.99940880 	0.62230762 	0.93621726 	0.99907024 	0.99550421 	0.99841497 	0.99255720 	0.97792582 	0.96661531 	0.68514334 	0.97549129 	0.97592843 	0.99652440 	
0.99952781 	0.98897406 	0.99954856 	0.99940880 	0.62230762 	0.93621726 	0.99907024 	0.99550421 	0.99841497 	0.99255720 	0.97792582 	0.96661531 	0.68514334 	0.97549129 	0.97592843 	0.99652440 	
0.99952781 	0.98897406 	0.99954856 	0.99940880 	0.62230762 	0.93621726 	0.99907024 	0.99550421 	0.99953834 	0.99255720 	0.97792582 	0.96661531 	0.68514334 	0.97549129 	0.97592843 	0.99652440 	
0.99952781 	0.98897406 	0.99954856 	0.99940880 	0.62230762 	0.93621726 	0.99907024 	0.99550421 	0.99953834 	0.98867915 	0.97792582 	0.96661531 	0.68514334 	0.97549129 	0.97592843 	0.99652440 	
0.99952781 	0.98897406 	0.99954856 	0.99940880 	0.62230762 	0.93621726 	0.99907024 	0.99550421 	0.99953834 	0.98867915 	0.97527257 	0.96661531 	0.68514334 	0.97549129 	0.97592843 	0.99652440 	
0.99952781 	0.98897406 	0.99954856 	0.99940880 	0.62230762 	0.93621726 	0.99907024 	0.99550421 	0.99953834 	0.98867915 	0.97527257 	0.98424683 	0.68514334 	0.97549129 	0.97592843 	0.99652440 	
0.99952781 	0.98897406 	0.99954856 	0.99940880 	0.62230762 	0.93621726 	0.99907024 	0.99550421 	0.99953834 	0.98867915 	0.97527257 	0.98424683 	0.67894110 	0.97549129 	0.97592843 	0.99652440 	
0.99952781 	0.98897406 	0.99954856 	0.99940880 	0.62230762 	0.93621726 	0.99907024 	0.99550421 	0.99953834 	0.98867915 	0.97527257 	0.98424683 	0.67894110 	0.97474669 	0.97592843 	0.99652440 	
0.99952781 	0.98897406 	0.99954856 	0.99940880 	0.62230762 	0.93621726 	0.99907024 	0.99550421 	0.99953834 	0.98867915 	0.97527257 	0.98424683 	0.67894110 	0.97474669 	0.99238297 	0.99652440 	
0.99952781 	0.98897406 	0.99954856 	0.99940880 	0.62230762 	0.93621726 	0.99907024 	0.99550421 	0.99953834 	0.98867915 	0.97527257 	0.98424683 	0.67894110 	0.97474669 	0.99238297 	0.99834269 	
0.99961993 	0.98897406 	0.99954856 	0.99940880 	0.62230762 	0.93621726 	0.99907024 	0.99550421 	0.99953834 	0.98867915 	0.97527257 	0.98424683 	0.67894110 	0.97474669 	0.99238297 	0.99834269 	
0.99961993 	0.99918737 	0.99954856 	0.99940880 	0.62230762 	0.93621726 	0.99907024 	0.99550421 	0.99953834 	0.98867915 	0.97527257 	0.98424683 	0.67894110 	0.97474669 	0.99238297 	0.99834269 	
0.99961993 	0.99918737 	0.99970503 	0.99940880 	0.62230762 	0.93621726 	0.99907024 	0.99550421 	0.99953834 	0.98867915 	0.97527257 	0.98424683 	0.67894110 	0.97474669 	0.99238297 	0.99834269 	
0.99961993 	0.99918737 	0.99970503 	0.99841355 	0.62230762 	0.93621726 	0.99907024 	0.99550421 	0.99953834 	0.98867915 	0.97527257 	0.98424683 	0.67894110 	0.97474669 	0.99238297 	0.99834269 	
0.99961993 	0.99918737 	0.99970503 	0.99841355 	0.60893213 	0.93621726 	0.99907024 	0.99550421 	0.99953834 	0.98867915 	0.97527257 	0.98424683 	0.67894110 	0.97474669 	0.99238297 	0.99834269 	
0.99961993 	0.99918737 	0.99970503 	0.99841355 	0.60893213 	0.98006329 	0.99907024 	0.99550421 	0.99953834 	0.98867915 	0.97527257 	0.98424683 	0.67894110 	0.97474669 	0.99238297 	0.99834269 	
0.99961993 	0.99918737 	0.99970503 	0.99841355 	0.60893213 	0.98006329 	0.99484637 	0.99550421 	0.99953834 	0.98867915 	0.97527257 	0.98424683 	0.67894110 	0.97474669 	0.99238297 	0.99834269 	
0.99961993 	0.99918737 	0.99970503 	0.99841355 	0.60893213 	0.98006329 	0.99484637 	0.99342501 	0.99953834 	0.98867915 	0.97527257 	0.98424683 	0.67894110 	0.97474669 	0.99238297 	0.99834269 	
0.99961993 	0.99918737 	0.99970503 	0.99841355 	0.60893213 	0.98006329 	0.99484637 	0.99342501 	0.99970371 	0.98867915 	0.97527257 	0.98424683 	0.67894110 	0.97474669 	0.99238297 	0.99834269 	
0.99961993 	0.99918737 	0.99970503 	0.99841355 	0.60893213 	0.98006329 	0.99484637 	0.99342501 	0.99970371 	0.98713499 	0.97527257 	0.98424683 	0.67894110 	0.97474669 	0.99238297 	0.99834269 	
0.99961993 	0.99918737 	0.99970503 	0.99841355 	0.60893213 	0.98006329 	0.99484637 	0.99342501 	0.99970371 	0.98713499 	0.98422727 	0.98424683 	0.67894110 	0.97474669 	0.99238297 	0.99834269 	
0.99961993 	0.99918737 	0.99970503 	0.99841355 	0.60893213 	0.98006329 	0.99484637 	0.99342501 	0.99970371 	0.98713499 	0.98422727 	0.98523418 	0.67894110 	0.97474669 	0.99238297 	0.99834269 	
0.99961993 	0.99918737 	0.99970503 	0.99841355 	0.60893213 	0.98006329 	0.99484637 	0.99342501 	0.99970371 	0.98713499 	0.98422727 	0.98523418 	0.67869356 	0.97474669 	0.99238297 	0.99834269 	
0.99961993 	0.99918737 	0.99970503 	0.99841355 	0.60893213 	0.98006329 	0.99484637 	0.99342501 	0.99970371 	0.98713499 	0.98422727 	0.98523418 	0.67869356 	0.97589246 	0.99238297 	0.99834269 	
0.99961993 	0.99918737 	0.99970503 	0.99841355 	0.60893213 	0.98006329 	0.99484637 	0.99342501 	0.99970371 	0.98713499 	0.98422727 	0.98523418 	0.67869356 	0.97589246 	0.99415906 	0.99834269 	
0.99961993 	0.99918737 	0.99970503 	0.99841355 	0.60893213 	0.98006329 	0.99484637 	0.99342501 	0.99970371 	0.98713499 	0.98422727 	0.98523418 	0.67869356 	0.97589246 	0.99415906 	0.99834269 	
0.99982970 	0.99918737 	0.99970503 	0.99841355 	0.60893213 	0.98006329 	0.99484637 	0.99342501 	0.99970371 	0.98713499 	0.98422727 	0.98523418 	0.67869356 	0.97589246 	0.99415906 	0.99834269 	
0.99982970 	0.99982381 	0.99970503 	0.99841355 	0.60893213 	0.98006329 	0.99484637 	0.99342501 	0.99970371 	0.98713499 	0.98422727 	0.98523418 	0.67869356 	0.97589246 	0.99415906 	0.99834269 	
0.99982970 	0.99982381 	0.99970733 	0.99841355 	0.60893213 	0.98006329 	0.99484637 	0.99342501 	0.99970371 	0.98713499 	0.98422727 	0.98523418 	0.67869356 	0.97589246 	0.99415906 	0.99834269 	
0.99982970 	0.99982381 	0.99970733 	0.99981681 	0.60893213 	0.98006329 	0.99484637 	0.99342501 	0.99970371 	0.98713499 	0.98422727 	0.98523418 	0.67869356 	0.97589246 	0.99415906 	0.99834269 	
0.99982970 	0.99982381 	0.99970733 	0.99981681 	0.60072497 	0.98006329 	0.99484637 	0.99342501 	0.99970371 	0.98713499 	0.98422727 	0.98523418 	0.67869356 	0.97589246 	0.99415906 	0.99834269 	
0.99982970 	0.99982381 	0.99970733 	0.99981681 	0.60072497 	0.99701293 	0.99484637 	0.99342501 	0.99970371 	0.98713499 	0.98422727 	0.98523418 	0.67869356 	0.97589246 	0.99415906 	0.99834269 	
0.99982970 	0.99982381 	0.99970733 	0.99981681 	0.60072497 	0.99701293 	0.99468264 	0.99342501 	0.99970371 	0.98713499 	0.98422727 	0.98523418 	0.67869356 	0.97589246 	0.99415906 	0.99834269 	
0.99982970 	0.99982381 	0.99970733 	0.99981681 	0.60072497 	0.99701293 	0.99468264 	0.99334618 	0.99970371 	0.98713499 	0.98422727 	0.98523418 	0.67869356 	0.97589246 	0.99415906 	0.99834269 	
0.99982970 	0.99982381 	0.99970733 	0.99981681 	0.60072497 	0.99701293 	0.99468264 	0.99334618 	0.99995024 	0.98713499 	0.98422727 	0.98523418 	0.67869356 	0.97589246 	0.99415906 	0.99834269 	
0.99982970 	0.99982381 	0.99970733 	0.99981681 	0.60072497 	0.99701293 	0.99468264 	0.99334618 	0.99995024 	0.98713499 	0.98422727 	0.98523418 	0.67869356 	0.97589246 	0.99415906 	0.99834269 	
0.99982970 	0.99982381 	0.99970733 	0.99981681 	0.60072497 	0.99701293 	0.99468264 	0.99334618 	0.99995024 	0.98713499 	0.98422727 	0.98523418 	0.67869356 	0.97589246 	0.99415906 	0.99834269 	
0.99982970 	0.99982381 	0.99970733 	0.99981681 	0.60072497 	0.99701293 	0.99468264 	0.99334618 	0.99995024 	0.98713499 	0.98422727 	0.98676398 	0.67869356 	0.97589246 	0.99415906 	0.99834269 	
0.99982970 	0.99982381 	0.99970733 	0.99981681 	0.60072497 	0.99701293 	0.99468264 	0.99334618 	0.99995024 	0.98713499 	0.98422727 	0.98676398 	0.67869356 	0.97589246 	0.99415906 	0.99834269 	
0.99982970 	0.99982381 	0.99970733 	0.99981681 	0.60072497 	0.99701293 	0.99468264 	0.99334618 	0.99995024 	0.98713499 	0.98422727 	0.98676398 	0.67869356 	0.97590903 	0.99415906 	0.99834269 	
0.99982970 	0.99982381 	0.99970733 	0.99981681 	0.60072497 	0.99701293 	0.99468264 	0.99334618 	0.99995024 	0.98713499 	0.98422727 	0.98676398 	0.67869356 	0.97590903 	0.99916524 	0.99834269 	
0.99982970 	0.99982381 	0.99970733 	0.99981681 	0.60072497 	0.99701293 	0.99468264 	0.99334618 	0.99995024 	0.98713499 	0.98422727 	0.98676398 	0.67869356 	0.97590903 	0.99916524 	0.99940012 	
0.99996524 	0.99982381 	0.99970733 	0.99981681 	0.60072497 	0.99701293 	0.99468264 	0.99334618 	0.99995024 	0.98713499 	0.98422727 	0.98676398 	0.67869356 	0.97590903 	0.99916524 	0.99940012 	
0.99996524 	0.99982381 	0.99970733 	0.99981681 	0.60072497 	0.99701293 	0.99468264 	0.99334618 	0.99995024 	0.98713499 	0.98422727 	0.98676398 	0.67869356 	0.97590903 	0.99916524 	0.99940012 	
0.99996524 	0.99982381 	0.99993133 	0.99981681 	0.60072497 	0.99701293 	0.99468264 	0.99334618 	0.99995024 	0.98713499 	0.98422727 	0.98676398 	0.67869356 	0.97590903 	0.99916524 	0.99940012 	
0.99996524 	0.99982381 	0.99993133 	0.99998392 	0.60072497 	0.99701293 	0.99468264 	0.99334618 	0.99995024 	0.98713499 	0.98422727 	0.98676398 	0.67869356 	0.97590903 	0.99916524 	0.99940012 	
0.99996524 	0.99982381 	0.99993133 	0.99998392 	0.59304758 	0.99701293 	0.99468264 	0.99334618 	0.99995024 	0.98713499 	0.98422727 	0.98676398 	0.67869356 	0.97590903 	0.99916524 	0.99940012 	
0.99996524 	0.99982381 	0.99993133 	0.99998392 	0.59304758 	0.99726519 	0.99468264 	0.99334618 	0.99995024 	0.98713499 	0.98422727 	0.98676398 	0.67869356 	0.97590903 	0.99916524 	0.99940012 	
0.99996524 	0.99982381 	0.99993133 	0.99998392 	0.59304758 	0.99726519 	0.99382980 	0.99334618 	0.99995024 	0.98713499 	0.98422727 	0.98676398 	0.67869356 	0.97590903 	0.99916524 	0.99940012 	
0.99996524 	0.99982381 	0.99993133 	0.99998392 	0.59304758 	0.99726519 	0.99382980 	0.99321270 	0.99995024 	0.98713499 	0.98422727 	0.98676398 	0.67869356 	0.97590903 	0.99916524 	0.99940012 	
0.99996524 	0.99982381 	0.99993133 	0.99998392 	0.59304758 	0.99726519 	0.99382980 	0.99321270 	0.99995024 	0.98713499 	0.98422727 	0.98676398 	0.67869356 	0.97590903 	0.99916524 	0.99940012 	
0.99996524 	0.99982381 	0.99993133 	0.99998392 	0.59304758 	0.99726519 	0.99382980 	0.99321270 	0.99995024 	0.98713499 	0.98422727 	0.98676398 	0.67869356 	0.97590903 	0.99916524 	0.99940012 	
0.99996524 	0.99982381 	0.99993133 	0.99998392 	0.59304758 	0.99726519 	0.99382980 	0.99321270 	0.99995024 	0.98713499 	0.99357345 	0.98676398 	0.67869356 	0.97590903 	0.99916524 	0.99940012 	
0.99996524 	0.99982381 	0.99993133 	0.99998392 	0.59304758 	0.99726519 	0.99382980 	0.99321270 	0.99995024 	0.98713499 	0.99357345 	0.98676398 	0.67869356 	0.97590903 	0.99916524 	0.99940012 	
0.99996524 	0.99982381 	0.99993133 	0.99998392 	0.59304758 	0.99726519 	0.99382980 	0.99321270 	0.99995024 	0.98713499 	0.99357345 	0.98676398 	0.67869356 	0.97590903 	0.99916524 	0.99940012 	
0.99996524 	0.99982381 	0.99993133 	0.99998392 	0.59304758 	0.99726519 	0.99382980 	0.99321270 	0.99995024 	0.98713499 	0.99357345 	0.98676398 	0.67869356 	0.97621136 	0.99916524 	0.99940012 	
0.99996524 	0.99982381 	0.99993133 	0.99998392 	0.59304758 	0.99726519 	0.99382980 	0.99321270 	0.99995024 	0.98713499 	0.99357345 	0.98676398 	0.67869356 	0.97621136 	0.99916524 	0.99940012 	
0.99996524 	0.99982381 	0.99993133 	0.99998392 	0.59304758 	0.99726519 	0.99382980 	0.99321270 	0.99995024 	0.98713499 	0.99357345 	0.98676398 	0.67869356 	0.97621136 	0.99916524 	0.99978886 	
0.99999326 	0.99982381 	0.99993133 	0.99998392 	0.59304758 	0.99726519 	0.99382980 	0.99321270 	0.99995024 	0.98713499 	0.99357345 	0.98676398 	0.67869356 	0.97621136 	0.99916524 	0.99978886 	
0.99999326 	0.99982381 	0.99993133 	0.99998392 	0.59304758 	0.99726519 	0.99382980 	0.99321270 	0.99995024 	0.98713499 	0.99357345 	0.98676398 	0.67869356 	0.97621136 	0.99916524 	0.99978886 	
0.99999326 	0.99982381 	0.99994025 	0.99998392 	0.59304758 	0.99726519 	0.99382980 	0.99321270 	0.99995024 	0.98713499 	0.99357345 	0.98676398 	0.67869356 	0.97621136 	0.99916524 	0.99978886 	
0.99999326 	0.99982381 	0.99994025 	0.99998392 	0.59304758 	0.99726519 	0.99382980 	0.99321270 	0.99995024 	0.98713499 	0.99357345 	0.98676398 	0.67869356 	0.97621136 	0.99916524 	0.99978886 	
0.99999326 	0.99982381 	0.99994025 	0.99998392 	0.59304758 	0.99726519 	0.99382980 	0.99321270 	0.99995024 	0.98713499 	0.99357345 	0.98676398 	0.67869356 	0.97621136 	0.99916524 	0.99978886 	
0.99999326 	0.99982381 	0.99994025 	0.99998392 	0.59304758 	0.99947596 	0.99382980 	0.99321270 	0.99995024 	0.98713499 	0.99357345 	0.98676398 	0.67869356 	0.97621136 	0.99916524 	0.99978886 	
0.99999326 	0.99982381 	0.99994025 	0.99998392 	0.59304758 	0.99947596 	0.99382980 	0.99321270 	0.99995024 	0.98713499 	0.99357345 	0.98676398 	0.67869356 	0.97621136 	0.99916524 	0.99978886 	
0.99999326 	0.99982381 	0.99994025 	0.99998392 	0.59304758 	0.99947596 	0.99382980 	0.99321270 	0.99995024 	0.98713499 	0.99357345 	0.98676398 	0.67869356 	0.97621136 	0.99916524 	0.99978886 	
0.99999326 	0.99982381 	0.99994025 	0.99998392 	0.59304758 	0.99947596 	0.99382980 	0.99321270 	0.99995024 	0.98713499 	0.99357345 	0.98676398 	0.67869356 	0.97621136 	0.99916524 	0.99978886 	
0.99999326 	0.99982381 	0.99994025 	0.99998392 	0.59304758 	0.99947596 	0.99382980 	0.99321270 	0.99995024 	0.98713499 	0.99357345 	0.98676398 	0.67869356 	0.97621136 	0.99916524 	0.99978886 	
0.99999326 	0.99982381 	0.99994025 	0.99998392 	0.59304758 	0.99947596 	0.99382980 	0.99321270 	0.99995024 	0.98713499 	0.99357345 	0.98676398 	0.67869356 	0.97621136 	0.99916524 	0.99978886 	
0.99999326 	0.99982381 	0.99994025 	0.99998392 	0.59304758 	0.99947596 	0.99382980 	0.99321270 	0.99995024 	0.98713499 	0.99357345 	0.99962409 	0.67869356 	0.97621136 	0.99916524 	0.99978886 	
0.99999326 	0.99982381 	0.99994025 	0.99998392 	0.59304758 	0.99947596 	0.99382980 	0.99321270 	0.99995024 	0.98713499 	0.99357345 	0.99962409 	0.67752715 	0.97621136 	0.99916524 	0.99978886 	
0.99999326 	0.99982381 	0.99994025 	0.99998392 	0.59304758 	0.99947596 	0.99382980 	0.99321270 	0.99995024 	0.98713499 	0.99357345 	0.99962409 	0.67752715 	0.97621136 	0.99916524 	0.99978886 	
0.99999326 	0.99982381 	0.99994025 	0.99998392 	0.59304758 	0.99947596 	0.99382980 	0.99321270 	0.99995024 	0.98713499 	0.99357345 	0.99962409 	0.67752715 	0.97621136 	0.99953905 	0.99978886 	
0.99999326 	0.99982381 	0.99994025 	0.99998392 	0.59304758 	0.99947596 	0.99382980 	0.99321270 	0.99995024 	0.98713499 	0.99357345 	0.99962409 	0.67752715 	0.97621136 	0.99953905 	0.99978886 	
0.99889750 	0.99982381 	0.99994025 	0.99998392 	0.59304758 	0.99947596 	0.99382980 	0.99321270 	0.99995024 	0.98713499 	0.99357345 	0.99962409 	0.67752715 	0.97621136 	0.99953905 	0.99978886 	
0.99889750 	0.99982381 	0.99994025 	0.99998392 	0.59304758 	0.99947596 	0.99382980 	0.99321270 	0.99995024 	0.98713499 	0.99357345 	0.99962409 	0.67752715 	0.97621136 	0.99953905 	0.99978886 	
0.99889750 	0.99982381 	0.99996315 	0.99998392 	0.59304758 	0.99947596 	0.99382980 	0.99321270 	0.99995024 	0.98713499 	0.99357345 	0.99962409 	0.67752715 	0.97621136 	0.99953905 	0.99978886 	
0.99889750 	0.99982381 	0.99996315 	0.99998392 	0.59304758 	0.99947596 	0.99382980 	0.99321270 	0.99995024 	0.98713499 	0.99357345 	0.99962409 	0.67752715 	0.97621136 	0.99953905 	0.99978886 	
0.99889750 	0.99982381 	0.99996315 	0.99998392 	0.59304758 	0.99947596 	0.99382980 	0.99321270 	0.99995024 	0.98713499 	0.99357345 	0.99962409 	0.67752715 	0.97621136 	0.99953905 	0.99978886 	
0.99889750 	0.99982381 	0.99996315 	0.99998392 	0.59304758 	0.99997542 	0.99382980 	0.99321270 	0.99995024 	0.98713499 	0.99357345 	0.99962409 	0.67752715 	0.97621136 	0.99953905 	0.99978886 	
0.99889750 	0.99982381 	0.99996315 	0.99998392 	0.59304758 	0.99997542 	0.99103247 	0.99321270 	0.99995024 	0.98713499 	0.99357345 	0.99962409 	0.67752715 	0.97621136 	0.99953905 	0.99978886 	
0.99889750 	0.99982381 	0.99996315 	0.99998392 	0.59304758 	0.99997542 	0.99103247 	0.99255158 	0.99995024 	0.98713499 	0.99357345 	0.99962409 	0.67752715 	0.97621136 	0.99953905 	0.99978886 	
0.99889750 	0.99982381 	0.99996315 	0.99998392 	0.59304758 	0.99997542 	0.99103247 	0.99255158 	0.99995024 	0.98713499 	0.99357345 	0.99962409 	0.67752715 	0.97621136 	0.99953905 	0.99978886 	
0.99889750 	0.99982381 	0.99996315 	0.99998392 	0.59304758 	0.99997542 	0.99103247 	0.99255158 	0.99995024 	0.98706676 	0.99357345 	0.99962409 	0.67752715 	0.97621136 	0.99953905 	0.99978886 	
0.99889750 	0.99982381 	0.99996315 	0.99998392 	0.59304758 	0.99997542 	0.99103247 	0.99255158 	0.99995024 	0.98706676 	0.99467306 	0.99962409 	0.67752715 	0.97621136 	0.99953905 	0.99978886 	
0.99889750 	0.99982381 	0.99996315 	0.99998392 	0.59304758 	0.99997542 	0.99103247 	0.99255158 	0.99995024 	0.98706676 	0.99467306 	0.99962409 	0.67752715 	0.97621136 	0.99953905 	0.99978886 	
0.99889750 	0.99982381 	0.99996315 	0.99998392 	0.59304758 	0.99997542 	0.99103247 	0.99255158 	0.99995024 	0.98706676 	0.99467306 	0.99962409 	0.67752715 	0.97621136 	0.99953905 	0.99978886 	
0.99889750 	0.99982381 	0.99996315 	0.99998392 	0.59304758 	0.99997542 	0.99103247 	0.99255158 	0.99995024 	0.98706676 	0.99467306 	0.99962409 	0.67752715 	0.97621136 	0.99953905 	0.99978886 	
0.99889750 	0.99982381 	0.99996315 	0.99998392 	0.59304758 	0.99997542 	0.99103247 	0.99255158 	0.99995024 	0.98706676 	0.99467306 	0.99962409 	0.67752715 	0.97621136 	0.99953905 	0.99978886 	
0.99889750 	0.99982381 	0.99996315 	0.99998392 	0.59304758 	0.99997542 	0.99103247 	0.99255158 	0.99995024 	0.98706676 	0.99467306 	0.99962409 	0.67752715 	0.97621136 	0.99953905 	0.99993441 	
0.99911189 	0.99982381 	0.99996315 	0.99998392 	0.59304758 	0.99997542 	0.99103247 	0.99255158 	0.99995024 	0.98706676 	0.99467306 	0.99962409 	0.67752715 	0.97621136 	0.99953905 	0.99993441 	
0.99911189 	0.99988703 	0.99996315 	0.99998392 	0.59304758 	0.99997542 	0.99103247 	0.99255158 	0.99995024 	0.98706676 	0.99467306 	0.99962409 	0.67752715 	0.97621136 	0.99953905 	0.99993441 	
0.99911189 	0.99988703 	0.99999033 	0.99998392 	0.59304758 	0.99997542 	0.99103247 	0.99255158 	0.99995024 	0.98706676 	0.99467306 	0.99962409 	0.67752715 	0.97621136 	0.99953905 	0.99993441 	
0.99911189 	0.99988703 	0.99999033 	0.99998392 	0.59304758 	0.99997542 	0.99103247 	0.99255158 	0.99995024 	0.98706676 	0.99467306 	0.99962409 	0.67752715 	0.97621136 	0.99953905 	0.99993441 	
0.99911189 	0.99988703 	0.99999033 	0.99998392 	0.59209744 	0.99997542 	0.99103247 	0.99255158 	0.99995024 	0.98706676 	0.99467306 	0.99962409 	0.67752715 	0.97621136 	0.99953905 	0.99993441 	
0.99911189 	0.99988703 	0.99999033 	0.99998392 	0.59209744 	0.99999885 	0.99103247 	0.99255158 	0.99995024 	0.98706676 	0.99467306 	0.99962409 	0.67752715 	0.97621136 	0.99953905 	0.99993441 	
0.99911189 	0.99988703 	0.99999033 	0.99998392 	0.59209744 	0.99999885 	0.99103247 	0.99255158 	0.99995024 	0.98706676 	0.99467306 	0.99962409 	0.67752715 	0.97621136 	0.99953905 	0.99993441 	
0.99911189 	0.99988703 	0.99999033 	0.99998392 	0.59209744 	0.99999885 	0.99103247 	0.99162207 	0.99995024 	0.98706676 	0.99467306 	0.99962409 	0.67752715 	0.97621136 	0.99953905 	0.99993441 	
0.99911189 	0.99988703 	0.99999033 	0.99998392 	0.59209744 	0.99999885 	0.99103247 	0.99162207 	0.99995024 	0.98706676 	0.99467306 	0.99962409 	0.67752715 	0.97621136 	0.99953905 	0.99993441 	
0.99911189 	0.99988703 	0.99999033 	0.99998392 	0.59209744 	0.99999885 	0.99103247 	0.99162207 	0.99995024 	0.98677714 	0.99467306 	0.99962409 	0.67752715 	0.97621136 	0.99953905 	0.99993441 	
0.99911189 	0.99988703 	0.99999033 	0.99998392 	0.59209744 	0.99999885 	0.99103247 	0.99162207 	0.99995024 	0.98677714 	0.99605503 	0.99962409 	0.67752715 	0.97621136 	0.99953905 	0.99993441 	
0.99911189 	0.99988703 	0.99999033 	0.99998392 	0.59209744 	0.99999885 	0.99103247 	0.99162207 	0.99995024 	0.98677714 	0.99605503 	0.99962409 	0.67752715 	0.97621136 	0.99953905 	0.99993441 	
0.99911189 	0.99988703 	0.99999033 	0.99998392 	0.59209744 	0.99999885 	0.99103247 	0.99162207 	0.99995024 	0.98677714 	0.99605503 	0.99962409 	0.67752715 	0.97621136 	0.99953905 	0.99993441 	
0.99911189 	0.99988703 	0.99999033 	0.99998392 	0.59209744 	0.99999885 	0.99103247 	0.99162207 	0.99995024 	0.98677714 	0.99605503 	0.99962409 	0.67752715 	0.97660920 	0.99953905 	0.99993441 	
0.99911189 	0.99988703 	0.99999033 	0.99998392 	0.59209744 	0.99999885 	0.99103247 	0.99162207 	0.99995024 	0.98677714 	0.99605503 	0.99962409 	0.67752715 	0.97660920 	0.99979878 	0.99993441 	
0.99911189 	0.99988703 	0.99999033 	0.99998392 	0.59209744 	0.99999885 	0.99103247 	0.99162207 	0.99995024 	0.98677714 	0.99605503 	0.99962409 	0.67752715 	0.97660920 	0.99979878 	0.99993441 	
0.99911189 	0.99988703 	0.99999033 	0.99998392 	0.59209744 	0.99999885 	0.99103247 	0.99162207 	0.99995024 	0.98677714 	0.99605503 	0.99962409 	0.67752715 	0.97660920 	0.99979878 	0.99993441 	
0.99911189 	0.99989676 	0.99999033 	0.99998392 	0.59209744 	0.99999885 	0.99103247 	0.99162207 	0.99995024 	0.98677714 	0.99605503 	0.99962409 	0.67752715 	0.97660920 	0.99979878 	0.99993441 	
0.99911189 	0.99989676 	0.99999033 	0.99998392 	0.59209744 	0.99999885 	0.99103247 	0.99162207 	0.99995024 	0.98677714 	0.99605503 	0.99962409 	0.67752715 	0.97660920 	0.99979878 	0.99993441 	
0.99911189 	0.99989676 	0.99999033 	0.99998392 	0.59209744 	0.99999885 	0.99103247 	0.99162207 	0.99995024 	0.98677714 	0.99605503 	0.99962409 	0.67752715 	0.97660920 	0.99979878 	0.99993441 	
0.99911189 	0.99989676 	0.99999033 	0.99998392 	0.59209744 	0.99999885 	0.99103247 	0.99162207 	0.99995024 	0.98677714 	0.99605503 	0.99962409 	0.67752715 	0.97660920 	0.99979878 	0.99993441 	
0.99911189 	0.99989676 	0.99999033 	0.99998392 	0.59209744 	0.99999885 	0.99103247 	0.99162207 	0.99995024 	0.98677714 	0.99605503 	0.99962409 	0.67752715 	0.97660920 	0.99979878 	0.99993441 	
0.99911189 	0.99989676 	0.99999033 	0.99998392 	0.59209744 	0.99999885 	0.99103247 	0.99162207 	0.99995024 	0.98677714 	0.99605503 	0.99962409 	0.67752715 	0.97660920 	0.99979878 	0.99993441 	
0.99911189 	0.99989676 	0.99999033 	0.99998392 	0.59209744 	0.99999885 	0.99103247 	0.99137557 	0.99995024 	0.98677714 	0.99605503 	0.99962409 	0.67752715 	0.97660920 	0.99979878 	0.99993441 	
0.99911189 	0.99989676 	0.99999033 	0.99998392 	0.59209744 	0.99999885 	0.99103247 	0.99137557 	0.99995024 	0.98677714 	0.99605503 	0.99962409 	0.67752715 	0.97660920 	0.99979878 	0.99993441 	
0.99911189 	0.99989676 	0.99999033 	0.99998392 	0.59209744 	0.99999885 	0.99103247 	0.99137557 	0.99995024 	0.98677714 	0.99605503 	0.99962409 	0.67752715 	0.97660920 	0.99979878 	0.99993441 	
0.99911189 	0.99989676 	0.99999033 	0.99998392 	0.59209744 	0.99999885 	0.99103247 	0.99137557 	0.99995024 	0.98677714 	0.99648820 	0.99962409 	0.67752715 	0.97660920 	0.99979878 	0.99993441 	
0.99911189 	0.99989676 	0.99999033 	0.99998392 	0.59209744 	0.99999885 	0.99103247 	0.99137557 	0.99995024 	0.98677714 	0.99648820 	0.99963012 	0.67752715 	0.97660920 	0.99979878 	0.99993441 	
0.99911189 	0.99989676 	0.99999033 	0.99998392 	0.59209744 	0.99999885 	0.99103247 	0.99137557 	0.99995024 	0.98677714 	0.99648820 	0.99963012 	0.67752715 	0.97660920 	0.99979878 	0.99993441 	
0.99911189 	0.99989676 	0.99999033 	0.99998392 	0.59209744 	0.99999885 	0.99103247 	0.99137557 	0.99995024 	0.98677714 	0.99648820 	0.99963012 	0.67752715 	0.97660920 	0.99979878 	0.99993441 	
0.99911189 	0.99989676 	0.99999033 	0.99998392 	0.59209744 	0.99999885 	0.99103247 	0.99137557 	0.99995024 	0.98677714 	0.99648820 	0.99963012 	0.67752715 	0.97660920 	0.99980069 	0.99993441 	
0.99911189 	0.99989676 	0.99999033 	0.99998392 	0.59209744 	0.99999885 	0.99103247 	0.99137557 	0.99995024 	0.98677714 	0.99648820 	0.99963012 	0.67752715 	0.97660920 	0.99980069 	0.99995077 	
0.99911189 	0.99989676 	0.99999033 	0.99998392 	0.59209744 	0.99999885 	0.99103247 	0.99137557 	0.99995024 	0.98677714 	0.99648820 	0.99963012 	0.67752715 	0.97660920 	0.99980069 	0.99995077 	
0.99911189 	0.99998438 	0.99999033 	0.99998392 	0.59209744 	0.99999885 	0.99103247 	0.99137557 	0.99995024 	0.98677714 	0.99648820 	0.99963012 	0.67752715 	0.97660920 	0.99980069 	0.99995077 	
0.99911189 	0.99998438 	0.99999722 	0.99998392 	0.59209744 	0.99999885 	0.99103247 	0.99137557 	0.99995024 	0.98677714 	0.99648820 	0.99963012 	0.67752715 	0.97660920 	0.99980069 	0.99995077 	
0.99911189 	0.99998438 	0.99999722 	0.99998392 	0.59209744 	0.99999885 	0.99103247 	0.99137557 	0.99995024 	0.98677714 	0.99648820 	0.99963012 	0.67752715 	0.97660920 	0.99980069 	0.99995077 	
0.99911189 	0.99998438 	0.99999722 	0.99998392 	0.59209744 	0.99999885 	0.99103247 	0.99137557 	0.99995024 	0.98677714 	0.99648820 	0.99963012 	0.67752715 	0.97660920 	0.99980069 	0.99995077 	
0.99911189 	0.99998438 	0.99999722 	0.99998392 	0.59209744 	0.99999976 	0.99103247 	0.99137557 	0.99995024 	0.98677714 	0.99648820 	0.99963012 	0.67752715 	0.97660920 	0.99980069 	0.99995077 	
0.99911189 	0.99998438 	0.99999722 	0.99998392 	0.59209744 	0.99999976 	0.99103295 	0.99137557 	0.99995024 	0.98677714 	0.99648820 	0.99963012 	0.67752715 	0.97660920 	0.99980069 	0.99995077 	
0.99911189 	0.99998438 	0.99999722 	0.99998392 	0.59209744 	0.99999976 	0.99103295 	0.99137557 	0.99995024 	0.98677714 	0.99648820 	0.99963012 	0.67752715 	0.97660920 	0.99980069 	0.99995077 	
0.99911189 	0.99998438 	0.99999722 	0.99998392 	0.59209744 	0.99999976 	0.99103295 	0.99137557 	0.99995024 	0.98677714 	0.99648820 	0.99963012 	0.67752715 	0.97660920 	0.99980069 	0.99995077 	
0.99911189 	0.99998438 	0.99999722 	0.99998392 	0.59209744 	0.99999976 	0.99103295 	0.99137557 	0.99995024 	0.98677714 	0.99648820 	0.99963012 	0.67752715 	0.97660920 	0.99980069 	0.99995077 	
0.99911189 	0.99998438 	0.99999722 	0.99998392 	0.59209744 	0.99999976 	0.99103295 	0.99137557 	0.99995024 	0.98677714 	0.99635934 	0.99963012 	0.67752715 	0.97660920 	0.99980069 	0.99995077 	
0.99911189 	0.99998438 	0.99999722 	0.99998392 	0.59209744 	0.99999976 	0.99103295 	0.99137557 	0.99995024 	0.98677714 	0.99635934 	0.99963012 	0.67752715 	0.97660920 	0.99980069 	0.99995077 	
0.99911189 	0.99998438 	0.99999722 	0.99998392 	0.59209744 	0.99999976 	0.99103295 	0.99137557 	0.99995024 	0.98677714 	0.99635934 	0.99963012 	0.67751642 	0.97660920 	0.99980069 	0.99995077 	
0.99911189 	0.99998438 	0.99999722 	0.99998392 	0.59209744 	0.99999976 	0.99103295 	0.99137557 	0.99995024 	0.98677714 	0.99635934 	0.99963012 	0.67751642 	0.97660920 	0.99980069 	0.99995077 	
0.99911189 	0.99998438 	0.99999722 	0.99998392 	0.59209744 	0.99999976 	0.99103295 	0.99137557 	0.99995024 	0.98677714 	0.99635934 	0.99963012 	0.67751642 	0.97660920 	0.99996516 	0.99995077 	
0.99911189 	0.99998438 	0.99999722 	0.99998392 	0.59209744 	0.99999976 	0.99103295 	0.99137557 	0.99995024 	0.98677714 	0.99635934 	0.99963012 	0.67751642 	0.97660920 	0.99996516 	0.99996791 	
0.99910363 	0.99998438 	0.99999722 	0.99998392 	0.59209744 	0.99999976 	0.99103295 	0.99137557 	0.99995024 	0.98677714 	0.99635934 	0.99963012 	0.67751642 	0.97660920 	0.99996516 	0.99996791 	
0.99910363 	0.99999734 	0.99999722 	0.99998392 	0.59209744 	0.99999976 	0.99103295 	0.99137557 	0.99995024 	0.98677714 	0.99635934 	0.99963012 	0.67751642 	0.97660920 	0.99996516 	0.99996791 	
0.99910363 	0.99999734 	0.99999722 	0.99998392 	0.59209744 	0.99999976 	0.99103295 	0.99137557 	0.99995024 	0.98677714 	0.99635934 	0.99963012 	0.67751642 	0.97660920 	0.99996516 	0.99996791 	
0.99910363 	0.99999734 	0.99999722 	0.99998392 	0.59209744 	0.99999976 	0.99103295 	0.99137557 	0.99995024 	0.98677714 	0.99635934 	0.99963012 	0.67751642 	0.97660920 	0.99996516 	0.99996791 	
0.99910363 	0.99999734 	0.99999722 	0.99998392 	0.59197727 	0.99999976 	0.99103295 	0.99137557 	0.99995024 	0.98677714 	0.99635934 	0.99963012 	0.67751642 	0.97660920 	0.99996516 	0.99996791 	
0.99910363 	0.99999734 	0.99999722 	0.99998392 	0.59197727 	0.99999982 	0.99103295 	0.99137557 	0.99995024 	0.98677714 	0.99635934 	0.99963012 	0.67751642 	0.97660920 	0.99996516 	0.99996791 	
0.99910363 	0.99999734 	0.99999722 	0.99998392 	0.59197727 	0.99999982 	0.99103295 	0.99137557 	0.99995024 	0.98677714 	0.99635934 	0.99963012 	0.67751642 	0.97660920 	0.99996516 	0.99996791 	
0.99910363 	0.99999734 	0.99999722 	0.99998392 	0.59197727 	0.99999982 	0.99103295 	0.99137557 	0.99995024 	0.98677714 	0.99635934 	0.99963012 	0.67751642 	0.97660920 	0.99996516 	0.99996791 	
0.99910363 	0.99999734 	0.99999722 	0.99998392 	0.59197727 	0.99999982 	0.99103295 	0.99137557 	0.99995024 	0.98677714 	0.99635934 	0.99963012 	0.67751642 	0.97660920 	0.99996516 	0.99996791 	
0.99910363 	0.99999734 	0.99999722 	0.99998392 	0.59197727 	0.99999982 	0.99103295 	0.99137557 	0.99995024 	0.98677714 	0.99635934 	0.99963012 	0.67751642 	0.97660920 	0.99996516 	0.99996791 	
0.99910363 	0.99999734 	0.99999722 	0.99998392 	0.59197727 	0.99999982 	0.99103295 	0.99137557 	0.99995024 	0.98677714 	0.99645399 	0.99963012 	0.67751642 	0.97660920 	0.99996516 	0.99996791 	
0.99910363 	0.99999734 	0.99999722 	0.99998392 	0.59197727 	0.99999982 	0.99103295 	0.99137557 	0.99995024 	0.98677714 	0.99645399 	0.99963971 	0.67751642 	0.97660920 	0.99996516 	0.99996791 	
0.99910363 	0.99999734 	0.99999722 	0.99998392 	0.59197727 	0.99999982 	0.99103295 	0.99137557 	0.99995024 	0.98677714 	0.99645399 	0.99963971 	0.67751642 	0.97660920 	0.99996516 	0.99996791 	
0.99910363 	0.99999734 	0.99999722 	0.99998392 	0.59197727 	0.99999982 	0.99103295 	0.99137557 	0.99995024 	0.98677714 	0.99645399 	0.99963971 	0.67751642 	0.97667847 	0.99996516 	0.99996791 	
0.99910363 	0.99999734 	0.99999722 	0.99998392 	0.59197727 	0.99999982 	0.99103295 	0.99137557 	0.99995024 	0.98677714 	0.99645399 	0.99963971 	0.67751642 	0.97667847 	0.99998926 	0.99996791 	
0.99910363 	0.99999734 	0.99999722 	0.99998392 	0.59197727 	0.99999982 	0.99103295 	0.99137557 	0.99995024 	0.98677714 	0.99645399 	0.99963971 	0.67751642 	0.97667847 	0.99998926 	0.99996791 	
0.99893507 	0.99999734 	0.99999722 	0.99998392 	0.59197727 	0.99999982 	0.99103295 	0.99137557 	0.99995024 	0.98677714 	0.99645399 	0.99963971 	0.67751642 	0.97667847 	0.99998926 	0.99996791 	
0.99893507 	0.99999734 	0.99999722 	0.99998392 	0.59197727 	0.99999982 	0.99103295 	0.99137557 	0.99995024 	0.98677714 	0.99645399 	0.99963971 	0.67751642 	0.97667847 	0.99998926 	0.99996791 	
0.99893507 	0.99999734 	0.99999722 	0.99998392 	0.59197727 	0.99999982 	0.99103295 	0.99137557 	0.99995024 	0.98677714 	0.99645399 	0.99963971 	0.67751642 	0.97667847 	0.99998926 	0.99996791 	
0.99893507 	0.99999734 	0.99999722 	0.99999557 	0.59197727 	0.99999982 	0.99103295 	0.99137557 	0.99995024 	0.98677714 	0.99645399 	0.99963971 	0.67751642 	0.97667847 	0.99998926 	0.99996791 	
0.99893507 	0.99999734 	0.99999722 	0.99999557 	0.59170486 	0.99999982 	0.99103295 	0.99137557 	0.99995024 	0.98677714 	0.99645399 	0.99963971 	0.67751642 	0.97667847 	0.99998926 	0.99996791 	
0.99893507 	0.99999734 	0.99999722 	0.99999557 	0.59170486 	0.99999982 	0.99103295 	0.99137557 	0.99995024 	0.98677714 	0.99645399 	0.99963971 	0.67751642 	0.97667847 	0.99998926 	0.99996791 	
0.99893507 	0.99999734 	0.99999722 	0.99999557 	0.59170486 	0.99999982 	0.99103295 	0.99137557 	0.99995024 	0.98677714 	0.99645399 	0.99963971 	0.67751642 	0.97667847 	0.99998926 	0.99996791 	
0.99893507 	0.99999734 	0.99999722 	0.99999557 	0.59170486 	0.99999982 	0.99103295 	0.99134024 	0.99995024 	0.98677714 	0.99645399 	0.99963971 	0.67751642 	0.97667847 	0.99998926 	0.99996791 	
0.99893507 	0.99999734 	0.99999722 	0.99999557 	0.59170486 	0.99999982 	0.99103295 	0.99134024 	0.99995024 	0.98677714 	0.99645399 	0.99963971 	0.67751642 	0.97667847 	0.99998926 	0.99996791 	
0.99893507 	0.99999734 	0.99999722 	0.99999557 	0.59170486 	0.99999982 	0.99103295 	0.99134024 	0.99995024 	0.98677714 	0.99645399 	0.99963971 	0.67751642 	0.97667847 	0.99998926 	0.99996791 	
0.99893507 	0.99999734 	0.99999722 	0.99999557 	0.59170486 	0.99999982 	0.99103295 	0.99134024 	0.99995024 	0.98677714 	0.99645399 	0.99963971 	0.67751642 	0.97667847 	0.99998926 	0.99996791 	
0.99893507 	0.99999734 	0.99999722 	0.99999557 	0.59170486 	0.99999982 	0.99103295 	0.99134024 	0.99995024 	0.98677714 	0.99645399 	0.99996183 	0.67751642 	0.97667847 	0.99998926 	0.99996791 	
0.99893507 	0.99999734 	0.99999722 	0.99999557 	0.59170486 	0.99999982 	0.99103295 	0.99134024 	0.99995024 	0.98677714 	0.99645399 	0.99996183 	0.67607979 	0.97667847 	0.99998926 	0.99996791 	
0.99893507 	0.99999734 	0.99999722 	0.99999557 	0.59170486 	0.99999982 	0.99103295 	0.99134024 	0.99995024 	0.98677714 	0.99645399 	0.99996183 	0.67607979 	0.97671028 	0.99998926 	0.99996791 	
0.99893507 	0.99999734 	0.99999722 	0.99999557 	0.59170486 	0.99999982 	0.99103295 	0.99134024 	0.99995024 	0.98677714 	0.99645399 	0.99996183 	0.67607979 	0.97671028 	0.99998926 	0.99996791 	
0.99893507 	0.99999734 	0.99999722 	0.99999557 	0.59170486 	0.99999982 	0.99103295 	0.99134024 	0.99995024 	0.98677714 	0.99645399 	0.99996183 	0.67607979 	0.97671028 	0.99998926 	0.99998633 	
0.99941140 	0.99999734 	0.99999722 	0.99999557 	0.59170486 	0.99999982 	0.99103295 	0.99134024 	0.99995024 	0.98677714 	0.99645399 	0.99996183 	0.67607979 	0.97671028 	0.99998926 	0.99998633 	
0.99941140 	0.99999784 	0.99999722 	0.99999557 	0.59170486 	0.99999982 	0.99103295 	0.99134024 	0.99995024 	0.98677714 	0.99645399 	0.99996183 	0.67607979 	0.97671028 	0.99998926 	0.99998633 	
0.99941140 	0.99999784 	0.99999722 	0.99999557 	0.59170486 	0.99999982 	0.99103295 	0.99134024 	0.99995024 	0.98677714 	0.99645399 	0.99996183 	0.67607979 	0.97671028 	0.99998926 	0.99998633 	
0.99941140 	0.99999784 	0.99999722 	0.99999816 	0.59170486 	0.99999982 	0.99103295 	0.99134024 	0.99995024 	0.98677714 	0.99645399 	0.99996183 	0.67607979 	0.97671028 	0.99998926 	0.99998633 	
0.99941140 	0.99999784 	0.99999722 	0.99999816 	0.59170486 	0.99999982 	0.99103295 	0.99134024 	0.99995024 	0.98677714 	0.99645399 	0.99996183 	0.67607979 	0.97671028 	0.99998926 	0.99998633 	
0.99941140 	0.99999784 	0.99999722 	0.99999816 	0.59170486 	0.99999982 	0.99103295 	0.99134024 	0.99995024 	0.98677714 	0.99645399 	0.99996183 	0.67607979 	0.97671028 	0.99998926 	0.99998633 	
0.99941140 	0.99999784 	0.99999722 	0.99999816 	0.59170486 	0.99999982 	0.99103295 	0.99134024 	0.99995024 	0.98677714 	0.99645399 	0.99996183 	0.67607979 	0.97671028 	0.99998926 	0.99998633 	
0.99941140 	0.99999784 	0.99999722 	0.99999816 	0.59170486 	0.99999982 	0.99103295 	0.99081722 	0.99995024 	0.98677714 	0.99645399 	0.99996183 	0.67607979 	0.97671028 	0.99998926 	0.99998633 	
0.99941140 	0.99999784 	0.99999722 	0.99999816 	0.59170486 	0.99999982 	0.99103295 	0.99081722 	0.99995024 	0.98677714 	0.99645399 	0.99996183 	0.67607979 	0.97671028 	0.99998926 	0.99998633 	
0.99941140 	0.99999784 	0.99999722 	0.99999816 	0.59170486 	0.99999982 	0.99103295 	0.99081722 	0.99995024 	0.98677714 	0.99645399 	0.99996183 	0.67607979 	0.97671028 	0.99998926 	0.99998633 	
0.99941140 	0.99999784 	0.99999722 	0.99999816 	0.59170486 	0.99999982 	0.99103295 	0.99081722 	0.99995024 	0.98677714 	0.99669996 	0.99996183 	0.67607979 	0.97671028 	0.99998926 	0.99998633 	
0.99941140 	0.99999784 	0.99999722 	0.99999816 	0.59170486 	0.99999982 	0.99103295 	0.99081722 	0.99995024 	0.98677714 	0.99669996 	0.99998646 	0.67607979 	0.97671028 	0.99998926 	0.99998633 	
0.99941140 	0.99999784 	0.99999722 	0.99999816 	0.59170486 	0.99999982 	0.99103295 	0.99081722 	0.99995024 	0.98677714 	0.99669996 	0.99998646 	0.67607979 	0.97671028 	0.99998926 	0.99998633 	
0.99941140 	0.99999784 	0.99999722 	0.99999816 	0.59170486 	0.99999982 	0.99103295 	0.99081722 	0.99995024 	0.98677714 	0.99669996 	0.99998646 	0.67607979 	0.97671095 	0.99998926 	0.99998633 	
0.99941140 	0.99999784 	0.99999722 	0.99999816 	0.59170486 	0.99999982 	0.99103295 	0.99081722 	0.99995024 	0.98677714 	0.99669996 	0.99998646 	0.67607979 	0.97671095 	0.99998926 	0.99998633 	
0.99941140 	0.99999784 	0.99999722 	0.99999816 	0.59170486 	0.99999982 	0.99103295 	0.99081722 	0.99995024 	0.98677714 	0.99669996 	0.99998646 	0.67607979 	0.97671095 	0.99998926 	0.99998633 	
0.99941140 	0.99999784 	0.99999722 	0.99999816 	0.59170486 	0.99999982 	0.99103295 	0.99081722 	0.99995024 	0.98677714 	0.99669996 	0.99998646 	0.67607979 	0.97671095 	0.99998926 	0.99998633 	
0.99941140 	0.99999933 	0.99999722 	0.99999816 	0.59170486 	0.99999982 	0.99103295 	0.99081722 	0.99995024 	0.98677714 	0.99669996 	0.99998646 	0.67607979 	0.97671095 	0.99998926 	0.99998633 	
0.99941140 	0.99999933 	0.99999771 	0.99999816 	0.59170486 	0.99999982 	0.99103295 	0.99081722 	0.99995024 	0.98677714 	0.99669996 	0.99998646 	0.67607979 	0.97671095 	0.99998926 	0.99998633 	
0.99941140 	0.99999933 	0.99999771 	0.99999816 	0.59170486 	0.99999982 	0.99103295 	0.99081722 	0.99995024 	0.98677714 	0.99669996 	0.99998646 	0.67607979 	0.97671095 	0.99998926 	0.99998633 	
0.99941140 	0.99999933 	0.99999771 	0.99999816 	0.59170486 	0.99999982 	0.99103295 	0.99081722 	0.99995024 	0.98677714 	0.99669996 	0.99998646 	0.67607979 	0.97671095 	0.99998926 	0.99998633 	
0.99941140 	0.99999933 	0.99999771 	0.99999816 	0.59170486 	0.99999982 	0.99103295 	0.99081722 	0.99995024 	0.98677714 	0.99669996 	0.99998646 	0.67607979 	0.97671095 	0.99998926 	0.99998633 	
0.99941140 	0.99999933 	0.99999771 	0.99999816 	0.59170486 	0.99999982 	0.99104153 	0.99081722 	0.99995024 	0.98677714 	0.99669996 	0.99998646 	0.67607979 	0.97671095 	0.99998926 	0.99998633 	
0.99941140 	0.99999933 	0.99999771 	0.99999816 	0.59170486 	0.99999982 	0.99104153 	0.99114434 	0.99995024 	0.98677714 	0.99669996 	0.99998646 	0.67607979 	0.97671095 	0.99998926 	0.99998633 	
0.99941140 	0.99999933 	0.99999771 	0.99999816 	0.59170486 	0.99999982 	0.99104153 	0.99114434 	0.99995024 	0.98677714 	0.99669996 	0.99998646 	0.67607979 	0.97671095 	0.99998926 	0.99998633 	
0.99941140 	0.99999933 	0.99999771 	0.99999816 	0.59170486 	0.99999982 	0.99104153 	0.99114434 	0.99995024 	0.98677714 	0.99669996 	0.99998646 	0.67607979 	0.97671095 	0.99998926 	0.99998633 	
0.99941140 	0.99999933 	0.99999771 	0.99999816 	0.59170486 	0.99999982 	0.99104153 	0.99114434 	0.99995024 	0.98677714 	0.99675111 	0.99998646 	0.67607979 	0.97671095 	0.99998926 	0.99998633 	
0.99941140 	0.99999933 	0.99999771 	0.99999816 	0.59170486 	0.99999982 	0.99104153 	0.99114434 	0.99995024 	0.98677714 	0.99675111 	0.99999789 	0.67607979 	0.97671095 	0.99998926 	0.99998633 	
0.99941140 	0.99999933 	0.99999771 	0.99999816 	0.59170486 	0.99999982 	0.99104153 	0.99114434 	0.99995024 	0.98677714 	0.99675111 	0.99999789 	0.67607979 	0.97671095 	0.99998926 	0.99998633 	
0.99941140 	0.99999933 	0.99999771 	0.99999816 	0.59170486 	0.99999982 	0.99104153 	0.99114434 	0.99995024 	0.98677714 	0.99675111 	0.99999789 	0.67607979 	0.97764145 	0.99998926 	0.99998633 	
0.99941140 	0.99999933 	0.99999771 	0.99999816 	0.59170486 	0.99999982 	0.99104153 	0.99114434 	0.99995024 	0.98677714 	0.99675111 	0.99999789 	0.67607979 	0.97764145 	0.99998926 	0.99998633 	
0.99941140 	0.99999933 	0.99999771 	0.99999816 	0.59170486 	0.99999982 	0.99104153 	0.99114434 	0.99995024 	0.98677714 	0.99675111 	0.99999789 	0.67607979 	0.97764145 	0.99998926 	0.99999933 	
0.99941140 	0.99999933 	0.99999771 	0.99999816 	0.59170486 	0.99999982 	0.99104153 	0.99114434 	0.99995024 	0.98677714 	0.99675111 	0.99999789 	0.67607979 	0.97764145 	0.99998926 	0.99999933 	
0.99941140 	0.99999933 	0.99999771 	0.99999816 	0.59170486 	0.99999982 	0.99104153 	0.99114434 	0.99995024 	0.98677714 	0.99675111 	0.99999789 	0.67607979 	0.97764145 	0.99998926 	0.99999933 	
0.99941140 	0.99999933 	0.99999786 	0.99999816 	0.59170486 	0.99999982 	0.99104153 	0.99114434 	0.99995024 	0.98677714 	0.99675111 	0.99999789 	0.67607979 	0.97764145 	0.99998926 	0.99999933 	
0.99941140 	0.99999933 	0.99999786 	0.99999931 	0.59170486 	0.99999982 	0.99104153 	0.99114434 	0.99995024 	0.98677714 	0.99675111 	0.99999789 	0.67607979 	0.97764145 	0.99998926 	0.99999933 	
0.99941140 	0.99999933 	0.99999786 	0.99999931 	0.59170486 	0.99999982 	0.99104153 	0.99114434 	0.99995024 	0.98677714 	0.99675111 	0.99999789 	0.67607979 	0.97764145 	0.99998926 	0.99999933 	
0.99941140 	0.99999933 	0.99999786 	0.99999931 	0.59170486 	0.99999982 	0.99104153 	0.99114434 	0.99995024 	0.98677714 	0.99675111 	0.99999789 	0.67607979 	0.97764145 	0.99998926 	0.99999933 	
0.99941140 	0.99999933 	0.99999786 	0.99999931 	0.59170486 	0.99999982 	0.99104153 	0.99114434 	0.99995024 	0.98677714 	0.99675111 	0.99999789 	0.67607979 	0.97764145 	0.99998926 	0.99999933 	
0.99941140 	0.99999933 	0.99999786 	0.99999931 	0.59170486 	0.99999982 	0.99104153 	0.99081722 	0.99995024 	0.98677714 	0.99675111 	0.99999789 	0.67607979 	0.97764145 	0.99998926 	0.99999933 	
0.99941140 	0.99999933 	0.99999786 	0.99999931 	0.59170486 	0.99999982 	0.99104153 	0.99081722 	0.99997787 	0.98677714 	0.99675111 	0.99999789 	0.67607979 	0.97764145 	0.99998926 	0.99999933 	
0.99941140 	0.99999933 	0.99999786 	0.99999931 	0.59170486 	0.99999982 	0.99104153 	0.99081722 	0.99997787 	0.98677714 	0.99675111 	0.99999789 	0.67607979 	0.97764145 	0.99998926 	0.99999933 	
0.99941140 	0.99999933 	0.99999786 	0.99999931 	0.59170486 	0.99999982 	0.99104153 	0.99081722 	0.99997787 	0.98677714 	0.99726451 	0.99999789 	0.67607979 	0.97764145 	0.99998926 	0.99999933 	
0.99941140 	0.99999933 	0.99999786 	0.99999931 	0.59170486 	0.99999982 	0.99104153 	0.99081722 	0.99997787 	0.98677714 	0.99726451 	0.99999789 	0.67607979 	0.97764145 	0.99998926 	0.99999933 	
0.99941140 	0.99999933 	0.99999786 	0.99999931 	0.59170486 	0.99999982 	0.99104153 	0.99081722 	0.99997787 	0.98677714 	0.99726451 	0.99999789 	0.67623260 	0.97764145 	0.99998926 	0.99999933 	
0.99941140 	0.99999933 	0.99999786 	0.99999931 	0.59170486 	0.99999982 	0.99104153 	0.99081722 	0.99997787 	0.98677714 	0.99726451 	0.99999789 	0.67623260 	0.97765714 	0.99998926 	0.99999933 	
0.99941140 	0.99999933 	0.99999786 	0.99999931 	0.59170486 	0.99999982 	0.99104153 	0.99081722 	0.99997787 	0.98677714 	0.99726451 	0.99999789 	0.67623260 	0.97765714 	0.99998926 	0.99999933 	
0.99941140 	0.99999933 	0.99999786 	0.99999931 	0.59170486 	0.99999982 	0.99104153 	0.99081722 	0.99997787 	0.98677714 	0.99726451 	0.99999789 	0.67623260 	0.97765714 	0.99998926 	0.99999933 	
0.99934434 	0.99999933 	0.99999786 	0.99999931 	0.59170486 	0.99999982 	0.99104153 	0.99081722 	0.99997787 	0.98677714 	0.99726451 	0.99999789 	0.67623260 	0.97765714 	0.99998926 	0.99999933 	
0.99934434 	0.99999981 	0.99999786 	0.99999931 	0.59170486 	0.99999982 	0.99104153 	0.99081722 	0.99997787 	0.98677714 	0.99726451 	0.99999789 	0.67623260 	0.97765714 	0.99998926 	0.99999933 	
0.99934434 	0.99999981 	0.99999922 	0.99999931 	0.59170486 	0.99999982 	0.99104153 	0.99081722 	0.99997787 	0.98677714 	0.99726451 	0.99999789 	0.67623260 	0.97765714 	0.99998926 	0.99999933 	
0.99934434 	0.99999981 	0.99999922 	0.99999931 	0.59170486 	0.99999982 	0.99104153 	0.99081722 	0.99997787 	0.98677714 	0.99726451 	0.99999789 	0.67623260 	0.97765714 	0.99998926 	0.99999933 	
0.99934434 	0.99999981 	0.99999922 	0.99999931 	0.59170486 	0.99999982 	0.99104153 	0.99081722 	0.99997787 	0.98677714 	0.99726451 	0.99999789 	0.67623260 	0.97765714 	0.99998926 	0.99999933 	
0.99934434 	0.99999981 	0.99999922 	0.99999931 	0.59170486 	0.99999982 	0.99104153 	0.99081722 	0.99997787 	0.98677714 	0.99726451 	0.99999789 	0.67623260 	0.97765714 	0.99998926 	0.99999933 	
0.99934434 	0.99999981 	0.99999922 	0.99999931 	0.59170486 	0.99999982 	0.99104153 	0.99081722 	0.99997787 	0.98677714 	0.99726451 	0.99999789 	0.67623260 	0.97765714 	0.99998926 	0.99999933 	
0.99934434 	0.99999981 	0.99999922 	0.99999931 	0.59170486 	0.99999982 	0.99104153 	0.99086589 	0.99997787 	0.98677714 	0.99726451 	0.99999789 	0.67623260 	0.97765714 	0.99998926 	0.99999933 	
0.99934434 	0.99999981 	0.99999922 	0.99999931 	0.59170486 	0.99999982 	0.99104153 	0.99086589 	0.99997787 	0.98677714 	0.99726451 	0.99999789 	0.67623260 	0.97765714 	0.99998926 	0.99999933 	
0.99934434 	0.99999981 	0.99999922 	0.99999931 	0.59170486 	0.99999982 	0.99104153 	0.99086589 	0.99997787 	0.98677714 	0.99726451 	0.99999789 	0.67623260 	0.97765714 	0.99998926 	0.99999933 	
0.99934434 	0.99999981 	0.99999922 	0.99999931 	0.59170486 	0.99999982 	0.99104153 	0.99086589 	0.99997787 	0.98677714 	0.99681574 	0.99999789 	0.67623260 	0.97765714 	0.99998926 	0.99999933 	
0.99934434 	0.99999981 	0.99999922 	0.99999931 	0.59170486 	0.99999982 	0.99104153 	0.99086589 	0.99997787 	0.98677714 	0.99681574 	0.99999789 	0.67623260 	0.97765714 	0.99998926 	0.99999933 	
0.99934434 	0.99999981 	0.99999922 	0.99999931 	0.59170486 	0.99999982 	0.99104153 	0.99086589 	0.99997787 	0.98677714 	0.99681574 	0.99999789 	0.67634997 	0.97765714 	0.99998926 	0.99999933 	
0.99934434 	0.99999981 	0.99999922 	0.99999931 	0.59170486 	0.99999982 	0.99104153 	0.99086589 	0.99997787 	0.98677714 	0.99681574 	0.99999789 	0.67634997 	0.97765714 	0.99998926 	0.99999933 	
0.99934434 	0.99999981 	0.99999922 	0.99999931 	0.59170486 	0.99999982 	0.99104153 	0.99086589 	0.99997787 	0.98677714 	0.99681574 	0.99999789 	0.67634997 	0.97765714 	0.99998926 	0.99999933 	
0.99934434 	0.99999981 	0.99999922 	0.99999931 	0.59170486 	0.99999982 	0.99104153 	0.99086589 	0.99997787 	0.98677714 	0.99681574 	0.99999789 	0.67634997 	0.97765714 	0.99998926 	0.99999936 	
0.99934434 	0.99999981 	0.99999922 	0.99999931 	0.59170486 	0.99999982 	0.99104153 	0.99086589 	0.99997787 	0.98677714 	0.99681574 	0.99999789 	0.67634997 	0.97765714 	0.99998926 	0.99999936 	
0.99934434 	0.99999981 	0.99999922 	0.99999931 	0.59170486 	0.99999982 	0.99104153 	0.99086589 	0.99997787 	0.98677714 	0.99681574 	0.99999789 	0.67634997 	0.97765714 	0.99998926 	0.99999936 	
0.99934434 	0.99999981 	0.99999996 	0.99999931 	0.59170486 	0.99999982 	0.99104153 	0.99086589 	0.99997787 	0.98677714 	0.99681574 	0.99999789 	0.67634997 	0.97765714 	0.99998926 	0.99999936 	
0.99934434 	0.99999981 	0.99999996 	0.99999931 	0.59170486 	0.99999982 	0.99104153 	0.99086589 	0.99997787 	0.98677714 	0.99681574 	0.99999789 	0.67634997 	0.97765714 	0.99998926 	0.99999936 	
0.99934434 	0.99999981 	0.99999996 	0.99999931 	0.59170486 	0.99999982 	0.99104153 	0.99086589 	0.99997787 	0.98677714 	0.99681574 	0.99999789 	0.67634997 	0.97765714 	0.99998926 	0.99999936 	
0.99934434 	0.99999981 	0.99999996 	0.99999931 	0.59170486 	0.99999982 	0.99104153 	0.99086589 	0.99997787 	0.98677714 	0.99681574 	0.99999789 	0.67634997 	0.97765714 	0.99998926 	0.99999936 	
0.99934434 	0.99999981 	0.99999996 	0.99999931 	0.59170486 	0.99999982 	0.99104153 	0.99086589 	0.99997787 	0.98677714 	0.99681574 	0.99999789 	0.67634997 	0.97765714 	0.99998926 	0.99999936 	
0.99934434 	0.99999981 	0.99999996 	0.99999931 	0.59170486 	0.99999982 	0.99104153 	0.99086711 	0.99997787 	0.98677714 	0.99681574 	0.99999789 	0.67634997 	0.97765714 	0.99998926 	0.99999936 	
0.99934434 	0.99999981 	0.99999996 	0.99999931 	0.59170486 	0.99999982 	0.99104153 	0.99086711 	0.99997787 	0.98677714 	0.99681574 	0.99999789 	0.67634997 	0.97765714 	0.99998926 	0.99999936 	
0.99934434 	0.99999981 	0.99999996 	0.99999931 	0.59170486 	0.99999982 	0.99104153 	0.99086711 	0.99997787 	0.98677714 	0.99681574 	0.99999789 	0.67634997 	0.97765714 	0.99998926 	0.99999936 	
0.99934434 	0.99999981 	0.99999996 	0.99999931 	0.59170486 	0.99999982 	0.99104153 	0.99086711 	0.99997787 	0.98677714 	0.99682997 	0.99999789 	0.67634997 	0.97765714 	0.99998926 	0.99999936 	
0.99934434 	0.99999981 	0.99999996 	0.99999931 	0.59170486 	0.99999982 	0.99104153 	0.99086711 	0.99997787 	0.98677714 	0.99682997 	0.99999789 	0.67634997 	0.97765714 	0.99998926 	0.99999936 	
0.99934434 	0.99999981 	0.99999996 	0.99999931 	0.59170486 	0.99999982 	0.99104153 	0.99086711 	0.99997787 	0.98677714 	0.99682997 	0.99999789 	0.67634997 	0.97765714 	0.99998926 	0.99999936 	
0.99934434 	0.99999981 	0.99999996 	0.99999931 	0.59170486 	0.99999982 	0.99104153 	0.99086711 	0.99997787 	0.98677714 	0.99682997 	0.99999789 	0.67634997 	0.97822669 	0.99998926 	0.99999936 	
0.99934434 	0.99999981 	0.99999996 	0.99999931 	0.59170486 	0.99999982 	0.99104153 	0.99086711 	0.99997787 	0.98677714 	0.99682997 	0.99999789 	0.67634997 	0.97822669 	0.99999592 	0.99999936 	
0.99934434 	0.99999981 	0.99999996 	0.99999931 	0.59170486 	0.99999982 	0.99104153 	0.99086711 	0.99997787 	0.98677714 	0.99682997 	0.99999789 	0.67634997 	0.97822669 	0.99999592 	0.99999993 	
0.99934434 	0.99999981 	0.99999996 	0.99999931 	0.59170486 	0.99999982 	0.99104153 	0.99086711 	0.99997787 	0.98677714 	0.99682997 	0.99999789 	0.67634997 	0.97822669 	0.99999592 	0.99999993 	
0.99934434 	0.99999981 	0.99999996 	0.99999931 	0.59170486 	0.99999982 	0.99104153 	0.99086711 	0.99997787 	0.98677714 	0.99682997 	0.99999789 	0.67634997 	0.97822669 	0.99999592 	0.99999993 	
0.99934434 	0.99999981 	0.99999996 	0.99999931 	0.59170486 	0.99999982 	0.99104153 	0.99086711 	0.99997787 	0.98677714 	0.99682997 	0.99999789 	0.67634997 	0.97822669 	0.99999592 	0.99999993 	
0.99934434 	0.99999981 	0.99999996 	0.99999931 	0.59170486 	0.99999982 	0.99104153 	0.99086711 	0.99997787 	0.98677714 	0.99682997 	0.99999789 	0.67634997 	0.97822669 	0.99999592 	0.99999993 	
0.99934434 	0.99999981 	0.99999996 	0.99999931 	0.59170486 	0.99999982 	0.99104153 	0.99086711 	0.99997787 	0.98677714 	0.99682997 	0.99999789 	0.67634997 	0.97822669 	0.99999592 	0.99999993 	
0.99934434 	0.99999981 	0.99999996 	0.99999931 	0.59170486 	0.99999982 	0.99104153 	0.99086711 	0.99997787 	0.98677714 	0.99682997 	0.99999789 	0.67634997 	0.97822669 	0.99999592 	0.99999993 	
0.99934434 	0.99999981 	0.99999996 	0.99999931 	0.59170486 	0.99999982 	0.99104153 	0.99086711 	0.99997787 	0.98677714 	0.99682997 	0.99999789 	0.67634997 	0.97822669 	0.99999592 	0.99999993 	
0.99934434 	0.99999981 	0.99999996 	0.99999931 	0.59170486 	0.99999982 	0.99104153 	0.99085983 	0.99997787 	0.98677714 	0.99682997 	0.99999789 	0.67634997 	0.97822669 	0.99999592 	0.99999993 	
0.99934434 	0.99999981 	0.99999996 	0.99999931 	0.59170486 	0.99999982 	0.99104153 	0.99085983 	0.99997787 	0.98677714 	0.99682997 	0.99999789 	0.67634997 	0.97822669 	0.99999592 	0.99999993 	
0.99934434 	0.99999981 	0.99999996 	0.99999931 	0.59170486 	0.99999982 	0.99104153 	0.99085983 	0.99997787 	0.98677714 	0.99682997 	0.99999789 	0.67634997 	0.97822669 	0.99999592 	0.99999993 	
0.99934434 	0.99999981 	0.99999996 	0.99999931 	0.59170486 	0.99999982 	0.99104153 	0.99085983 	0.99997787 	0.98677714 	0.99701075 	0.99999789 	0.67634997 	0.97822669 	0.99999592 	0.99999993 	
0.99934434 	0.99999981 	0.99999996 	0.99999931 	0.59170486 	0.99999982 	0.99104153 	0.99085983 	0.99997787 	0.98677714 	0.99701075 	0.99999789 	0.67634997 	0.97822669 	0.99999592 	0.99999993 	
0.99934434 	0.99999981 	0.99999996 	0.99999931 	0.59170486 	0.99999982 	0.99104153 	0.99085983 	0.99997787 	0.98677714 	0.99701075 	0.99999789 	0.67634997 	0.97822669 	0.99999592 	0.99999993 	
0.99934434 	0.99999981 	0.99999996 	0.99999931 	0.59170486 	0.99999982 	0.99104153 	0.99085983 	0.99997787 	0.98677714 	0.99701075 	0.99999789 	0.67634997 	0.97822669 	0.99999592 	0.99999993 	
0.99934434 	0.99999981 	0.99999996 	0.99999931 	0.59170486 	0.99999982 	0.99104153 	0.99085983 	0.99997787 	0.98677714 	0.99701075 	0.99999789 	0.67634997 	0.97822669 	0.99999592 	0.99999993 	
0.99934434 	0.99999981 	0.99999996 	0.99999931 	0.59170486 	0.99999982 	0.99104153 	0.99085983 	0.99997787 	0.98677714 	0.99701075 	0.99999789 	0.67634997 	0.97822669 	0.99999592 	0.99999993 	
0.99934434 	0.99999981 	0.99999996 	0.99999931 	0.59170486 	0.99999982 	0.99104153 	0.99085983 	0.99997787 	0.98677714 	0.99701075 	0.99999789 	0.67634997 	0.97822669 	0.99999592 	0.99999993 	
0.99934434 	0.99999981 	0.99999996 	0.99999931 	0.59170486 	0.99999982 	0.99104153 	0.99085983 	0.99997787 	0.98677714 	0.99701075 	0.99999789 	0.67634997 	0.97822669 	0.99999592 	0.99999993 	
0.99934434 	0.99999981 	0.99999996 	0.99999931 	0.59170486 	0.99999982 	0.99104153 	0.99085983 	0.99997787 	0.98677714 	0.99701075 	0.99999789 	0.67634997 	0.97822669 	0.99999592 	0.99999993 	
0.99934434 	0.99999981 	0.99999996 	0.99999931 	0.59170486 	0.99999982 	0.99104153 	0.99085983 	0.99997787 	0.98677714 	0.99701075 	0.99999789 	0.67634997 	0.97822669 	0.99999592 	0.99999993 	
0.99934434 	0.99999981 	0.99999996 	0.99999931 	0.59153941 	0.99999982 	0.99104153 	0.99085983 	0.99997787 	0.98677714 	0.99701075 	0.99999789 	0.67634997 	0.97822669 	0.99999592 	0.99999993 	
0.99934434 	0.99999981 	0.99999996 	0.99999931 	0.59153941 	0.99999982 	0.99104153 	0.99085983 	0.99997787 	0.98677714 	0.99701075 	0.99999789 	0.67634997 	0.97822669 	0.99999592 	0.99999993 	
0.99934434 	0.99999981 	0.99999996 	0.99999931 	0.59153941 	0.99999982 	0.99104153 	0.99085983 	0.99997787 	0.98677714 	0.99701075 	0.99999789 	0.67634997 	0.97822669 	0.99999592 	0.99999993 	
0.99934434 	0.99999981 	0.99999996 	0.99999931 	0.59153941 	0.99999982 	0.99104153 	0.99083015 	0.99997787 	0.98677714 	0.99701075 	0.99999789 	0.67634997 	0.97822669 	0.99999592 	0.99999993 	
0.99934434 	0.99999981 	0.99999996 	0.99999931 	0.59153941 	0.99999982 	0.99104153 	0.99083015 	0.99999593 	0.98677714 	0.99701075 	0.99999789 	0.67634997 	0.97822669 	0.99999592 	0.99999993 	
0.99934434 	0.99999981 	0.99999996 	0.99999931 	0.59153941 	0.99999982 	0.99104153 	0.99083015 	0.99999593 	0.98677714 	0.99701075 	0.99999789 	0.67634997 	0.97822669 	0.99999592 	0.99999993 	
0.99934434 	0.99999981 	0.99999996 	0.99999931 	0.59153941 	0.99999982 	0.99104153 	0.99083015 	0.99999593 	0.98677714 	0.99701075 	0.99999789 	0.67634997 	0.97822669 	0.99999592 	0.99999993 	
0.99934434 	0.99999981 	0.99999996 	0.99999931 	0.59153941 	0.99999982 	0.99104153 	0.99083015 	0.99999593 	0.98677714 	0.99701075 	0.99999789 	0.67634997 	0.97822669 	0.99999592 	0.99999993 	
0.99934434 	0.99999981 	0.99999996 	0.99999931 	0.59153941 	0.99999982 	0.99104153 	0.99083015 	0.99999593 	0.98677714 	0.99701075 	0.99999789 	0.67634997 	0.97822669 	0.99999592 	0.99999993 	
0.99934434 	0.99999981 	0.99999996 	0.99999931 	0.59153941 	0.99999982 	0.99104153 	0.99083015 	0.99999593 	0.98677714 	0.99701075 	0.99999789 	0.67634997 	0.97864347 	0.99999592 	0.99999993 	
0.99934434 	0.99999981 	0.99999996 	0.99999931 	0.59153941 	0.99999982 	0.99104153 	0.99083015 	0.99999593 	0.98677714 	0.99701075 	0.99999789 	0.67634997 	0.97864347 	0.99999592 	0.99999993 	
0.99934434 	0.99999981 	0.99999996 	0.99999931 	0.59153941 	0.99999982 	0.99104153 	0.99083015 	0.99999593 	0.98677714 	0.99701075 	0.99999789 	0.67634997 	0.97864347 	0.99999592 	0.99999993 	
0.99930661 	0.99999981 	0.99999996 	0.99999931 	0.59153941 	0.99999982 	0.99104153 	0.99083015 	0.99999593 	0.98677714 	0.99701075 	0.99999789 	0.67634997 	0.97864347 	0.99999592 	0.99999993 	
0.99930661 	0.99999981 	0.99999996 	0.99999931 	0.59153941 	0.99999982 	0.99104153 	0.99083015 	0.99999593 	0.98677714 	0.99701075 	0.99999789 	0.67634997 	0.97864347 	0.99999592 	0.99999993 	
0.99930661 	0.99999981 	0.99999996 	0.99999931 	0.59153941 	0.99999982 	0.99104153 	0.99083015 	0.99999593 	0.98677714 	0.99701075 	0.99999789 	0.67634997 	0.97864347 	0.99999592 	0.99999993 	
0.99930661 	0.99999981 	0.99999996 	0.99999931 	0.59153941 	0.99999982 	0.99104153 	0.99083015 	0.99999593 	0.98677714 	0.99701075 	0.99999789 	0.67634997 	0.97864347 	0.99999592 	0.99999993 	
0.99930661 	0.99999981 	0.99999996 	0.99999931 	0.59153941 	0.99999982 	0.99104153 	0.99083015 	0.99999593 	0.98677714 	0.99701075 	0.99999789 	0.67634997 	0.97864347 	0.99999592 	0.99999993 	
0.99930661 	0.99999981 	0.99999996 	0.99999931 	0.59153941 	0.99999982 	0.99104153 	0.99083015 	0.99999593 	0.98677714 	0.99701075 	0.99999789 	0.67634997 	0.97864347 	0.99999592 	0.99999993 	
0.99930661 	0.99999981 	0.99999996 	0.99999931 	0.59153941 	0.99999982 	0.99104153 	0.99083015 	0.99999593 	0.98677714 	0.99701075 	0.99999789 	0.67634997 	0.97864347 	0.99999592 	0.99999993 	
0.99930661 	0.99999981 	0.99999996 	0.99999931 	0.59153941 	0.99999982 	0.99104153 	0.99082043 	0.99999593 	0.98677714 	0.99701075 	0.99999789 	0.67634997 	0.97864347 	0.99999592 	0.99999993 	
0.99930661 	0.99999981 	0.99999996 	0.99999931 	0.59153941 	0.99999982 	0.99104153 	0.99082043 	0.99999593 	0.98677714 	0.99701075 	0.99999789 	0.67634997 	0.97864347 	0.99999592 	0.99999993 	
0.99930661 	0.99999981 	0.99999996 	0.99999931 	0.59153941 	0.99999982 	0.99104153 	0.99082043 	0.99999593 	0.98677714 	0.99701075 	0.99999789 	0.67634997 	0.97864347 	0.99999592 	0.99999993 	
0.99930661 	0.99999981 	0.99999996 	0.99999931 	0.59153941 	0.99999982 	0.99104153 	0.99082043 	0.99999593 	0.98677714 	0.99701075 	0.99999789 	0.67634997 	0.97864347 	0.99999592 	0.99999993 	
0.99930661 	0.99999981 	0.99999996 	0.99999931 	0.59153941 	0.99999982 	0.99104153 	0.99082043 	0.99999593 	0.98677714 	0.99701075 	0.99999789 	0.67634997 	0.97864347 	0.99999592 	0.99999993 	
0.99930661 	0.99999981 	0.99999996 	0.99999931 	0.59153941 	0.99999982 	0.99104153 	0.99082043 	0.99999593 	0.98677714 	0.99701075 	0.99999789 	0.67634997 	0.97864347 	0.99999592 	0.99999993 	
0.99930661 	0.99999981 	0.99999996 	0.99999931 	0.59153941 	0.99999982 	0.99104153 	0.99082043 	0.99999593 	0.98677714 	0.99701075 	0.99999789 	0.67634997 	0.97864347 	0.99999592 	0.99999993 	
0.99930661 	0.99999981 	0.99999996 	0.99999931 	0.59153941 	0.99999982 	0.99104153 	0.99082043 	0.99999593 	0.98677714 	0.99701075 	0.99999789 	0.67634997 	0.97864347 	0.99999592 	0.99999993 	
0.99930661 	0.99999981 	0.99999996 	0.99999931 	0.59153941 	0.99999982 	0.99104153 	0.99082043 	0.99999593 	0.98677714 	0.99701075 	0.99999789 	0.67634997 	0.97864347 	0.99999592 	0.99999993 	
0.99930661 	0.99999981 	0.99999996 	0.99999931 	0.59153941 	0.99999982 	0.99104153 	0.99082043 	0.99999593 	0.98677714 	0.99701075 	0.99999789 	0.67634997 	0.97864347 	0.99999592 	0.99999993 	
0.99930661 	0.99999981 	0.99999996 	0.99999931 	0.59153941 	0.99999982 	0.99104153 	0.99082043 	0.99999593 	0.98677714 	0.99701075 	0.99999789 	0.67634997 	0.97864347 	0.99999592 	0.99999993 	
0.99930661 	0.99999981 	0.99999996 	0.99999931 	0.59153941 	0.99999982 	0.99104153 	0.99082043 	0.99999593 	0.98677714 	0.99701075 	0.99999789 	0.67634997 	0.97864347 	0.99999592 	0.99999993 	
0.99930661 	0.99999981 	0.99999996 	0.99999931 	0.59153941 	0.99999982 	0.99104153 	0.99082043 	0.99999593 	0.98677714 	0.99701075 	0.99999789 	0.67634997 	0.97864347 	0.99999592 	0.99999993 	
0.99930661 	0.99999981 	0.99999996 	0.99999931 	0.59153941 	0.99999982 	0.99104153 	0.99082043 	0.99999593 	0.98677714 	0.99701075 	0.99999789 	0.67634997 	0.97864347 	0.99999592 	0.99999993 	
0.99930661 	0.99999981 	0.99999996 	0.99999931 	0.59153941 	0.99999982 	0.99104153 	0.99082043 	0.99999593 	0.98677714 	0.99701075 	0.99999789 	0.67634997 	0.97864347 	0.99999592 	0.99999993 	
0.99930661 	0.99999981 	0.99999996 	0.99999931 	0.59153941 	0.99999982 	0.99104153 	0.99082043 	0.99999593 	0.98677714 	0.99701075 	0.99999789 	0.67634997 	0.97864347 	0.99999592 	0.99999993 	
0.99930661 	0.99999981 	0.99999996 	0.99999931 	0.59153941 	0.99999982 	0.99104153 	0.99081575 	0.99999593 	0.98677714 	0.99701075 	0.99999789 	0.67634997 	0.97864347 	0.99999592 	0.99999993 	
0.99930661 	0.99999981 	0.99999996 	0.99999931 	0.59153941 	0.99999982 	0.99104153 	0.99081575 	0.99999593 	0.98677714 	0.99701075 	0.99999789 	0.67634997 	0.97864347 	0.99999592 	0.99999993 	
0.99930661 	0.99999981 	0.99999996 	0.99999931 	0.59153941 	0.99999982 	0.99104153 	0.99081575 	0.99999593 	0.98677714 	0.99701075 	0.99999789 	0.67634997 	0.97864347 	0.99999592 	0.99999993 	
0.99930661 	0.99999981 	0.99999996 	0.99999931 	0.59153941 	0.99999982 	0.99104153 	0.99081575 	0.99999593 	0.98677714 	0.99725024 	0.99999789 	0.67634997 	0.97864347 	0.99999592 	0.99999993 	
0.99930661 	0.99999981 	0.99999996 	0.99999931 	0.59153941 	0.99999982 	0.99104153 	0.99081575 	0.99999593 	0.98677714 	0.99725024 	0.99999789 	0.67634997 	0.97864347 	0.99999592 	0.99999993 	
0.99930661 	0.99999981 	0.99999996 	0.99999931 	0.59153941 	0.99999982 	0.99104153 	0.99081575 	0.99999593 	0.98677714 	0.99725024 	0.99999789 	0.67643222 	0.97864347 	0.99999592 	0.99999993 	
0.99930661 	0.99999981 	0.99999996 	0.99999931 	0.59153941 	0.99999982 	0.99104153 	0.99081575 	0.99999593 	0.98677714 	0.99725024 	0.99999789 	0.67643222 	0.97864347 	0.99999592 	0.99999993 	
0.99930661 	0.99999981 	0.99999996 	0.99999931 	0.59153941 	0.99999982 	0.99104153 	0.99081575 	0.99999593 	0.98677714 	0.99725024 	0.99999789 	0.67643222 	0.97864347 	0.99999592 	0.99999993 	
0.99930661 	0.99999981 	0.99999996 	0.99999931 	0.59153941 	0.99999982 	0.99104153 	0.99081575 	0.99999593 	0.98677714 	0.99725024 	0.99999789 	0.67643222 	0.97864347 	0.99999592 	0.99999993 	
