0.61856631 	0.09408463 	0.77541305 	0.98847009 	0.83871954 	0.31617170 	0.92775205 	0.77856906 	0.62203135 	0.66904181 	0.13182040 	0.87213359 	0.49844603 	0.65518247 	0.08894419 	0.85673290 	
0.61856631 	0.98540071 	0.77541305 	0.98847009 	0.83871954 	0.31617170 	0.92775205 	0.77856906 	0.62203135 	0.66904181 	0.13182040 	0.87213359 	0.49844603 	0.65518247 	0.08894419 	0.85673290 	
0.61856631 	0.98540071 	0.98034814 	0.98847009 	0.83871954 	0.31617170 	0.92775205 	0.77856906 	0.62203135 	0.66904181 	0.13182040 	0.87213359 	0.49844603 	0.65518247 	0.08894419 	0.85673290 	
0.61856631 	0.98540071 	0.98034814 	0.98847009 	0.83871954 	0.31617170 	0.92775205 	0.77856906 	0.62203135 	0.66904181 	0.13182040 	0.87213359 	0.49844603 	0.65518247 	0.08894419 	0.85673290 	
0.61856631 	0.98540071 	0.98034814 	0.98847009 	0.90618858 	0.31617170 	0.92775205 	0.77856906 	0.62203135 	0.66904181 	0.13182040 	0.87213359 	0.49844603 	0.65518247 	0.08894419 	0.85673290 	
0.61856631 	0.98540071 	0.98034814 	0.98847009 	0.90618858 	0.96636109 	0.92775205 	0.77856906 	0.62203135 	0.66904181 	0.13182040 	0.87213359 	0.49844603 	0.65518247 	0.08894419 	0.85673290 	
0.61856631 	0.98540071 	0.98034814 	0.98847009 	0.90618858 	0.96636109 	0.98826900 	0.77856906 	0.62203135 	0.66904181 	0.13182040 	0.87213359 	0.49844603 	0.65518247 	0.08894419 	0.85673290 	
0.61856631 	0.98540071 	0.98034814 	0.98847009 	0.90618858 	0.96636109 	0.98826900 	0.99786393 	0.62203135 	0.66904181 	0.13182040 	0.87213359 	0.49844603 	0.65518247 	0.08894419 	0.85673290 	
0.61856631 	0.98540071 	0.98034814 	0.98847009 	0.90618858 	0.96636109 	0.98826900 	0.99786393 	0.98829928 	0.66904181 	0.13182040 	0.87213359 	0.49844603 	0.65518247 	0.08894419 	0.85673290 	
0.61856631 	0.98540071 	0.98034814 	0.98847009 	0.90618858 	0.96636109 	0.98826900 	0.99786393 	0.98829928 	0.99612837 	0.13182040 	0.87213359 	0.49844603 	0.65518247 	0.08894419 	0.85673290 	
0.61856631 	0.98540071 	0.98034814 	0.98847009 	0.90618858 	0.96636109 	0.98826900 	0.99786393 	0.98829928 	0.99612837 	0.79761727 	0.87213359 	0.49844603 	0.65518247 	0.08894419 	0.85673290 	
0.61856631 	0.98540071 	0.98034814 	0.98847009 	0.90618858 	0.96636109 	0.98826900 	0.99786393 	0.98829928 	0.99612837 	0.79761727 	0.99072285 	0.49844603 	0.65518247 	0.08894419 	0.85673290 	
0.61856631 	0.98540071 	0.98034814 	0.98847009 	0.90618858 	0.96636109 	0.98826900 	0.99786393 	0.98829928 	0.99612837 	0.79761727 	0.99072285 	0.66162500 	0.65518247 	0.08894419 	0.85673290 	
0.61856631 	0.98540071 	0.98034814 	0.98847009 	0.90618858 	0.96636109 	0.98826900 	0.99786393 	0.98829928 	0.99612837 	0.79761727 	0.99072285 	0.66162500 	0.98593721 	0.08894419 	0.85673290 	
0.61856631 	0.98540071 	0.98034814 	0.98847009 	0.90618858 	0.96636109 	0.98826900 	0.99786393 	0.98829928 	0.99612837 	0.79761727 	0.99072285 	0.66162500 	0.98593721 	0.85936024 	0.85673290 	
0.61856631 	0.98540071 	0.98034814 	0.98847009 	0.90618858 	0.96636109 	0.98826900 	0.99786393 	0.98829928 	0.99612837 	0.79761727 	0.99072285 	0.66162500 	0.98593721 	0.85936024 	0.93555074 	
0.66535768 	0.98540071 	0.98034814 	0.98847009 	0.90618858 	0.96636109 	0.98826900 	0.99786393 	0.98829928 	0.99612837 	0.79761727 	0.99072285 	0.66162500 	0.98593721 	0.85936024 	0.93555074 	
0.66535768 	0.98540071 	0.98034814 	0.98847009 	0.90618858 	0.96636109 	0.98826900 	0.99786393 	0.98829928 	0.99612837 	0.79761727 	0.99072285 	0.66162500 	0.98593721 	0.85936024 	0.93555074 	
0.66535768 	0.98540071 	0.98034814 	0.98847009 	0.90618858 	0.96636109 	0.98826900 	0.99786393 	0.98829928 	0.99612837 	0.79761727 	0.99072285 	0.66162500 	0.98593721 	0.85936024 	0.93555074 	
0.66535768 	0.98540071 	0.98034814 	0.98847009 	0.90618858 	0.96636109 	0.98826900 	0.99786393 	0.98829928 	0.99612837 	0.79761727 	0.99072285 	0.66162500 	0.98593721 	0.85936024 	0.93555074 	
0.66535768 	0.98540071 	0.98034814 	0.98847009 	0.64223357 	0.96636109 	0.98826900 	0.99786393 	0.98829928 	0.99612837 	0.79761727 	0.99072285 	0.66162500 	0.98593721 	0.85936024 	0.93555074 	
0.66535768 	0.98540071 	0.98034814 	0.98847009 	0.64223357 	0.96636109 	0.98826900 	0.99786393 	0.98829928 	0.99612837 	0.79761727 	0.99072285 	0.66162500 	0.98593721 	0.85936024 	0.93555074 	
0.66535768 	0.98540071 	0.98034814 	0.98847009 	0.64223357 	0.96636109 	0.98826900 	0.99786393 	0.98829928 	0.99612837 	0.79761727 	0.99072285 	0.66162500 	0.98593721 	0.85936024 	0.93555074 	
0.66535768 	0.98540071 	0.98034814 	0.98847009 	0.64223357 	0.96636109 	0.98826900 	0.99786393 	0.98829928 	0.99612837 	0.79761727 	0.99072285 	0.66162500 	0.98593721 	0.85936024 	0.93555074 	
0.66535768 	0.98540071 	0.98034814 	0.98847009 	0.64223357 	0.96636109 	0.98826900 	0.99786393 	0.98829928 	0.99612837 	0.79761727 	0.99072285 	0.66162500 	0.98593721 	0.85936024 	0.93555074 	
0.66535768 	0.98540071 	0.98034814 	0.98847009 	0.64223357 	0.96636109 	0.98826900 	0.99786393 	0.98829928 	0.99612837 	0.79761727 	0.99072285 	0.66162500 	0.98593721 	0.85936024 	0.93555074 	
0.66535768 	0.98540071 	0.98034814 	0.98847009 	0.64223357 	0.96636109 	0.98826900 	0.99786393 	0.98829928 	0.99612837 	0.95970044 	0.99072285 	0.66162500 	0.98593721 	0.85936024 	0.93555074 	
0.66535768 	0.98540071 	0.98034814 	0.98847009 	0.64223357 	0.96636109 	0.98826900 	0.99786393 	0.98829928 	0.99612837 	0.95970044 	0.99747888 	0.66162500 	0.98593721 	0.85936024 	0.93555074 	
0.66535768 	0.98540071 	0.98034814 	0.98847009 	0.64223357 	0.96636109 	0.98826900 	0.99786393 	0.98829928 	0.99612837 	0.95970044 	0.99747888 	0.75198015 	0.98593721 	0.85936024 	0.93555074 	
0.66535768 	0.98540071 	0.98034814 	0.98847009 	0.64223357 	0.96636109 	0.98826900 	0.99786393 	0.98829928 	0.99612837 	0.95970044 	0.99747888 	0.75198015 	0.99091309 	0.85936024 	0.93555074 	
0.66535768 	0.98540071 	0.98034814 	0.98847009 	0.64223357 	0.96636109 	0.98826900 	0.99786393 	0.98829928 	0.99612837 	0.95970044 	0.99747888 	0.75198015 	0.99091309 	0.88271051 	0.93555074 	
0.66535768 	0.98540071 	0.98034814 	0.98847009 	0.64223357 	0.96636109 	0.98826900 	0.99786393 	0.98829928 	0.99612837 	0.95970044 	0.99747888 	0.75198015 	0.99091309 	0.88271051 	0.99762664 	
0.66535768 	0.98540071 	0.98034814 	0.98847009 	0.64223357 	0.96636109 	0.98826900 	0.99786393 	0.98829928 	0.99612837 	0.95970044 	0.99747888 	0.75198015 	0.99091309 	0.88271051 	0.99762664 	
0.66535768 	0.98687799 	0.98034814 	0.98847009 	0.64223357 	0.96636109 	0.98826900 	0.99786393 	0.98829928 	0.99612837 	0.95970044 	0.99747888 	0.75198015 	0.99091309 	0.88271051 	0.99762664 	
0.66535768 	0.98687799 	0.98034814 	0.98847009 	0.64223357 	0.96636109 	0.98826900 	0.99786393 	0.98829928 	0.99612837 	0.95970044 	0.99747888 	0.75198015 	0.99091309 	0.88271051 	0.99762664 	
0.66535768 	0.98687799 	0.98034814 	0.99458996 	0.64223357 	0.96636109 	0.98826900 	0.99786393 	0.98829928 	0.99612837 	0.95970044 	0.99747888 	0.75198015 	0.99091309 	0.88271051 	0.99762664 	
0.66535768 	0.98687799 	0.98034814 	0.99458996 	0.60322285 	0.96636109 	0.98826900 	0.99786393 	0.98829928 	0.99612837 	0.95970044 	0.99747888 	0.75198015 	0.99091309 	0.88271051 	0.99762664 	
0.66535768 	0.98687799 	0.98034814 	0.99458996 	0.60322285 	0.98515657 	0.98826900 	0.99786393 	0.98829928 	0.99612837 	0.95970044 	0.99747888 	0.75198015 	0.99091309 	0.88271051 	0.99762664 	
0.66535768 	0.98687799 	0.98034814 	0.99458996 	0.60322285 	0.98515657 	0.99236048 	0.99786393 	0.98829928 	0.99612837 	0.95970044 	0.99747888 	0.75198015 	0.99091309 	0.88271051 	0.99762664 	
0.66535768 	0.98687799 	0.98034814 	0.99458996 	0.60322285 	0.98515657 	0.99236048 	0.98055848 	0.98829928 	0.99612837 	0.95970044 	0.99747888 	0.75198015 	0.99091309 	0.88271051 	0.99762664 	
0.66535768 	0.98687799 	0.98034814 	0.99458996 	0.60322285 	0.98515657 	0.99236048 	0.98055848 	0.98829928 	0.99612837 	0.95970044 	0.99747888 	0.75198015 	0.99091309 	0.88271051 	0.99762664 	
0.66535768 	0.98687799 	0.98034814 	0.99458996 	0.60322285 	0.98515657 	0.99236048 	0.98055848 	0.98829928 	0.99652481 	0.95970044 	0.99747888 	0.75198015 	0.99091309 	0.88271051 	0.99762664 	
0.66535768 	0.98687799 	0.98034814 	0.99458996 	0.60322285 	0.98515657 	0.99236048 	0.98055848 	0.98829928 	0.99652481 	0.98482016 	0.99747888 	0.75198015 	0.99091309 	0.88271051 	0.99762664 	
0.66535768 	0.98687799 	0.98034814 	0.99458996 	0.60322285 	0.98515657 	0.99236048 	0.98055848 	0.98829928 	0.99652481 	0.98482016 	0.99763779 	0.75198015 	0.99091309 	0.88271051 	0.99762664 	
0.66535768 	0.98687799 	0.98034814 	0.99458996 	0.60322285 	0.98515657 	0.99236048 	0.98055848 	0.98829928 	0.99652481 	0.98482016 	0.99763779 	0.75198015 	0.99091309 	0.88271051 	0.99762664 	
0.66535768 	0.98687799 	0.98034814 	0.99458996 	0.60322285 	0.98515657 	0.99236048 	0.98055848 	0.98829928 	0.99652481 	0.98482016 	0.99763779 	0.75198015 	0.99091309 	0.88271051 	0.99762664 	
0.66535768 	0.98687799 	0.98034814 	0.99458996 	0.60322285 	0.98515657 	0.99236048 	0.98055848 	0.98829928 	0.99652481 	0.98482016 	0.99763779 	0.75198015 	0.99091309 	0.88334346 	0.99762664 	
0.66535768 	0.98687799 	0.98034814 	0.99458996 	0.60322285 	0.98515657 	0.99236048 	0.98055848 	0.98829928 	0.99652481 	0.98482016 	0.99763779 	0.75198015 	0.99091309 	0.88334346 	0.99829051 	
0.66535768 	0.98687799 	0.98034814 	0.99458996 	0.60322285 	0.98515657 	0.99236048 	0.98055848 	0.98829928 	0.99652481 	0.98482016 	0.99763779 	0.75198015 	0.99091309 	0.88334346 	0.99829051 	
0.66535768 	0.99296084 	0.98034814 	0.99458996 	0.60322285 	0.98515657 	0.99236048 	0.98055848 	0.98829928 	0.99652481 	0.98482016 	0.99763779 	0.75198015 	0.99091309 	0.88334346 	0.99829051 	
0.66535768 	0.99296084 	0.98460636 	0.99458996 	0.60322285 	0.98515657 	0.99236048 	0.98055848 	0.98829928 	0.99652481 	0.98482016 	0.99763779 	0.75198015 	0.99091309 	0.88334346 	0.99829051 	
0.66535768 	0.99296084 	0.98460636 	0.99903837 	0.60322285 	0.98515657 	0.99236048 	0.98055848 	0.98829928 	0.99652481 	0.98482016 	0.99763779 	0.75198015 	0.99091309 	0.88334346 	0.99829051 	
0.66535768 	0.99296084 	0.98460636 	0.99903837 	0.60319871 	0.98515657 	0.99236048 	0.98055848 	0.98829928 	0.99652481 	0.98482016 	0.99763779 	0.75198015 	0.99091309 	0.88334346 	0.99829051 	
0.66535768 	0.99296084 	0.98460636 	0.99903837 	0.60319871 	0.98515657 	0.99236048 	0.98055848 	0.98829928 	0.99652481 	0.98482016 	0.99763779 	0.75198015 	0.99091309 	0.88334346 	0.99829051 	
0.66535768 	0.99296084 	0.98460636 	0.99903837 	0.60319871 	0.98515657 	0.99236048 	0.98055848 	0.98829928 	0.99652481 	0.98482016 	0.99763779 	0.75198015 	0.99091309 	0.88334346 	0.99829051 	
0.66535768 	0.99296084 	0.98460636 	0.99903837 	0.60319871 	0.98515657 	0.99236048 	0.98083639 	0.98829928 	0.99652481 	0.98482016 	0.99763779 	0.75198015 	0.99091309 	0.88334346 	0.99829051 	
0.66535768 	0.99296084 	0.98460636 	0.99903837 	0.60319871 	0.98515657 	0.99236048 	0.98083639 	0.98840614 	0.99652481 	0.98482016 	0.99763779 	0.75198015 	0.99091309 	0.88334346 	0.99829051 	
0.66535768 	0.99296084 	0.98460636 	0.99903837 	0.60319871 	0.98515657 	0.99236048 	0.98083639 	0.98840614 	0.99924152 	0.98482016 	0.99763779 	0.75198015 	0.99091309 	0.88334346 	0.99829051 	
0.66535768 	0.99296084 	0.98460636 	0.99903837 	0.60319871 	0.98515657 	0.99236048 	0.98083639 	0.98840614 	0.99924152 	0.98482016 	0.99763779 	0.75198015 	0.99091309 	0.88334346 	0.99829051 	
0.66535768 	0.99296084 	0.98460636 	0.99903837 	0.60319871 	0.98515657 	0.99236048 	0.98083639 	0.98840614 	0.99924152 	0.98482016 	0.99768980 	0.75198015 	0.99091309 	0.88334346 	0.99829051 	
0.66535768 	0.99296084 	0.98460636 	0.99903837 	0.60319871 	0.98515657 	0.99236048 	0.98083639 	0.98840614 	0.99924152 	0.98482016 	0.99768980 	0.75198015 	0.99091309 	0.88334346 	0.99829051 	
0.66535768 	0.99296084 	0.98460636 	0.99903837 	0.60319871 	0.98515657 	0.99236048 	0.98083639 	0.98840614 	0.99924152 	0.98482016 	0.99768980 	0.75198015 	0.99234588 	0.88334346 	0.99829051 	
0.66535768 	0.99296084 	0.98460636 	0.99903837 	0.60319871 	0.98515657 	0.99236048 	0.98083639 	0.98840614 	0.99924152 	0.98482016 	0.99768980 	0.75198015 	0.99234588 	0.88533217 	0.99829051 	
0.66535768 	0.99296084 	0.98460636 	0.99903837 	0.60319871 	0.98515657 	0.99236048 	0.98083639 	0.98840614 	0.99924152 	0.98482016 	0.99768980 	0.75198015 	0.99234588 	0.88533217 	0.99762664 	
0.78390318 	0.99296084 	0.98460636 	0.99903837 	0.60319871 	0.98515657 	0.99236048 	0.98083639 	0.98840614 	0.99924152 	0.98482016 	0.99768980 	0.75198015 	0.99234588 	0.88533217 	0.99762664 	
0.78390318 	0.99339785 	0.98460636 	0.99903837 	0.60319871 	0.98515657 	0.99236048 	0.98083639 	0.98840614 	0.99924152 	0.98482016 	0.99768980 	0.75198015 	0.99234588 	0.88533217 	0.99762664 	
0.78390318 	0.99339785 	0.98638262 	0.99903837 	0.60319871 	0.98515657 	0.99236048 	0.98083639 	0.98840614 	0.99924152 	0.98482016 	0.99768980 	0.75198015 	0.99234588 	0.88533217 	0.99762664 	
0.78390318 	0.99339785 	0.98638262 	0.99903837 	0.60319871 	0.98515657 	0.99236048 	0.98083639 	0.98840614 	0.99924152 	0.98482016 	0.99768980 	0.75198015 	0.99234588 	0.88533217 	0.99762664 	
0.78390318 	0.99339785 	0.98638262 	0.99903837 	0.57917678 	0.98515657 	0.99236048 	0.98083639 	0.98840614 	0.99924152 	0.98482016 	0.99768980 	0.75198015 	0.99234588 	0.88533217 	0.99762664 	
0.78390318 	0.99339785 	0.98638262 	0.99903837 	0.57917678 	0.99946739 	0.99236048 	0.98083639 	0.98840614 	0.99924152 	0.98482016 	0.99768980 	0.75198015 	0.99234588 	0.88533217 	0.99762664 	
0.78390318 	0.99339785 	0.98638262 	0.99903837 	0.57917678 	0.99946739 	0.99324729 	0.98083639 	0.98840614 	0.99924152 	0.98482016 	0.99768980 	0.75198015 	0.99234588 	0.88533217 	0.99762664 	
0.78390318 	0.99339785 	0.98638262 	0.99903837 	0.57917678 	0.99946739 	0.99324729 	0.98660818 	0.98840614 	0.99924152 	0.98482016 	0.99768980 	0.75198015 	0.99234588 	0.88533217 	0.99762664 	
0.78390318 	0.99339785 	0.98638262 	0.99903837 	0.57917678 	0.99946739 	0.99324729 	0.98660818 	0.99128415 	0.99924152 	0.98482016 	0.99768980 	0.75198015 	0.99234588 	0.88533217 	0.99762664 	
0.78390318 	0.99339785 	0.98638262 	0.99903837 	0.57917678 	0.99946739 	0.99324729 	0.98660818 	0.99128415 	0.99958234 	0.98482016 	0.99768980 	0.75198015 	0.99234588 	0.88533217 	0.99762664 	
0.78390318 	0.99339785 	0.98638262 	0.99903837 	0.57917678 	0.99946739 	0.99324729 	0.98660818 	0.99128415 	0.99958234 	0.99128347 	0.99768980 	0.75198015 	0.99234588 	0.88533217 	0.99762664 	
0.78390318 	0.99339785 	0.98638262 	0.99903837 	0.57917678 	0.99946739 	0.99324729 	0.98660818 	0.99128415 	0.99958234 	0.99128347 	0.99892437 	0.75198015 	0.99234588 	0.88533217 	0.99762664 	
0.78390318 	0.99339785 	0.98638262 	0.99903837 	0.57917678 	0.99946739 	0.99324729 	0.98660818 	0.99128415 	0.99958234 	0.99128347 	0.99892437 	0.72698767 	0.99234588 	0.88533217 	0.99762664 	
0.78390318 	0.99339785 	0.98638262 	0.99903837 	0.57917678 	0.99946739 	0.99324729 	0.98660818 	0.99128415 	0.99958234 	0.99128347 	0.99892437 	0.72698767 	0.99289287 	0.88533217 	0.99762664 	
0.78390318 	0.99339785 	0.98638262 	0.99903837 	0.57917678 	0.99946739 	0.99324729 	0.98660818 	0.99128415 	0.99958234 	0.99128347 	0.99892437 	0.72698767 	0.99289287 	0.94638147 	0.99762664 	
0.78390318 	0.99339785 	0.98638262 	0.99903837 	0.57917678 	0.99946739 	0.99324729 	0.98660818 	0.99128415 	0.99958234 	0.99128347 	0.99892437 	0.72698767 	0.99289287 	0.94638147 	0.99829051 	
0.79015546 	0.99339785 	0.98638262 	0.99903837 	0.57917678 	0.99946739 	0.99324729 	0.98660818 	0.99128415 	0.99958234 	0.99128347 	0.99892437 	0.72698767 	0.99289287 	0.94638147 	0.99829051 	
0.79015546 	0.99581950 	0.98638262 	0.99903837 	0.57917678 	0.99946739 	0.99324729 	0.98660818 	0.99128415 	0.99958234 	0.99128347 	0.99892437 	0.72698767 	0.99289287 	0.94638147 	0.99829051 	
0.79015546 	0.99581950 	0.99993156 	0.99903837 	0.57917678 	0.99946739 	0.99324729 	0.98660818 	0.99128415 	0.99958234 	0.99128347 	0.99892437 	0.72698767 	0.99289287 	0.94638147 	0.99829051 	
0.79015546 	0.99581950 	0.99993156 	0.99903837 	0.57917678 	0.99946739 	0.99324729 	0.98660818 	0.99128415 	0.99958234 	0.99128347 	0.99892437 	0.72698767 	0.99289287 	0.94638147 	0.99829051 	
0.79015546 	0.99581950 	0.99993156 	0.99903837 	0.59766047 	0.99946739 	0.99324729 	0.98660818 	0.99128415 	0.99958234 	0.99128347 	0.99892437 	0.72698767 	0.99289287 	0.94638147 	0.99829051 	
0.79015546 	0.99581950 	0.99993156 	0.99903837 	0.59766047 	0.99954816 	0.99324729 	0.98660818 	0.99128415 	0.99958234 	0.99128347 	0.99892437 	0.72698767 	0.99289287 	0.94638147 	0.99829051 	
0.79015546 	0.99581950 	0.99993156 	0.99903837 	0.59766047 	0.99954816 	0.99572334 	0.98660818 	0.99128415 	0.99958234 	0.99128347 	0.99892437 	0.72698767 	0.99289287 	0.94638147 	0.99829051 	
0.79015546 	0.99581950 	0.99993156 	0.99903837 	0.59766047 	0.99954816 	0.99572334 	0.98660818 	0.99128415 	0.99958234 	0.99128347 	0.99892437 	0.72698767 	0.99289287 	0.94638147 	0.99829051 	
0.79015546 	0.99581950 	0.99993156 	0.99903837 	0.59766047 	0.99954816 	0.99572334 	0.98660818 	0.99128415 	0.99958234 	0.99128347 	0.99892437 	0.72698767 	0.99289287 	0.94638147 	0.99829051 	
0.79015546 	0.99581950 	0.99993156 	0.99903837 	0.59766047 	0.99954816 	0.99572334 	0.98660818 	0.99128415 	0.99769902 	0.99128347 	0.99892437 	0.72698767 	0.99289287 	0.94638147 	0.99829051 	
0.79015546 	0.99581950 	0.99993156 	0.99903837 	0.59766047 	0.99954816 	0.99572334 	0.98660818 	0.99128415 	0.99769902 	0.97892547 	0.99892437 	0.72698767 	0.99289287 	0.94638147 	0.99829051 	
0.79015546 	0.99581950 	0.99993156 	0.99903837 	0.59766047 	0.99954816 	0.99572334 	0.98660818 	0.99128415 	0.99769902 	0.97892547 	0.99914116 	0.72698767 	0.99289287 	0.94638147 	0.99829051 	
0.79015546 	0.99581950 	0.99993156 	0.99903837 	0.59766047 	0.99954816 	0.99572334 	0.98660818 	0.99128415 	0.99769902 	0.97892547 	0.99914116 	0.72340531 	0.99289287 	0.94638147 	0.99829051 	
0.79015546 	0.99581950 	0.99993156 	0.99903837 	0.59766047 	0.99954816 	0.99572334 	0.98660818 	0.99128415 	0.99769902 	0.97892547 	0.99914116 	0.72340531 	0.99933281 	0.94638147 	0.99829051 	
0.79015546 	0.99581950 	0.99993156 	0.99903837 	0.59766047 	0.99954816 	0.99572334 	0.98660818 	0.99128415 	0.99769902 	0.97892547 	0.99914116 	0.72340531 	0.99933281 	0.99350759 	0.99829051 	
0.79015546 	0.99581950 	0.99993156 	0.99903837 	0.59766047 	0.99954816 	0.99572334 	0.98660818 	0.99128415 	0.99769902 	0.97892547 	0.99914116 	0.72340531 	0.99933281 	0.99350759 	0.99579274 	
0.90169996 	0.99581950 	0.99993156 	0.99903837 	0.59766047 	0.99954816 	0.99572334 	0.98660818 	0.99128415 	0.99769902 	0.97892547 	0.99914116 	0.72340531 	0.99933281 	0.99350759 	0.99579274 	
0.90169996 	0.99911044 	0.99993156 	0.99903837 	0.59766047 	0.99954816 	0.99572334 	0.98660818 	0.99128415 	0.99769902 	0.97892547 	0.99914116 	0.72340531 	0.99933281 	0.99350759 	0.99579274 	
0.90169996 	0.99911044 	0.99993156 	0.99903837 	0.59766047 	0.99954816 	0.99572334 	0.98660818 	0.99128415 	0.99769902 	0.97892547 	0.99914116 	0.72340531 	0.99933281 	0.99350759 	0.99579274 	
0.90169996 	0.99911044 	0.99993156 	0.99903837 	0.59766047 	0.99954816 	0.99572334 	0.98660818 	0.99128415 	0.99769902 	0.97892547 	0.99914116 	0.72340531 	0.99933281 	0.99350759 	0.99579274 	
0.90169996 	0.99911044 	0.99993156 	0.99903837 	0.59322661 	0.99954816 	0.99572334 	0.98660818 	0.99128415 	0.99769902 	0.97892547 	0.99914116 	0.72340531 	0.99933281 	0.99350759 	0.99579274 	
0.90169996 	0.99911044 	0.99993156 	0.99903837 	0.59322661 	0.99968015 	0.99572334 	0.98660818 	0.99128415 	0.99769902 	0.97892547 	0.99914116 	0.72340531 	0.99933281 	0.99350759 	0.99579274 	
0.90169996 	0.99911044 	0.99993156 	0.99903837 	0.59322661 	0.99968015 	0.99750373 	0.98660818 	0.99128415 	0.99769902 	0.97892547 	0.99914116 	0.72340531 	0.99933281 	0.99350759 	0.99579274 	
0.90169996 	0.99911044 	0.99993156 	0.99903837 	0.59322661 	0.99968015 	0.99750373 	0.98660818 	0.99128415 	0.99769902 	0.97892547 	0.99914116 	0.72340531 	0.99933281 	0.99350759 	0.99579274 	
0.90169996 	0.99911044 	0.99993156 	0.99903837 	0.59322661 	0.99968015 	0.99750373 	0.98660818 	0.98417565 	0.99769902 	0.97892547 	0.99914116 	0.72340531 	0.99933281 	0.99350759 	0.99579274 	
0.90169996 	0.99911044 	0.99993156 	0.99903837 	0.59322661 	0.99968015 	0.99750373 	0.98660818 	0.98417565 	0.99456674 	0.97892547 	0.99914116 	0.72340531 	0.99933281 	0.99350759 	0.99579274 	
0.90169996 	0.99911044 	0.99993156 	0.99903837 	0.59322661 	0.99968015 	0.99750373 	0.98660818 	0.98417565 	0.99456674 	0.98337324 	0.99914116 	0.72340531 	0.99933281 	0.99350759 	0.99579274 	
0.90169996 	0.99911044 	0.99993156 	0.99903837 	0.59322661 	0.99968015 	0.99750373 	0.98660818 	0.98417565 	0.99456674 	0.98337324 	0.99914116 	0.72340531 	0.99933281 	0.99350759 	0.99579274 	
0.90169996 	0.99911044 	0.99993156 	0.99903837 	0.59322661 	0.99968015 	0.99750373 	0.98660818 	0.98417565 	0.99456674 	0.98337324 	0.99914116 	0.71172627 	0.99933281 	0.99350759 	0.99579274 	
0.90169996 	0.99911044 	0.99993156 	0.99903837 	0.59322661 	0.99968015 	0.99750373 	0.98660818 	0.98417565 	0.99456674 	0.98337324 	0.99914116 	0.71172627 	0.99933281 	0.99350759 	0.99579274 	
0.90169996 	0.99911044 	0.99993156 	0.99903837 	0.59322661 	0.99968015 	0.99750373 	0.98660818 	0.98417565 	0.99456674 	0.98337324 	0.99914116 	0.71172627 	0.99933281 	0.97502760 	0.99579274 	
0.90169996 	0.99911044 	0.99993156 	0.99903837 	0.59322661 	0.99968015 	0.99750373 	0.98660818 	0.98417565 	0.99456674 	0.98337324 	0.99914116 	0.71172627 	0.99933281 	0.97502760 	0.99579274 	
0.90169996 	0.99911044 	0.99993156 	0.99903837 	0.59322661 	0.99968015 	0.99750373 	0.98660818 	0.98417565 	0.99456674 	0.98337324 	0.99914116 	0.71172627 	0.99933281 	0.97502760 	0.99579274 	
0.90169996 	0.99978706 	0.99993156 	0.99903837 	0.59322661 	0.99968015 	0.99750373 	0.98660818 	0.98417565 	0.99456674 	0.98337324 	0.99914116 	0.71172627 	0.99933281 	0.97502760 	0.99579274 	
0.90169996 	0.99978706 	0.99993156 	0.99903837 	0.59322661 	0.99968015 	0.99750373 	0.98660818 	0.98417565 	0.99456674 	0.98337324 	0.99914116 	0.71172627 	0.99933281 	0.97502760 	0.99579274 	
0.90169996 	0.99978706 	0.99993156 	0.99980022 	0.59322661 	0.99968015 	0.99750373 	0.98660818 	0.98417565 	0.99456674 	0.98337324 	0.99914116 	0.71172627 	0.99933281 	0.97502760 	0.99579274 	
0.90169996 	0.99978706 	0.99993156 	0.99980022 	0.59322661 	0.99968015 	0.99750373 	0.98660818 	0.98417565 	0.99456674 	0.98337324 	0.99914116 	0.71172627 	0.99933281 	0.97502760 	0.99579274 	
0.90169996 	0.99978706 	0.99993156 	0.99980022 	0.59322661 	0.99968136 	0.99750373 	0.98660818 	0.98417565 	0.99456674 	0.98337324 	0.99914116 	0.71172627 	0.99933281 	0.97502760 	0.99579274 	
0.90169996 	0.99978706 	0.99993156 	0.99980022 	0.59322661 	0.99968136 	0.99832295 	0.98660818 	0.98417565 	0.99456674 	0.98337324 	0.99914116 	0.71172627 	0.99933281 	0.97502760 	0.99579274 	
0.90169996 	0.99978706 	0.99993156 	0.99980022 	0.59322661 	0.99968136 	0.99832295 	0.98832702 	0.98417565 	0.99456674 	0.98337324 	0.99914116 	0.71172627 	0.99933281 	0.97502760 	0.99579274 	
0.90169996 	0.99978706 	0.99993156 	0.99980022 	0.59322661 	0.99968136 	0.99832295 	0.98832702 	0.98705674 	0.99456674 	0.98337324 	0.99914116 	0.71172627 	0.99933281 	0.97502760 	0.99579274 	
0.90169996 	0.99978706 	0.99993156 	0.99980022 	0.59322661 	0.99968136 	0.99832295 	0.98832702 	0.98705674 	0.99486558 	0.98337324 	0.99914116 	0.71172627 	0.99933281 	0.97502760 	0.99579274 	
0.90169996 	0.99978706 	0.99993156 	0.99980022 	0.59322661 	0.99968136 	0.99832295 	0.98832702 	0.98705674 	0.99486558 	0.98233291 	0.99914116 	0.71172627 	0.99933281 	0.97502760 	0.99579274 	
0.90169996 	0.99978706 	0.99993156 	0.99980022 	0.59322661 	0.99968136 	0.99832295 	0.98832702 	0.98705674 	0.99486558 	0.98233291 	0.99997526 	0.71172627 	0.99933281 	0.97502760 	0.99579274 	
0.90169996 	0.99978706 	0.99993156 	0.99980022 	0.59322661 	0.99968136 	0.99832295 	0.98832702 	0.98705674 	0.99486558 	0.98233291 	0.99997526 	0.71172627 	0.99933281 	0.97502760 	0.99579274 	
0.90169996 	0.99978706 	0.99993156 	0.99980022 	0.59322661 	0.99968136 	0.99832295 	0.98832702 	0.98705674 	0.99486558 	0.98233291 	0.99997526 	0.71172627 	0.99933281 	0.97502760 	0.99579274 	
0.90169996 	0.99978706 	0.99993156 	0.99980022 	0.59322661 	0.99968136 	0.99832295 	0.98832702 	0.98705674 	0.99486558 	0.98233291 	0.99997526 	0.71172627 	0.99933281 	0.98292238 	0.99579274 	
0.90169996 	0.99978706 	0.99993156 	0.99980022 	0.59322661 	0.99968136 	0.99832295 	0.98832702 	0.98705674 	0.99486558 	0.98233291 	0.99997526 	0.71172627 	0.99933281 	0.98292238 	0.99576455 	
0.91201749 	0.99978706 	0.99993156 	0.99980022 	0.59322661 	0.99968136 	0.99832295 	0.98832702 	0.98705674 	0.99486558 	0.98233291 	0.99997526 	0.71172627 	0.99933281 	0.98292238 	0.99576455 	
0.91201749 	0.99978706 	0.99993156 	0.99980022 	0.59322661 	0.99968136 	0.99832295 	0.98832702 	0.98705674 	0.99486558 	0.98233291 	0.99997526 	0.71172627 	0.99933281 	0.98292238 	0.99576455 	
0.91201749 	0.99978706 	0.99997880 	0.99980022 	0.59322661 	0.99968136 	0.99832295 	0.98832702 	0.98705674 	0.99486558 	0.98233291 	0.99997526 	0.71172627 	0.99933281 	0.98292238 	0.99576455 	
0.91201749 	0.99978706 	0.99997880 	0.99996638 	0.59322661 	0.99968136 	0.99832295 	0.98832702 	0.98705674 	0.99486558 	0.98233291 	0.99997526 	0.71172627 	0.99933281 	0.98292238 	0.99576455 	
0.91201749 	0.99978706 	0.99997880 	0.99996638 	0.59292499 	0.99968136 	0.99832295 	0.98832702 	0.98705674 	0.99486558 	0.98233291 	0.99997526 	0.71172627 	0.99933281 	0.98292238 	0.99576455 	
0.91201749 	0.99978706 	0.99997880 	0.99996638 	0.59292499 	0.99997934 	0.99832295 	0.98832702 	0.98705674 	0.99486558 	0.98233291 	0.99997526 	0.71172627 	0.99933281 	0.98292238 	0.99576455 	
0.91201749 	0.99978706 	0.99997880 	0.99996638 	0.59292499 	0.99997934 	0.99895525 	0.98832702 	0.98705674 	0.99486558 	0.98233291 	0.99997526 	0.71172627 	0.99933281 	0.98292238 	0.99576455 	
0.91201749 	0.99978706 	0.99997880 	0.99996638 	0.59292499 	0.99997934 	0.99895525 	0.98826228 	0.98705674 	0.99486558 	0.98233291 	0.99997526 	0.71172627 	0.99933281 	0.98292238 	0.99576455 	
0.91201749 	0.99978706 	0.99997880 	0.99996638 	0.59292499 	0.99997934 	0.99895525 	0.98826228 	0.98705674 	0.99486558 	0.98233291 	0.99997526 	0.71172627 	0.99933281 	0.98292238 	0.99576455 	
0.91201749 	0.99978706 	0.99997880 	0.99996638 	0.59292499 	0.99997934 	0.99895525 	0.98826228 	0.98705674 	0.99486558 	0.98233291 	0.99997526 	0.71172627 	0.99933281 	0.98292238 	0.99576455 	
0.91201749 	0.99978706 	0.99997880 	0.99996638 	0.59292499 	0.99997934 	0.99895525 	0.98826228 	0.98705674 	0.99486558 	0.98233291 	0.99997526 	0.71172627 	0.99933281 	0.98292238 	0.99576455 	
0.91201749 	0.99978706 	0.99997880 	0.99996638 	0.59292499 	0.99997934 	0.99895525 	0.98826228 	0.98705674 	0.99486558 	0.98233291 	0.99997526 	0.71172627 	0.99933281 	0.98292238 	0.99576455 	
0.91201749 	0.99978706 	0.99997880 	0.99996638 	0.59292499 	0.99997934 	0.99895525 	0.98826228 	0.98705674 	0.99486558 	0.98233291 	0.99997526 	0.70228599 	0.99933281 	0.98292238 	0.99576455 	
0.91201749 	0.99978706 	0.99997880 	0.99996638 	0.59292499 	0.99997934 	0.99895525 	0.98826228 	0.98705674 	0.99486558 	0.98233291 	0.99997526 	0.70228599 	0.99958329 	0.98292238 	0.99576455 	
0.91201749 	0.99978706 	0.99997880 	0.99996638 	0.59292499 	0.99997934 	0.99895525 	0.98826228 	0.98705674 	0.99486558 	0.98233291 	0.99997526 	0.70228599 	0.99958329 	0.98092457 	0.99576455 	
0.91201749 	0.99978706 	0.99997880 	0.99996638 	0.59292499 	0.99997934 	0.99895525 	0.98826228 	0.98705674 	0.99486558 	0.98233291 	0.99997526 	0.70228599 	0.99958329 	0.98092457 	0.99524035 	
0.99335620 	0.99978706 	0.99997880 	0.99996638 	0.59292499 	0.99997934 	0.99895525 	0.98826228 	0.98705674 	0.99486558 	0.98233291 	0.99997526 	0.70228599 	0.99958329 	0.98092457 	0.99524035 	
0.99335620 	0.99978706 	0.99997880 	0.99996638 	0.59292499 	0.99997934 	0.99895525 	0.98826228 	0.98705674 	0.99486558 	0.98233291 	0.99997526 	0.70228599 	0.99958329 	0.98092457 	0.99524035 	
0.99335620 	0.99978706 	0.99997901 	0.99996638 	0.59292499 	0.99997934 	0.99895525 	0.98826228 	0.98705674 	0.99486558 	0.98233291 	0.99997526 	0.70228599 	0.99958329 	0.98092457 	0.99524035 	
0.99335620 	0.99978706 	0.99997901 	0.99996638 	0.59292499 	0.99997934 	0.99895525 	0.98826228 	0.98705674 	0.99486558 	0.98233291 	0.99997526 	0.70228599 	0.99958329 	0.98092457 	0.99524035 	
0.99335620 	0.99978706 	0.99997901 	0.99996638 	0.59140518 	0.99997934 	0.99895525 	0.98826228 	0.98705674 	0.99486558 	0.98233291 	0.99997526 	0.70228599 	0.99958329 	0.98092457 	0.99524035 	
0.99335620 	0.99978706 	0.99997901 	0.99996638 	0.59140518 	0.99999645 	0.99895525 	0.98826228 	0.98705674 	0.99486558 	0.98233291 	0.99997526 	0.70228599 	0.99958329 	0.98092457 	0.99524035 	
0.99335620 	0.99978706 	0.99997901 	0.99996638 	0.59140518 	0.99999645 	0.99990994 	0.98826228 	0.98705674 	0.99486558 	0.98233291 	0.99997526 	0.70228599 	0.99958329 	0.98092457 	0.99524035 	
0.99335620 	0.99978706 	0.99997901 	0.99996638 	0.59140518 	0.99999645 	0.99990994 	0.98879779 	0.98705674 	0.99486558 	0.98233291 	0.99997526 	0.70228599 	0.99958329 	0.98092457 	0.99524035 	
0.99335620 	0.99978706 	0.99997901 	0.99996638 	0.59140518 	0.99999645 	0.99990994 	0.98879779 	0.98791993 	0.99486558 	0.98233291 	0.99997526 	0.70228599 	0.99958329 	0.98092457 	0.99524035 	
0.99335620 	0.99978706 	0.99997901 	0.99996638 	0.59140518 	0.99999645 	0.99990994 	0.98879779 	0.98791993 	0.99486558 	0.98233291 	0.99997526 	0.70228599 	0.99958329 	0.98092457 	0.99524035 	
0.99335620 	0.99978706 	0.99997901 	0.99996638 	0.59140518 	0.99999645 	0.99990994 	0.98879779 	0.98791993 	0.99486558 	0.98233291 	0.99997526 	0.70228599 	0.99958329 	0.98092457 	0.99524035 	
0.99335620 	0.99978706 	0.99997901 	0.99996638 	0.59140518 	0.99999645 	0.99990994 	0.98879779 	0.98791993 	0.99486558 	0.98233291 	0.99997526 	0.70228599 	0.99958329 	0.98092457 	0.99524035 	
0.99335620 	0.99978706 	0.99997901 	0.99996638 	0.59140518 	0.99999645 	0.99990994 	0.98879779 	0.98791993 	0.99486558 	0.98233291 	0.99997526 	0.69147947 	0.99958329 	0.98092457 	0.99524035 	
0.99335620 	0.99978706 	0.99997901 	0.99996638 	0.59140518 	0.99999645 	0.99990994 	0.98879779 	0.98791993 	0.99486558 	0.98233291 	0.99997526 	0.69147947 	0.99958329 	0.98092457 	0.99524035 	
0.99335620 	0.99978706 	0.99997901 	0.99996638 	0.59140518 	0.99999645 	0.99990994 	0.98879779 	0.98791993 	0.99486558 	0.98233291 	0.99997526 	0.69147947 	0.99958329 	0.98092457 	0.99524035 	
0.99335620 	0.99978706 	0.99997901 	0.99996638 	0.59140518 	0.99999645 	0.99990994 	0.98879779 	0.98791993 	0.99486558 	0.98233291 	0.99997526 	0.69147947 	0.99958329 	0.98092457 	0.99529268 	
0.99335620 	0.99978706 	0.99997901 	0.99996638 	0.59140518 	0.99999645 	0.99990994 	0.98879779 	0.98791993 	0.99486558 	0.98233291 	0.99997526 	0.69147947 	0.99958329 	0.98092457 	0.99529268 	
0.99335620 	0.99979014 	0.99997901 	0.99996638 	0.59140518 	0.99999645 	0.99990994 	0.98879779 	0.98791993 	0.99486558 	0.98233291 	0.99997526 	0.69147947 	0.99958329 	0.98092457 	0.99529268 	
0.99335620 	0.99979014 	0.99997901 	0.99996638 	0.59140518 	0.99999645 	0.99990994 	0.98879779 	0.98791993 	0.99486558 	0.98233291 	0.99997526 	0.69147947 	0.99958329 	0.98092457 	0.99529268 	
0.99335620 	0.99979014 	0.99997901 	0.99996638 	0.59140518 	0.99999645 	0.99990994 	0.98879779 	0.98791993 	0.99486558 	0.98233291 	0.99997526 	0.69147947 	0.99958329 	0.98092457 	0.99529268 	
0.99335620 	0.99979014 	0.99997901 	0.99996638 	0.59145310 	0.99999645 	0.99990994 	0.98879779 	0.98791993 	0.99486558 	0.98233291 	0.99997526 	0.69147947 	0.99958329 	0.98092457 	0.99529268 	
0.99335620 	0.99979014 	0.99997901 	0.99996638 	0.59145310 	0.99999645 	0.99990994 	0.98879779 	0.98791993 	0.99486558 	0.98233291 	0.99997526 	0.69147947 	0.99958329 	0.98092457 	0.99529268 	
0.99335620 	0.99979014 	0.99997901 	0.99996638 	0.59145310 	0.99999645 	0.99992698 	0.98879779 	0.98791993 	0.99486558 	0.98233291 	0.99997526 	0.69147947 	0.99958329 	0.98092457 	0.99529268 	
0.99335620 	0.99979014 	0.99997901 	0.99996638 	0.59145310 	0.99999645 	0.99992698 	0.98879779 	0.98791993 	0.99486558 	0.98233291 	0.99997526 	0.69147947 	0.99958329 	0.98092457 	0.99529268 	
0.99335620 	0.99979014 	0.99997901 	0.99996638 	0.59145310 	0.99999645 	0.99992698 	0.98879779 	0.98847361 	0.99486558 	0.98233291 	0.99997526 	0.69147947 	0.99958329 	0.98092457 	0.99529268 	
0.99335620 	0.99979014 	0.99997901 	0.99996638 	0.59145310 	0.99999645 	0.99992698 	0.98879779 	0.98847361 	0.99501478 	0.98233291 	0.99997526 	0.69147947 	0.99958329 	0.98092457 	0.99529268 	
0.99335620 	0.99979014 	0.99997901 	0.99996638 	0.59145310 	0.99999645 	0.99992698 	0.98879779 	0.98847361 	0.99501478 	0.98233291 	0.99997526 	0.69147947 	0.99958329 	0.98092457 	0.99529268 	
0.99335620 	0.99979014 	0.99997901 	0.99996638 	0.59145310 	0.99999645 	0.99992698 	0.98879779 	0.98847361 	0.99501478 	0.98233291 	0.99997526 	0.69147947 	0.99958329 	0.98092457 	0.99529268 	
0.99335620 	0.99979014 	0.99997901 	0.99996638 	0.59145310 	0.99999645 	0.99992698 	0.98879779 	0.98847361 	0.99501478 	0.98233291 	0.99997526 	0.69538405 	0.99958329 	0.98092457 	0.99529268 	
0.99335620 	0.99979014 	0.99997901 	0.99996638 	0.59145310 	0.99999645 	0.99992698 	0.98879779 	0.98847361 	0.99501478 	0.98233291 	0.99997526 	0.69538405 	0.99997888 	0.98092457 	0.99529268 	
0.99335620 	0.99979014 	0.99997901 	0.99996638 	0.59145310 	0.99999645 	0.99992698 	0.98879779 	0.98847361 	0.99501478 	0.98233291 	0.99997526 	0.69538405 	0.99997888 	0.98092457 	0.99529268 	
0.99335620 	0.99979014 	0.99997901 	0.99996638 	0.59145310 	0.99999645 	0.99992698 	0.98879779 	0.98847361 	0.99501478 	0.98233291 	0.99997526 	0.69538405 	0.99997888 	0.98092457 	0.99524035 	
0.99335620 	0.99979014 	0.99997901 	0.99996638 	0.59145310 	0.99999645 	0.99992698 	0.98879779 	0.98847361 	0.99501478 	0.98233291 	0.99997526 	0.69538405 	0.99997888 	0.98092457 	0.99524035 	
0.99335620 	0.99979014 	0.99997901 	0.99996638 	0.59145310 	0.99999645 	0.99992698 	0.98879779 	0.98847361 	0.99501478 	0.98233291 	0.99997526 	0.69538405 	0.99997888 	0.98092457 	0.99524035 	
0.99335620 	0.99979014 	0.99998287 	0.99996638 	0.59145310 	0.99999645 	0.99992698 	0.98879779 	0.98847361 	0.99501478 	0.98233291 	0.99997526 	0.69538405 	0.99997888 	0.98092457 	0.99524035 	
0.99335620 	0.99979014 	0.99998287 	0.99996638 	0.59145310 	0.99999645 	0.99992698 	0.98879779 	0.98847361 	0.99501478 	0.98233291 	0.99997526 	0.69538405 	0.99997888 	0.98092457 	0.99524035 	
0.99335620 	0.99979014 	0.99998287 	0.99996638 	0.59186032 	0.99999645 	0.99992698 	0.98879779 	0.98847361 	0.99501478 	0.98233291 	0.99997526 	0.69538405 	0.99997888 	0.98092457 	0.99524035 	
0.99335620 	0.99979014 	0.99998287 	0.99996638 	0.59186032 	0.99999645 	0.99992698 	0.98879779 	0.98847361 	0.99501478 	0.98233291 	0.99997526 	0.69538405 	0.99997888 	0.98092457 	0.99524035 	
0.99335620 	0.99979014 	0.99998287 	0.99996638 	0.59186032 	0.99999645 	0.99996600 	0.98879779 	0.98847361 	0.99501478 	0.98233291 	0.99997526 	0.69538405 	0.99997888 	0.98092457 	0.99524035 	
0.99335620 	0.99979014 	0.99998287 	0.99996638 	0.59186032 	0.99999645 	0.99996600 	0.98879779 	0.98847361 	0.99501478 	0.98233291 	0.99997526 	0.69538405 	0.99997888 	0.98092457 	0.99524035 	
0.99335620 	0.99979014 	0.99998287 	0.99996638 	0.59186032 	0.99999645 	0.99996600 	0.98879779 	0.98847361 	0.99501478 	0.98233291 	0.99997526 	0.69538405 	0.99997888 	0.98092457 	0.99524035 	
0.99335620 	0.99979014 	0.99998287 	0.99996638 	0.59186032 	0.99999645 	0.99996600 	0.98879779 	0.98847361 	0.99501478 	0.98233291 	0.99997526 	0.69538405 	0.99997888 	0.98092457 	0.99524035 	
0.99335620 	0.99979014 	0.99998287 	0.99996638 	0.59186032 	0.99999645 	0.99996600 	0.98879779 	0.98847361 	0.99501478 	0.98154562 	0.99997526 	0.69538405 	0.99997888 	0.98092457 	0.99524035 	
0.99335620 	0.99979014 	0.99998287 	0.99996638 	0.59186032 	0.99999645 	0.99996600 	0.98879779 	0.98847361 	0.99501478 	0.98154562 	0.99997526 	0.69538405 	0.99997888 	0.98092457 	0.99524035 	
0.99335620 	0.99979014 	0.99998287 	0.99996638 	0.59186032 	0.99999645 	0.99996600 	0.98879779 	0.98847361 	0.99501478 	0.98154562 	0.99997526 	0.69538405 	0.99997888 	0.98092457 	0.99524035 	
0.99335620 	0.99979014 	0.99998287 	0.99996638 	0.59186032 	0.99999645 	0.99996600 	0.98879779 	0.98847361 	0.99501478 	0.98154562 	0.99997526 	0.69538405 	0.99999628 	0.98092457 	0.99524035 	
0.99335620 	0.99979014 	0.99998287 	0.99996638 	0.59186032 	0.99999645 	0.99996600 	0.98879779 	0.98847361 	0.99501478 	0.98154562 	0.99997526 	0.69538405 	0.99999628 	0.97994154 	0.99524035 	
0.99335620 	0.99979014 	0.99998287 	0.99996638 	0.59186032 	0.99999645 	0.99996600 	0.98879779 	0.98847361 	0.99501478 	0.98154562 	0.99997526 	0.69538405 	0.99999628 	0.97994154 	0.99524035 	
0.99621146 	0.99979014 	0.99998287 	0.99996638 	0.59186032 	0.99999645 	0.99996600 	0.98879779 	0.98847361 	0.99501478 	0.98154562 	0.99997526 	0.69538405 	0.99999628 	0.97994154 	0.99524035 	
0.99621146 	0.99994873 	0.99998287 	0.99996638 	0.59186032 	0.99999645 	0.99996600 	0.98879779 	0.98847361 	0.99501478 	0.98154562 	0.99997526 	0.69538405 	0.99999628 	0.97994154 	0.99524035 	
0.99621146 	0.99994873 	0.99999547 	0.99996638 	0.59186032 	0.99999645 	0.99996600 	0.98879779 	0.98847361 	0.99501478 	0.98154562 	0.99997526 	0.69538405 	0.99999628 	0.97994154 	0.99524035 	
0.99621146 	0.99994873 	0.99999547 	0.99996638 	0.59186032 	0.99999645 	0.99996600 	0.98879779 	0.98847361 	0.99501478 	0.98154562 	0.99997526 	0.69538405 	0.99999628 	0.97994154 	0.99524035 	
0.99621146 	0.99994873 	0.99999547 	0.99996638 	0.59191821 	0.99999645 	0.99996600 	0.98879779 	0.98847361 	0.99501478 	0.98154562 	0.99997526 	0.69538405 	0.99999628 	0.97994154 	0.99524035 	
0.99621146 	0.99994873 	0.99999547 	0.99996638 	0.59191821 	0.99999645 	0.99996600 	0.98879779 	0.98847361 	0.99501478 	0.98154562 	0.99997526 	0.69538405 	0.99999628 	0.97994154 	0.99524035 	
0.99621146 	0.99994873 	0.99999547 	0.99996638 	0.59191821 	0.99999645 	0.99998688 	0.98879779 	0.98847361 	0.99501478 	0.98154562 	0.99997526 	0.69538405 	0.99999628 	0.97994154 	0.99524035 	
0.99621146 	0.99994873 	0.99999547 	0.99996638 	0.59191821 	0.99999645 	0.99998688 	0.98928468 	0.98847361 	0.99501478 	0.98154562 	0.99997526 	0.69538405 	0.99999628 	0.97994154 	0.99524035 	
0.99621146 	0.99994873 	0.99999547 	0.99996638 	0.59191821 	0.99999645 	0.99998688 	0.98928468 	0.98847361 	0.99501478 	0.98154562 	0.99997526 	0.69538405 	0.99999628 	0.97994154 	0.99524035 	
0.99621146 	0.99994873 	0.99999547 	0.99996638 	0.59191821 	0.99999645 	0.99998688 	0.98928468 	0.98847361 	0.99501478 	0.98154562 	0.99997526 	0.69538405 	0.99999628 	0.97994154 	0.99524035 	
0.99621146 	0.99994873 	0.99999547 	0.99996638 	0.59191821 	0.99999645 	0.99998688 	0.98928468 	0.98847361 	0.99501478 	0.98154562 	0.99997526 	0.69538405 	0.99999628 	0.97994154 	0.99524035 	
0.99621146 	0.99994873 	0.99999547 	0.99996638 	0.59191821 	0.99999645 	0.99998688 	0.98928468 	0.98847361 	0.99501478 	0.98154562 	0.99997526 	0.69538405 	0.99999628 	0.97994154 	0.99524035 	
0.99621146 	0.99994873 	0.99999547 	0.99996638 	0.59191821 	0.99999645 	0.99998688 	0.98928468 	0.98847361 	0.99501478 	0.98154562 	0.99997526 	0.69316933 	0.99999628 	0.97994154 	0.99524035 	
0.99621146 	0.99994873 	0.99999547 	0.99996638 	0.59191821 	0.99999645 	0.99998688 	0.98928468 	0.98847361 	0.99501478 	0.98154562 	0.99997526 	0.69316933 	0.99999720 	0.97994154 	0.99524035 	
0.99621146 	0.99994873 	0.99999547 	0.99996638 	0.59191821 	0.99999645 	0.99998688 	0.98928468 	0.98847361 	0.99501478 	0.98154562 	0.99997526 	0.69316933 	0.99999720 	0.97994154 	0.99524035 	
0.99621146 	0.99994873 	0.99999547 	0.99996638 	0.59191821 	0.99999645 	0.99998688 	0.98928468 	0.98847361 	0.99501478 	0.98154562 	0.99997526 	0.69316933 	0.99999720 	0.97994154 	0.99517919 	
0.99621146 	0.99994873 	0.99999547 	0.99996638 	0.59191821 	0.99999645 	0.99998688 	0.98928468 	0.98847361 	0.99501478 	0.98154562 	0.99997526 	0.69316933 	0.99999720 	0.97994154 	0.99517919 	
0.99621146 	0.99994873 	0.99999547 	0.99996638 	0.59191821 	0.99999645 	0.99998688 	0.98928468 	0.98847361 	0.99501478 	0.98154562 	0.99997526 	0.69316933 	0.99999720 	0.97994154 	0.99517919 	
0.99621146 	0.99994873 	0.99999547 	0.99996638 	0.59191821 	0.99999645 	0.99998688 	0.98928468 	0.98847361 	0.99501478 	0.98154562 	0.99997526 	0.69316933 	0.99999720 	0.97994154 	0.99517919 	
0.99621146 	0.99994873 	0.99999547 	0.99999370 	0.59191821 	0.99999645 	0.99998688 	0.98928468 	0.98847361 	0.99501478 	0.98154562 	0.99997526 	0.69316933 	0.99999720 	0.97994154 	0.99517919 	
0.99621146 	0.99994873 	0.99999547 	0.99999370 	0.59191821 	0.99999645 	0.99998688 	0.98928468 	0.98847361 	0.99501478 	0.98154562 	0.99997526 	0.69316933 	0.99999720 	0.97994154 	0.99517919 	
0.99621146 	0.99994873 	0.99999547 	0.99999370 	0.59191821 	0.99999645 	0.99998688 	0.98928468 	0.98847361 	0.99501478 	0.98154562 	0.99997526 	0.69316933 	0.99999720 	0.97994154 	0.99517919 	
0.99621146 	0.99994873 	0.99999547 	0.99999370 	0.59191821 	0.99999645 	0.99998688 	0.98928468 	0.98847361 	0.99501478 	0.98154562 	0.99997526 	0.69316933 	0.99999720 	0.97994154 	0.99517919 	
0.99621146 	0.99994873 	0.99999547 	0.99999370 	0.59191821 	0.99999645 	0.99998688 	0.98931830 	0.98847361 	0.99501478 	0.98154562 	0.99997526 	0.69316933 	0.99999720 	0.97994154 	0.99517919 	
0.99621146 	0.99994873 	0.99999547 	0.99999370 	0.59191821 	0.99999645 	0.99998688 	0.98931830 	0.98916132 	0.99501478 	0.98154562 	0.99997526 	0.69316933 	0.99999720 	0.97994154 	0.99517919 	
0.99621146 	0.99994873 	0.99999547 	0.99999370 	0.59191821 	0.99999645 	0.99998688 	0.98931830 	0.98916132 	0.99501478 	0.98154562 	0.99997526 	0.69316933 	0.99999720 	0.97994154 	0.99517919 	
0.99621146 	0.99994873 	0.99999547 	0.99999370 	0.59191821 	0.99999645 	0.99998688 	0.98931830 	0.98916132 	0.99501478 	0.98154562 	0.99997526 	0.69316933 	0.99999720 	0.97994154 	0.99517919 	
0.99621146 	0.99994873 	0.99999547 	0.99999370 	0.59191821 	0.99999645 	0.99998688 	0.98931830 	0.98916132 	0.99501478 	0.98154562 	0.99997526 	0.69316933 	0.99999720 	0.97994154 	0.99517919 	
0.99621146 	0.99994873 	0.99999547 	0.99999370 	0.59191821 	0.99999645 	0.99998688 	0.98931830 	0.98916132 	0.99501478 	0.98154562 	0.99997526 	0.69316933 	0.99999720 	0.97994154 	0.99517919 	
0.99621146 	0.99994873 	0.99999547 	0.99999370 	0.59191821 	0.99999645 	0.99998688 	0.98931830 	0.98916132 	0.99501478 	0.98154562 	0.99997526 	0.69316933 	0.99999720 	0.97994154 	0.99517919 	
0.99621146 	0.99994873 	0.99999547 	0.99999370 	0.59191821 	0.99999645 	0.99998688 	0.98931830 	0.98916132 	0.99501478 	0.98154562 	0.99997526 	0.69316933 	0.99999720 	0.97835540 	0.99517919 	
0.99621146 	0.99994873 	0.99999547 	0.99999370 	0.59191821 	0.99999645 	0.99998688 	0.98931830 	0.98916132 	0.99501478 	0.98154562 	0.99997526 	0.69316933 	0.99999720 	0.97835540 	0.99517919 	
0.99621146 	0.99994873 	0.99999547 	0.99999370 	0.59191821 	0.99999645 	0.99998688 	0.98931830 	0.98916132 	0.99501478 	0.98154562 	0.99997526 	0.69316933 	0.99999720 	0.97835540 	0.99517919 	
0.99621146 	0.99994873 	0.99999547 	0.99999370 	0.59191821 	0.99999645 	0.99998688 	0.98931830 	0.98916132 	0.99501478 	0.98154562 	0.99997526 	0.69316933 	0.99999720 	0.97835540 	0.99517919 	
0.99621146 	0.99994873 	0.99999547 	0.99999370 	0.59191821 	0.99999645 	0.99998688 	0.98931830 	0.98916132 	0.99501478 	0.98154562 	0.99997526 	0.69316933 	0.99999720 	0.97835540 	0.99517919 	
0.99621146 	0.99994873 	0.99999547 	0.99999370 	0.59191821 	0.99999645 	0.99998688 	0.98931830 	0.98916132 	0.99501478 	0.98154562 	0.99997526 	0.69316933 	0.99999720 	0.97835540 	0.99517919 	
0.99621146 	0.99994873 	0.99999547 	0.99999370 	0.59191821 	0.99999645 	0.99998688 	0.98931830 	0.98916132 	0.99501478 	0.98154562 	0.99997526 	0.69316933 	0.99999720 	0.97835540 	0.99517919 	
0.99621146 	0.99994873 	0.99999547 	0.99999370 	0.59191821 	0.99999645 	0.99998688 	0.98931830 	0.98916132 	0.99501478 	0.98154562 	0.99997526 	0.69316933 	0.99999720 	0.97835540 	0.99517919 	
0.99621146 	0.99994873 	0.99999547 	0.99999370 	0.59191821 	0.99999645 	0.99999875 	0.98931830 	0.98916132 	0.99501478 	0.98154562 	0.99997526 	0.69316933 	0.99999720 	0.97835540 	0.99517919 	
0.99621146 	0.99994873 	0.99999547 	0.99999370 	0.59191821 	0.99999645 	0.99999875 	0.98931830 	0.98916132 	0.99501478 	0.98154562 	0.99997526 	0.69316933 	0.99999720 	0.97835540 	0.99517919 	
0.99621146 	0.99994873 	0.99999547 	0.99999370 	0.59191821 	0.99999645 	0.99999875 	0.98931830 	0.98916008 	0.99501478 	0.98154562 	0.99997526 	0.69316933 	0.99999720 	0.97835540 	0.99517919 	
0.99621146 	0.99994873 	0.99999547 	0.99999370 	0.59191821 	0.99999645 	0.99999875 	0.98931830 	0.98916008 	0.99501478 	0.98154562 	0.99997526 	0.69316933 	0.99999720 	0.97835540 	0.99517919 	
0.99621146 	0.99994873 	0.99999547 	0.99999370 	0.59191821 	0.99999645 	0.99999875 	0.98931830 	0.98916008 	0.99501478 	0.98130673 	0.99997526 	0.69316933 	0.99999720 	0.97835540 	0.99517919 	
0.99621146 	0.99994873 	0.99999547 	0.99999370 	0.59191821 	0.99999645 	0.99999875 	0.98931830 	0.98916008 	0.99501478 	0.98130673 	0.99997526 	0.69316933 	0.99999720 	0.97835540 	0.99517919 	
0.99621146 	0.99994873 	0.99999547 	0.99999370 	0.59191821 	0.99999645 	0.99999875 	0.98931830 	0.98916008 	0.99501478 	0.98130673 	0.99997526 	0.69316933 	0.99999720 	0.97835540 	0.99517919 	
0.99621146 	0.99994873 	0.99999547 	0.99999370 	0.59191821 	0.99999645 	0.99999875 	0.98931830 	0.98916008 	0.99501478 	0.98130673 	0.99997526 	0.69316933 	0.99999720 	0.97835540 	0.99517919 	
0.99621146 	0.99994873 	0.99999547 	0.99999370 	0.59191821 	0.99999645 	0.99999875 	0.98931830 	0.98916008 	0.99501478 	0.98130673 	0.99997526 	0.69316933 	0.99999720 	0.97835540 	0.99517919 	
0.99621146 	0.99994873 	0.99999547 	0.99999370 	0.59191821 	0.99999645 	0.99999875 	0.98931830 	0.98916008 	0.99501478 	0.98130673 	0.99997526 	0.69316933 	0.99999720 	0.97835540 	0.99517919 	
0.99746212 	0.99994873 	0.99999547 	0.99999370 	0.59191821 	0.99999645 	0.99999875 	0.98931830 	0.98916008 	0.99501478 	0.98130673 	0.99997526 	0.69316933 	0.99999720 	0.97835540 	0.99517919 	
0.99746212 	0.99994873 	0.99999547 	0.99999370 	0.59191821 	0.99999645 	0.99999875 	0.98931830 	0.98916008 	0.99501478 	0.98130673 	0.99997526 	0.69316933 	0.99999720 	0.97835540 	0.99517919 	
0.99746212 	0.99994873 	0.99999547 	0.99999370 	0.59191821 	0.99999645 	0.99999875 	0.98931830 	0.98916008 	0.99501478 	0.98130673 	0.99997526 	0.69316933 	0.99999720 	0.97835540 	0.99517919 	
0.99746212 	0.99994873 	0.99999547 	0.99999370 	0.59191821 	0.99999645 	0.99999875 	0.98931830 	0.98916008 	0.99501478 	0.98130673 	0.99997526 	0.69316933 	0.99999720 	0.97835540 	0.99517919 	
0.99746212 	0.99994873 	0.99999547 	0.99999370 	0.59191821 	0.99999645 	0.99999875 	0.98931830 	0.98916008 	0.99501478 	0.98130673 	0.99997526 	0.69316933 	0.99999720 	0.97835540 	0.99517919 	
0.99746212 	0.99994873 	0.99999547 	0.99999370 	0.59191821 	0.99999661 	0.99999875 	0.98931830 	0.98916008 	0.99501478 	0.98130673 	0.99997526 	0.69316933 	0.99999720 	0.97835540 	0.99517919 	
0.99746212 	0.99994873 	0.99999547 	0.99999370 	0.59191821 	0.99999661 	0.99999875 	0.98931830 	0.98916008 	0.99501478 	0.98130673 	0.99997526 	0.69316933 	0.99999720 	0.97835540 	0.99517919 	
0.99746212 	0.99994873 	0.99999547 	0.99999370 	0.59191821 	0.99999661 	0.99999875 	0.98931830 	0.98916008 	0.99501478 	0.98130673 	0.99997526 	0.69316933 	0.99999720 	0.97835540 	0.99517919 	
0.99746212 	0.99994873 	0.99999547 	0.99999370 	0.59191821 	0.99999661 	0.99999875 	0.98931830 	0.98916008 	0.99501478 	0.98130673 	0.99997526 	0.69316933 	0.99999720 	0.97835540 	0.99517919 	
0.99746212 	0.99994873 	0.99999547 	0.99999370 	0.59191821 	0.99999661 	0.99999875 	0.98931830 	0.98916008 	0.99501478 	0.98130673 	0.99997526 	0.69316933 	0.99999720 	0.97835540 	0.99517919 	
0.99746212 	0.99994873 	0.99999547 	0.99999370 	0.59191821 	0.99999661 	0.99999875 	0.98931830 	0.98916008 	0.99501478 	0.98130673 	0.99997526 	0.69316933 	0.99999720 	0.97835540 	0.99517919 	
0.99746212 	0.99994873 	0.99999547 	0.99999370 	0.59191821 	0.99999661 	0.99999875 	0.98931830 	0.98916008 	0.99501478 	0.98130673 	0.99997526 	0.69316933 	0.99999720 	0.97835540 	0.99517919 	
0.99746212 	0.99994873 	0.99999547 	0.99999370 	0.59191821 	0.99999661 	0.99999875 	0.98931830 	0.98916008 	0.99501478 	0.98130673 	0.99997526 	0.69316933 	0.99999720 	0.97835540 	0.99517919 	
0.99746212 	0.99994873 	0.99999547 	0.99999370 	0.59191821 	0.99999661 	0.99999875 	0.98931830 	0.98916008 	0.99501478 	0.98130673 	0.99997526 	0.69316933 	0.99999720 	0.97835540 	0.99517919 	
0.99746212 	0.99994873 	0.99999547 	0.99999370 	0.59191821 	0.99999661 	0.99999875 	0.98931830 	0.98916008 	0.99501478 	0.98130673 	0.99997526 	0.69316933 	0.99999720 	0.97838176 	0.99517919 	
0.99746212 	0.99994873 	0.99999547 	0.99999370 	0.59191821 	0.99999661 	0.99999875 	0.98931830 	0.98916008 	0.99501478 	0.98130673 	0.99997526 	0.69316933 	0.99999720 	0.97838176 	0.99517919 	
0.99746212 	0.99994873 	0.99999547 	0.99999370 	0.59191821 	0.99999661 	0.99999875 	0.98931830 	0.98916008 	0.99501478 	0.98130673 	0.99997526 	0.69316933 	0.99999720 	0.97838176 	0.99517919 	
0.99746212 	0.99994873 	0.99999547 	0.99999370 	0.59191821 	0.99999661 	0.99999875 	0.98931830 	0.98916008 	0.99501478 	0.98130673 	0.99997526 	0.69316933 	0.99999720 	0.97838176 	0.99517919 	
0.99746212 	0.99994873 	0.99999695 	0.99999370 	0.59191821 	0.99999661 	0.99999875 	0.98931830 	0.98916008 	0.99501478 	0.98130673 	0.99997526 	0.69316933 	0.99999720 	0.97838176 	0.99517919 	
0.99746212 	0.99994873 	0.99999695 	0.99999408 	0.59191821 	0.99999661 	0.99999875 	0.98931830 	0.98916008 	0.99501478 	0.98130673 	0.99997526 	0.69316933 	0.99999720 	0.97838176 	0.99517919 	
0.99746212 	0.99994873 	0.99999695 	0.99999408 	0.59200179 	0.99999661 	0.99999875 	0.98931830 	0.98916008 	0.99501478 	0.98130673 	0.99997526 	0.69316933 	0.99999720 	0.97838176 	0.99517919 	
0.99746212 	0.99994873 	0.99999695 	0.99999408 	0.59200179 	0.99999661 	0.99999875 	0.98931830 	0.98916008 	0.99501478 	0.98130673 	0.99997526 	0.69316933 	0.99999720 	0.97838176 	0.99517919 	
0.99746212 	0.99994873 	0.99999695 	0.99999408 	0.59200179 	0.99999661 	0.99999875 	0.98931830 	0.98916008 	0.99501478 	0.98130673 	0.99997526 	0.69316933 	0.99999720 	0.97838176 	0.99517919 	
0.99746212 	0.99994873 	0.99999695 	0.99999408 	0.59200179 	0.99999661 	0.99999875 	0.98931830 	0.98916008 	0.99501478 	0.98130673 	0.99997526 	0.69316933 	0.99999720 	0.97838176 	0.99517919 	
0.99746212 	0.99994873 	0.99999695 	0.99999408 	0.59200179 	0.99999661 	0.99999875 	0.98931830 	0.98916008 	0.99501478 	0.98130673 	0.99997526 	0.69316933 	0.99999720 	0.97838176 	0.99517919 	
0.99746212 	0.99994873 	0.99999695 	0.99999408 	0.59200179 	0.99999661 	0.99999875 	0.98931830 	0.98916008 	0.99501478 	0.98130673 	0.99997526 	0.69316933 	0.99999720 	0.97838176 	0.99517919 	
0.99746212 	0.99994873 	0.99999695 	0.99999408 	0.59200179 	0.99999661 	0.99999875 	0.98931830 	0.98916008 	0.99501478 	0.98089954 	0.99997526 	0.69316933 	0.99999720 	0.97838176 	0.99517919 	
0.99746212 	0.99994873 	0.99999695 	0.99999408 	0.59200179 	0.99999661 	0.99999875 	0.98931830 	0.98916008 	0.99501478 	0.98089954 	0.99997526 	0.69316933 	0.99999720 	0.97838176 	0.99517919 	
0.99746212 	0.99994873 	0.99999695 	0.99999408 	0.59200179 	0.99999661 	0.99999875 	0.98931830 	0.98916008 	0.99501478 	0.98089954 	0.99997526 	0.69316933 	0.99999720 	0.97838176 	0.99517919 	
0.99746212 	0.99994873 	0.99999695 	0.99999408 	0.59200179 	0.99999661 	0.99999875 	0.98931830 	0.98916008 	0.99501478 	0.98089954 	0.99997526 	0.69316933 	0.99999720 	0.97838176 	0.99517919 	
0.99746212 	0.99994873 	0.99999695 	0.99999408 	0.59200179 	0.99999661 	0.99999875 	0.98931830 	0.98916008 	0.99501478 	0.98089954 	0.99997526 	0.69316933 	0.99999720 	0.97838176 	0.99517919 	
0.99746212 	0.99994873 	0.99999695 	0.99999408 	0.59200179 	0.99999661 	0.99999875 	0.98931830 	0.98916008 	0.99501478 	0.98089954 	0.99997526 	0.69316933 	0.99999720 	0.97838176 	0.99511349 	
0.99746212 	0.99994873 	0.99999695 	0.99999408 	0.59200179 	0.99999661 	0.99999875 	0.98931830 	0.98916008 	0.99501478 	0.98089954 	0.99997526 	0.69316933 	0.99999720 	0.97838176 	0.99511349 	
0.99746212 	0.99994873 	0.99999695 	0.99999408 	0.59200179 	0.99999661 	0.99999875 	0.98931830 	0.98916008 	0.99501478 	0.98089954 	0.99997526 	0.69316933 	0.99999720 	0.97838176 	0.99511349 	
0.99746212 	0.99994873 	0.99999695 	0.99999408 	0.59200179 	0.99999661 	0.99999875 	0.98931830 	0.98916008 	0.99501478 	0.98089954 	0.99997526 	0.69316933 	0.99999720 	0.97838176 	0.99511349 	
0.99746212 	0.99994873 	0.99999695 	0.99999408 	0.59200179 	0.99999661 	0.99999875 	0.98931830 	0.98916008 	0.99501478 	0.98089954 	0.99997526 	0.69316933 	0.99999720 	0.97838176 	0.99511349 	
0.99746212 	0.99994873 	0.99999695 	0.99999408 	0.59200179 	0.99999661 	0.99999875 	0.98931830 	0.98916008 	0.99501478 	0.98089954 	0.99997526 	0.69316933 	0.99999720 	0.97838176 	0.99511349 	
0.99746212 	0.99994873 	0.99999695 	0.99999408 	0.59200179 	0.99999661 	0.99999875 	0.98931830 	0.98916008 	0.99501478 	0.98089954 	0.99997526 	0.69316933 	0.99999720 	0.97838176 	0.99511349 	
0.99746212 	0.99994873 	0.99999695 	0.99999408 	0.59200179 	0.99999661 	0.99999875 	0.98931830 	0.98916008 	0.99501478 	0.98089954 	0.99997526 	0.69316933 	0.99999720 	0.97838176 	0.99511349 	
0.99746212 	0.99994873 	0.99999695 	0.99999408 	0.59200179 	0.99999661 	0.99999875 	0.98968266 	0.98916008 	0.99501478 	0.98089954 	0.99997526 	0.69316933 	0.99999720 	0.97838176 	0.99511349 	
0.99746212 	0.99994873 	0.99999695 	0.99999408 	0.59200179 	0.99999661 	0.99999875 	0.98968266 	0.98916008 	0.99501478 	0.98089954 	0.99997526 	0.69316933 	0.99999720 	0.97838176 	0.99511349 	
0.99746212 	0.99994873 	0.99999695 	0.99999408 	0.59200179 	0.99999661 	0.99999875 	0.98968266 	0.98916008 	0.99501478 	0.98089954 	0.99997526 	0.69316933 	0.99999720 	0.97838176 	0.99511349 	
0.99746212 	0.99994873 	0.99999695 	0.99999408 	0.59200179 	0.99999661 	0.99999875 	0.98968266 	0.98916008 	0.99501478 	0.98088799 	0.99997526 	0.69316933 	0.99999720 	0.97838176 	0.99511349 	
0.99746212 	0.99994873 	0.99999695 	0.99999408 	0.59200179 	0.99999661 	0.99999875 	0.98968266 	0.98916008 	0.99501478 	0.98088799 	0.99998864 	0.69316933 	0.99999720 	0.97838176 	0.99511349 	
0.99746212 	0.99994873 	0.99999695 	0.99999408 	0.59200179 	0.99999661 	0.99999875 	0.98968266 	0.98916008 	0.99501478 	0.98088799 	0.99998864 	0.69316933 	0.99999720 	0.97838176 	0.99511349 	
0.99746212 	0.99994873 	0.99999695 	0.99999408 	0.59200179 	0.99999661 	0.99999875 	0.98968266 	0.98916008 	0.99501478 	0.98088799 	0.99998864 	0.69316933 	0.99999995 	0.97838176 	0.99511349 	
0.99746212 	0.99994873 	0.99999695 	0.99999408 	0.59200179 	0.99999661 	0.99999875 	0.98968266 	0.98916008 	0.99501478 	0.98088799 	0.99998864 	0.69316933 	0.99999995 	0.97839401 	0.99511349 	
0.99746212 	0.99994873 	0.99999695 	0.99999408 	0.59200179 	0.99999661 	0.99999875 	0.98968266 	0.98916008 	0.99501478 	0.98088799 	0.99998864 	0.69316933 	0.99999995 	0.97839401 	0.99511349 	
0.99746212 	0.99994873 	0.99999695 	0.99999408 	0.59200179 	0.99999661 	0.99999875 	0.98968266 	0.98916008 	0.99501478 	0.98088799 	0.99998864 	0.69316933 	0.99999995 	0.97839401 	0.99511349 	
0.99746212 	0.99994873 	0.99999695 	0.99999408 	0.59200179 	0.99999661 	0.99999875 	0.98968266 	0.98916008 	0.99501478 	0.98088799 	0.99998864 	0.69316933 	0.99999995 	0.97839401 	0.99511349 	
0.99746212 	0.99994873 	0.99999697 	0.99999408 	0.59200179 	0.99999661 	0.99999875 	0.98968266 	0.98916008 	0.99501478 	0.98088799 	0.99998864 	0.69316933 	0.99999995 	0.97839401 	0.99511349 	
0.99746212 	0.99994873 	0.99999697 	0.99999408 	0.59200179 	0.99999661 	0.99999875 	0.98968266 	0.98916008 	0.99501478 	0.98088799 	0.99998864 	0.69316933 	0.99999995 	0.97839401 	0.99511349 	
0.99746212 	0.99994873 	0.99999697 	0.99999408 	0.59200179 	0.99999661 	0.99999875 	0.98968266 	0.98916008 	0.99501478 	0.98088799 	0.99998864 	0.69316933 	0.99999995 	0.97839401 	0.99511349 	
0.99746212 	0.99994873 	0.99999697 	0.99999408 	0.59200179 	0.99999720 	0.99999875 	0.98968266 	0.98916008 	0.99501478 	0.98088799 	0.99998864 	0.69316933 	0.99999995 	0.97839401 	0.99511349 	
0.99746212 	0.99994873 	0.99999697 	0.99999408 	0.59200179 	0.99999720 	0.99999875 	0.98968266 	0.98916008 	0.99501478 	0.98088799 	0.99998864 	0.69316933 	0.99999995 	0.97839401 	0.99511349 	
0.99746212 	0.99994873 	0.99999697 	0.99999408 	0.59200179 	0.99999720 	0.99999875 	0.98968266 	0.98916008 	0.99501478 	0.98088799 	0.99998864 	0.69316933 	0.99999995 	0.97839401 	0.99511349 	
0.99746212 	0.99994873 	0.99999697 	0.99999408 	0.59200179 	0.99999720 	0.99999875 	0.98968266 	0.98916008 	0.99501478 	0.98088799 	0.99998864 	0.69316933 	0.99999995 	0.97839401 	0.99511349 	
0.99746212 	0.99994873 	0.99999697 	0.99999408 	0.59200179 	0.99999720 	0.99999875 	0.98968266 	0.98916008 	0.99504326 	0.98088799 	0.99998864 	0.69316933 	0.99999995 	0.97839401 	0.99511349 	
0.99746212 	0.99994873 	0.99999697 	0.99999408 	0.59200179 	0.99999720 	0.99999875 	0.98968266 	0.98916008 	0.99504326 	0.98077227 	0.99998864 	0.69316933 	0.99999995 	0.97839401 	0.99511349 	
0.99746212 	0.99994873 	0.99999697 	0.99999408 	0.59200179 	0.99999720 	0.99999875 	0.98968266 	0.98916008 	0.99504326 	0.98077227 	0.99999464 	0.69316933 	0.99999995 	0.97839401 	0.99511349 	
0.99746212 	0.99994873 	0.99999697 	0.99999408 	0.59200179 	0.99999720 	0.99999875 	0.98968266 	0.98916008 	0.99504326 	0.98077227 	0.99999464 	0.69316933 	0.99999995 	0.97839401 	0.99511349 	
0.99746212 	0.99994873 	0.99999697 	0.99999408 	0.59200179 	0.99999720 	0.99999875 	0.98968266 	0.98916008 	0.99504326 	0.98077227 	0.99999464 	0.69316933 	0.99999995 	0.97839401 	0.99511349 	
0.99746212 	0.99994873 	0.99999697 	0.99999408 	0.59200179 	0.99999720 	0.99999875 	0.98968266 	0.98916008 	0.99504326 	0.98077227 	0.99999464 	0.69316933 	0.99999995 	0.97839401 	0.99511349 	
0.99746212 	0.99994873 	0.99999697 	0.99999408 	0.59200179 	0.99999720 	0.99999875 	0.98968266 	0.98916008 	0.99504326 	0.98077227 	0.99999464 	0.69316933 	0.99999995 	0.97839401 	0.99511349 	
0.99989036 	0.99994873 	0.99999697 	0.99999408 	0.59200179 	0.99999720 	0.99999875 	0.98968266 	0.98916008 	0.99504326 	0.98077227 	0.99999464 	0.69316933 	0.99999995 	0.97839401 	0.99511349 	
0.99989036 	0.99994873 	0.99999697 	0.99999408 	0.59200179 	0.99999720 	0.99999875 	0.98968266 	0.98916008 	0.99504326 	0.98077227 	0.99999464 	0.69316933 	0.99999995 	0.97839401 	0.99511349 	
0.99989036 	0.99994873 	0.99999980 	0.99999408 	0.59200179 	0.99999720 	0.99999875 	0.98968266 	0.98916008 	0.99504326 	0.98077227 	0.99999464 	0.69316933 	0.99999995 	0.97839401 	0.99511349 	
0.99989036 	0.99994873 	0.99999980 	0.99999408 	0.59200179 	0.99999720 	0.99999875 	0.98968266 	0.98916008 	0.99504326 	0.98077227 	0.99999464 	0.69316933 	0.99999995 	0.97839401 	0.99511349 	
0.99989036 	0.99994873 	0.99999980 	0.99999408 	0.59200179 	0.99999720 	0.99999875 	0.98968266 	0.98916008 	0.99504326 	0.98077227 	0.99999464 	0.69316933 	0.99999995 	0.97839401 	0.99511349 	
0.99989036 	0.99994873 	0.99999980 	0.99999408 	0.59200179 	0.99999720 	0.99999875 	0.98968266 	0.98916008 	0.99504326 	0.98077227 	0.99999464 	0.69316933 	0.99999995 	0.97839401 	0.99511349 	
0.99989036 	0.99994873 	0.99999980 	0.99999408 	0.59200179 	0.99999720 	0.99999875 	0.98968266 	0.98916008 	0.99504326 	0.98077227 	0.99999464 	0.69316933 	0.99999995 	0.97839401 	0.99511349 	
0.99989036 	0.99994873 	0.99999980 	0.99999408 	0.59200179 	0.99999720 	0.99999875 	0.98968266 	0.98916008 	0.99504326 	0.98077227 	0.99999464 	0.69316933 	0.99999995 	0.97839401 	0.99511349 	
0.99989036 	0.99994873 	0.99999980 	0.99999408 	0.59200179 	0.99999720 	0.99999875 	0.98968266 	0.98914152 	0.99504326 	0.98077227 	0.99999464 	0.69316933 	0.99999995 	0.97839401 	0.99511349 	
0.99989036 	0.99994873 	0.99999980 	0.99999408 	0.59200179 	0.99999720 	0.99999875 	0.98968266 	0.98914152 	0.99504326 	0.98077227 	0.99999464 	0.69316933 	0.99999995 	0.97839401 	0.99511349 	
0.99989036 	0.99994873 	0.99999980 	0.99999408 	0.59200179 	0.99999720 	0.99999875 	0.98968266 	0.98914152 	0.99504326 	0.98077227 	0.99999464 	0.69316933 	0.99999995 	0.97839401 	0.99511349 	
0.99989036 	0.99994873 	0.99999980 	0.99999408 	0.59200179 	0.99999720 	0.99999875 	0.98968266 	0.98914152 	0.99504326 	0.98077227 	0.99999464 	0.69316933 	0.99999995 	0.97839401 	0.99511349 	
0.99989036 	0.99994873 	0.99999980 	0.99999408 	0.59200179 	0.99999720 	0.99999875 	0.98968266 	0.98914152 	0.99504326 	0.98077227 	0.99999464 	0.69316933 	0.99999995 	0.97839401 	0.99511349 	
0.99989036 	0.99994873 	0.99999980 	0.99999408 	0.59200179 	0.99999720 	0.99999875 	0.98968266 	0.98914152 	0.99504326 	0.98077227 	0.99999464 	0.69316933 	0.99999995 	0.97839401 	0.99511349 	
0.99989036 	0.99994873 	0.99999980 	0.99999408 	0.59200179 	0.99999720 	0.99999875 	0.98968266 	0.98914152 	0.99504326 	0.98077227 	0.99999464 	0.69316933 	0.99999995 	0.97842233 	0.99511349 	
0.99989036 	0.99994873 	0.99999980 	0.99999408 	0.59200179 	0.99999720 	0.99999875 	0.98968266 	0.98914152 	0.99504326 	0.98077227 	0.99999464 	0.69316933 	0.99999995 	0.97842233 	0.99511349 	
0.99989036 	0.99994873 	0.99999980 	0.99999408 	0.59200179 	0.99999720 	0.99999875 	0.98968266 	0.98914152 	0.99504326 	0.98077227 	0.99999464 	0.69316933 	0.99999995 	0.97842233 	0.99511349 	
0.99989036 	0.99994873 	0.99999980 	0.99999408 	0.59200179 	0.99999720 	0.99999875 	0.98968266 	0.98914152 	0.99504326 	0.98077227 	0.99999464 	0.69316933 	0.99999995 	0.97842233 	0.99511349 	
0.99989036 	0.99994873 	0.99999983 	0.99999408 	0.59200179 	0.99999720 	0.99999875 	0.98968266 	0.98914152 	0.99504326 	0.98077227 	0.99999464 	0.69316933 	0.99999995 	0.97842233 	0.99511349 	
0.99989036 	0.99994873 	0.99999983 	0.99999408 	0.59200179 	0.99999720 	0.99999875 	0.98968266 	0.98914152 	0.99504326 	0.98077227 	0.99999464 	0.69316933 	0.99999995 	0.97842233 	0.99511349 	
0.99989036 	0.99994873 	0.99999983 	0.99999408 	0.59200179 	0.99999720 	0.99999875 	0.98968266 	0.98914152 	0.99504326 	0.98077227 	0.99999464 	0.69316933 	0.99999995 	0.97842233 	0.99511349 	
0.99989036 	0.99994873 	0.99999983 	0.99999408 	0.59200179 	0.99999957 	0.99999875 	0.98968266 	0.98914152 	0.99504326 	0.98077227 	0.99999464 	0.69316933 	0.99999995 	0.97842233 	0.99511349 	
0.99989036 	0.99994873 	0.99999983 	0.99999408 	0.59200179 	0.99999957 	0.99999875 	0.98968266 	0.98914152 	0.99504326 	0.98077227 	0.99999464 	0.69316933 	0.99999995 	0.97842233 	0.99511349 	
0.99989036 	0.99994873 	0.99999983 	0.99999408 	0.59200179 	0.99999957 	0.99999875 	0.98968266 	0.98914152 	0.99504326 	0.98077227 	0.99999464 	0.69316933 	0.99999995 	0.97842233 	0.99511349 	
0.99989036 	0.99994873 	0.99999983 	0.99999408 	0.59200179 	0.99999957 	0.99999875 	0.98968266 	0.98914152 	0.99504326 	0.98077227 	0.99999464 	0.69316933 	0.99999995 	0.97842233 	0.99511349 	
0.99989036 	0.99994873 	0.99999983 	0.99999408 	0.59200179 	0.99999957 	0.99999875 	0.98968266 	0.98914152 	0.99504326 	0.98077227 	0.99999464 	0.69316933 	0.99999995 	0.97842233 	0.99511349 	
0.99989036 	0.99994873 	0.99999983 	0.99999408 	0.59200179 	0.99999957 	0.99999875 	0.98968266 	0.98914152 	0.99504326 	0.98077227 	0.99999464 	0.69316933 	0.99999995 	0.97842233 	0.99511349 	
0.99989036 	0.99994873 	0.99999983 	0.99999408 	0.59200179 	0.99999957 	0.99999875 	0.98968266 	0.98914152 	0.99504326 	0.98077227 	0.99999813 	0.69316933 	0.99999995 	0.97842233 	0.99511349 	
0.99989036 	0.99994873 	0.99999983 	0.99999408 	0.59200179 	0.99999957 	0.99999875 	0.98968266 	0.98914152 	0.99504326 	0.98077227 	0.99999813 	0.69316933 	0.99999995 	0.97842233 	0.99511349 	
0.99989036 	0.99994873 	0.99999983 	0.99999408 	0.59200179 	0.99999957 	0.99999875 	0.98968266 	0.98914152 	0.99504326 	0.98077227 	0.99999813 	0.69316933 	0.99999995 	0.97842233 	0.99511349 	
0.99989036 	0.99994873 	0.99999983 	0.99999408 	0.59200179 	0.99999957 	0.99999875 	0.98968266 	0.98914152 	0.99504326 	0.98077227 	0.99999813 	0.69316933 	0.99999995 	0.97845130 	0.99511349 	
0.99989036 	0.99994873 	0.99999983 	0.99999408 	0.59200179 	0.99999957 	0.99999875 	0.98968266 	0.98914152 	0.99504326 	0.98077227 	0.99999813 	0.69316933 	0.99999995 	0.97845130 	0.99511349 	
0.99989036 	0.99994873 	0.99999983 	0.99999408 	0.59200179 	0.99999957 	0.99999875 	0.98968266 	0.98914152 	0.99504326 	0.98077227 	0.99999813 	0.69316933 	0.99999995 	0.97845130 	0.99511349 	
0.99989036 	0.99996338 	0.99999983 	0.99999408 	0.59200179 	0.99999957 	0.99999875 	0.98968266 	0.98914152 	0.99504326 	0.98077227 	0.99999813 	0.69316933 	0.99999995 	0.97845130 	0.99511349 	
0.99989036 	0.99996338 	0.99999983 	0.99999408 	0.59200179 	0.99999957 	0.99999875 	0.98968266 	0.98914152 	0.99504326 	0.98077227 	0.99999813 	0.69316933 	0.99999995 	0.97845130 	0.99511349 	
0.99989036 	0.99996338 	0.99999983 	0.99999408 	0.59200179 	0.99999957 	0.99999875 	0.98968266 	0.98914152 	0.99504326 	0.98077227 	0.99999813 	0.69316933 	0.99999995 	0.97845130 	0.99511349 	
0.99989036 	0.99996338 	0.99999983 	0.99999408 	0.59200179 	0.99999957 	0.99999875 	0.98968266 	0.98914152 	0.99504326 	0.98077227 	0.99999813 	0.69316933 	0.99999995 	0.97845130 	0.99511349 	
0.99989036 	0.99996338 	0.99999983 	0.99999408 	0.59200179 	0.99999957 	0.99999875 	0.98968266 	0.98914152 	0.99504326 	0.98077227 	0.99999813 	0.69316933 	0.99999995 	0.97845130 	0.99511349 	
0.99989036 	0.99996338 	0.99999983 	0.99999408 	0.59200179 	0.99999957 	0.99999875 	0.98968266 	0.98914152 	0.99504326 	0.98077227 	0.99999813 	0.69316933 	0.99999995 	0.97845130 	0.99511349 	
0.99989036 	0.99996338 	0.99999983 	0.99999408 	0.59200179 	0.99999957 	0.99999875 	0.98968266 	0.98914152 	0.99504326 	0.98077227 	0.99999813 	0.69316933 	0.99999995 	0.97845130 	0.99511349 	
0.99989036 	0.99996338 	0.99999983 	0.99999408 	0.59200179 	0.99999957 	0.99999875 	0.98968266 	0.98914152 	0.99504326 	0.98077227 	0.99999813 	0.69316933 	0.99999995 	0.97845130 	0.99511349 	
0.99989036 	0.99996338 	0.99999983 	0.99999408 	0.59200179 	0.99999957 	0.99999875 	0.98968266 	0.98914152 	0.99504326 	0.98077227 	0.99999813 	0.69316933 	0.99999995 	0.97845130 	0.99511349 	
0.99989036 	0.99996338 	0.99999983 	0.99999408 	0.59200179 	0.99999957 	0.99999875 	0.98968266 	0.98914152 	0.99504326 	0.98071836 	0.99999813 	0.69316933 	0.99999995 	0.97845130 	0.99511349 	
0.99989036 	0.99996338 	0.99999983 	0.99999408 	0.59200179 	0.99999957 	0.99999875 	0.98968266 	0.98914152 	0.99504326 	0.98071836 	0.99999813 	0.69316933 	0.99999995 	0.97845130 	0.99511349 	
0.99989036 	0.99996338 	0.99999983 	0.99999408 	0.59200179 	0.99999957 	0.99999875 	0.98968266 	0.98914152 	0.99504326 	0.98071836 	0.99999813 	0.69316933 	0.99999995 	0.97845130 	0.99511349 	
0.99989036 	0.99996338 	0.99999983 	0.99999408 	0.59200179 	0.99999957 	0.99999875 	0.98968266 	0.98914152 	0.99504326 	0.98071836 	0.99999813 	0.69316933 	0.99999995 	0.97845130 	0.99511349 	
0.99989036 	0.99996338 	0.99999983 	0.99999408 	0.59200179 	0.99999957 	0.99999875 	0.98968266 	0.98914152 	0.99504326 	0.98071836 	0.99999813 	0.69316933 	0.99999995 	0.97849973 	0.99511349 	
0.99989036 	0.99996338 	0.99999983 	0.99999408 	0.59200179 	0.99999957 	0.99999875 	0.98968266 	0.98914152 	0.99504326 	0.98071836 	0.99999813 	0.69316933 	0.99999995 	0.97849973 	0.99511349 	
0.99950026 	0.99996338 	0.99999983 	0.99999408 	0.59200179 	0.99999957 	0.99999875 	0.98968266 	0.98914152 	0.99504326 	0.98071836 	0.99999813 	0.69316933 	0.99999995 	0.97849973 	0.99511349 	
0.99950026 	0.99996390 	0.99999983 	0.99999408 	0.59200179 	0.99999957 	0.99999875 	0.98968266 	0.98914152 	0.99504326 	0.98071836 	0.99999813 	0.69316933 	0.99999995 	0.97849973 	0.99511349 	
0.99950026 	0.99996390 	0.99999983 	0.99999408 	0.59200179 	0.99999957 	0.99999875 	0.98968266 	0.98914152 	0.99504326 	0.98071836 	0.99999813 	0.69316933 	0.99999995 	0.97849973 	0.99511349 	
0.99950026 	0.99996390 	0.99999983 	0.99999984 	0.59200179 	0.99999957 	0.99999875 	0.98968266 	0.98914152 	0.99504326 	0.98071836 	0.99999813 	0.69316933 	0.99999995 	0.97849973 	0.99511349 	
0.99950026 	0.99996390 	0.99999983 	0.99999984 	0.59231571 	0.99999957 	0.99999875 	0.98968266 	0.98914152 	0.99504326 	0.98071836 	0.99999813 	0.69316933 	0.99999995 	0.97849973 	0.99511349 	
0.99950026 	0.99996390 	0.99999983 	0.99999984 	0.59231571 	0.99999957 	0.99999875 	0.98968266 	0.98914152 	0.99504326 	0.98071836 	0.99999813 	0.69316933 	0.99999995 	0.97849973 	0.99511349 	
0.99950026 	0.99996390 	0.99999983 	0.99999984 	0.59231571 	0.99999957 	0.99999875 	0.98968266 	0.98914152 	0.99504326 	0.98071836 	0.99999813 	0.69316933 	0.99999995 	0.97849973 	0.99511349 	
0.99950026 	0.99996390 	0.99999983 	0.99999984 	0.59231571 	0.99999957 	0.99999875 	0.98968266 	0.98914152 	0.99504326 	0.98071836 	0.99999813 	0.69316933 	0.99999995 	0.97849973 	0.99511349 	
0.99950026 	0.99996390 	0.99999983 	0.99999984 	0.59231571 	0.99999957 	0.99999875 	0.98968266 	0.98914152 	0.99504326 	0.98071836 	0.99999813 	0.69316933 	0.99999995 	0.97849973 	0.99511349 	
0.99950026 	0.99996390 	0.99999983 	0.99999984 	0.59231571 	0.99999957 	0.99999875 	0.98968266 	0.98914152 	0.99504326 	0.98071836 	0.99999813 	0.69316933 	0.99999995 	0.97849973 	0.99511349 	
0.99950026 	0.99996390 	0.99999983 	0.99999984 	0.59231571 	0.99999957 	0.99999875 	0.98968266 	0.98914152 	0.99504326 	0.98071836 	0.99999813 	0.69316933 	0.99999995 	0.97849973 	0.99511349 	
0.99950026 	0.99996390 	0.99999983 	0.99999984 	0.59231571 	0.99999957 	0.99999875 	0.98968266 	0.98914152 	0.99504326 	0.98071836 	0.99999813 	0.69316933 	0.99999995 	0.97849973 	0.99511349 	
0.99950026 	0.99996390 	0.99999983 	0.99999984 	0.59231571 	0.99999957 	0.99999875 	0.98968266 	0.98914152 	0.99504326 	0.98071836 	0.99999813 	0.69316927 	0.99999995 	0.97849973 	0.99511349 	
0.99950026 	0.99996390 	0.99999983 	0.99999984 	0.59231571 	0.99999957 	0.99999875 	0.98968266 	0.98914152 	0.99504326 	0.98071836 	0.99999813 	0.69316927 	0.99999995 	0.97849973 	0.99511349 	
0.99950026 	0.99996390 	0.99999983 	0.99999984 	0.59231571 	0.99999957 	0.99999875 	0.98968266 	0.98914152 	0.99504326 	0.98071836 	0.99999813 	0.69316927 	0.99999995 	0.97849973 	0.99511349 	
0.99950026 	0.99996390 	0.99999983 	0.99999984 	0.59231571 	0.99999957 	0.99999875 	0.98968266 	0.98914152 	0.99504326 	0.98071836 	0.99999813 	0.69316927 	0.99999995 	0.97849973 	0.99511349 	
0.99950026 	0.99996390 	0.99999983 	0.99999984 	0.59231571 	0.99999957 	0.99999875 	0.98968266 	0.98914152 	0.99504326 	0.98071836 	0.99999813 	0.69316927 	0.99999995 	0.97849973 	0.99511349 	
0.99950026 	0.99996933 	0.99999983 	0.99999984 	0.59231571 	0.99999957 	0.99999875 	0.98968266 	0.98914152 	0.99504326 	0.98071836 	0.99999813 	0.69316927 	0.99999995 	0.97849973 	0.99511349 	
0.99950026 	0.99996933 	0.99999983 	0.99999984 	0.59231571 	0.99999957 	0.99999875 	0.98968266 	0.98914152 	0.99504326 	0.98071836 	0.99999813 	0.69316927 	0.99999995 	0.97849973 	0.99511349 	
0.99950026 	0.99996933 	0.99999983 	0.99999984 	0.59231571 	0.99999957 	0.99999875 	0.98968266 	0.98914152 	0.99504326 	0.98071836 	0.99999813 	0.69316927 	0.99999995 	0.97849973 	0.99511349 	
0.99950026 	0.99996933 	0.99999983 	0.99999984 	0.59231571 	0.99999957 	0.99999875 	0.98968266 	0.98914152 	0.99504326 	0.98071836 	0.99999813 	0.69316927 	0.99999995 	0.97849973 	0.99511349 	
0.99950026 	0.99996933 	0.99999983 	0.99999984 	0.59231571 	0.99999957 	0.99999875 	0.98968266 	0.98914152 	0.99504326 	0.98071836 	0.99999813 	0.69316927 	0.99999995 	0.97849973 	0.99511349 	
0.99950026 	0.99996933 	0.99999983 	0.99999984 	0.59231571 	0.99999957 	0.99999875 	0.98968266 	0.98914152 	0.99504326 	0.98071836 	0.99999813 	0.69316927 	0.99999995 	0.97849973 	0.99511349 	
0.99950026 	0.99996933 	0.99999983 	0.99999984 	0.59231571 	0.99999957 	0.99999875 	0.98975366 	0.98914152 	0.99504326 	0.98071836 	0.99999813 	0.69316927 	0.99999995 	0.97849973 	0.99511349 	
0.99950026 	0.99996933 	0.99999983 	0.99999984 	0.59231571 	0.99999957 	0.99999875 	0.98975366 	0.98914152 	0.99504326 	0.98071836 	0.99999813 	0.69316927 	0.99999995 	0.97849973 	0.99511349 	
0.99950026 	0.99996933 	0.99999983 	0.99999984 	0.59231571 	0.99999957 	0.99999875 	0.98975366 	0.98914152 	0.99504326 	0.98071836 	0.99999813 	0.69316927 	0.99999995 	0.97849973 	0.99511349 	
0.99950026 	0.99996933 	0.99999983 	0.99999984 	0.59231571 	0.99999957 	0.99999875 	0.98975366 	0.98914152 	0.99504326 	0.98071836 	0.99999813 	0.69316927 	0.99999995 	0.97849973 	0.99511349 	
0.99950026 	0.99996933 	0.99999983 	0.99999984 	0.59231571 	0.99999957 	0.99999875 	0.98975366 	0.98914152 	0.99504326 	0.98071836 	0.99999916 	0.69316927 	0.99999995 	0.97849973 	0.99511349 	
0.99950026 	0.99996933 	0.99999983 	0.99999984 	0.59231571 	0.99999957 	0.99999875 	0.98975366 	0.98914152 	0.99504326 	0.98071836 	0.99999916 	0.69316927 	0.99999995 	0.97849973 	0.99511349 	
0.99950026 	0.99996933 	0.99999983 	0.99999984 	0.59231571 	0.99999957 	0.99999875 	0.98975366 	0.98914152 	0.99504326 	0.98071836 	0.99999916 	0.69316927 	0.99999995 	0.97849973 	0.99511349 	
0.99950026 	0.99996933 	0.99999983 	0.99999984 	0.59231571 	0.99999957 	0.99999875 	0.98975366 	0.98914152 	0.99504326 	0.98071836 	0.99999916 	0.69316927 	0.99999995 	0.97849973 	0.99511349 	
0.99950026 	0.99996933 	0.99999983 	0.99999984 	0.59231571 	0.99999957 	0.99999875 	0.98975366 	0.98914152 	0.99504326 	0.98071836 	0.99999916 	0.69316927 	0.99999995 	0.97849973 	0.99499560 	
0.99949465 	0.99996933 	0.99999983 	0.99999984 	0.59231571 	0.99999957 	0.99999875 	0.98975366 	0.98914152 	0.99504326 	0.98071836 	0.99999916 	0.69316927 	0.99999995 	0.97849973 	0.99499560 	
0.99949465 	0.99998485 	0.99999983 	0.99999984 	0.59231571 	0.99999957 	0.99999875 	0.98975366 	0.98914152 	0.99504326 	0.98071836 	0.99999916 	0.69316927 	0.99999995 	0.97849973 	0.99499560 	
0.99949465 	0.99998485 	0.99999987 	0.99999984 	0.59231571 	0.99999957 	0.99999875 	0.98975366 	0.98914152 	0.99504326 	0.98071836 	0.99999916 	0.69316927 	0.99999995 	0.97849973 	0.99499560 	
0.99949465 	0.99998485 	0.99999987 	0.99999984 	0.59231571 	0.99999957 	0.99999875 	0.98975366 	0.98914152 	0.99504326 	0.98071836 	0.99999916 	0.69316927 	0.99999995 	0.97849973 	0.99499560 	
0.99949465 	0.99998485 	0.99999987 	0.99999984 	0.59231571 	0.99999957 	0.99999875 	0.98975366 	0.98914152 	0.99504326 	0.98071836 	0.99999916 	0.69316927 	0.99999995 	0.97849973 	0.99499560 	
0.99949465 	0.99998485 	0.99999987 	0.99999984 	0.59231571 	0.99999957 	0.99999875 	0.98975366 	0.98914152 	0.99504326 	0.98071836 	0.99999916 	0.69316927 	0.99999995 	0.97849973 	0.99499560 	
0.99949465 	0.99998485 	0.99999987 	0.99999984 	0.59231571 	0.99999957 	0.99999875 	0.98975366 	0.98914152 	0.99504326 	0.98071836 	0.99999916 	0.69316927 	0.99999995 	0.97849973 	0.99499560 	
0.99949465 	0.99998485 	0.99999987 	0.99999984 	0.59231571 	0.99999957 	0.99999875 	0.98975366 	0.98914152 	0.99504326 	0.98071836 	0.99999916 	0.69316927 	0.99999995 	0.97849973 	0.99499560 	
0.99949465 	0.99998485 	0.99999987 	0.99999984 	0.59231571 	0.99999957 	0.99999875 	0.98975366 	0.98914152 	0.99504326 	0.98071836 	0.99999916 	0.69316927 	0.99999995 	0.97849973 	0.99499560 	
0.99949465 	0.99998485 	0.99999987 	0.99999984 	0.59231571 	0.99999957 	0.99999875 	0.98975366 	0.98914152 	0.99505058 	0.98071836 	0.99999916 	0.69316927 	0.99999995 	0.97849973 	0.99499560 	
0.99949465 	0.99998485 	0.99999987 	0.99999984 	0.59231571 	0.99999957 	0.99999875 	0.98975366 	0.98914152 	0.99505058 	0.98059486 	0.99999916 	0.69316927 	0.99999995 	0.97849973 	0.99499560 	
0.99949465 	0.99998485 	0.99999987 	0.99999984 	0.59231571 	0.99999957 	0.99999875 	0.98975366 	0.98914152 	0.99505058 	0.98059486 	0.99999938 	0.69316927 	0.99999995 	0.97849973 	0.99499560 	
0.99949465 	0.99998485 	0.99999987 	0.99999984 	0.59231571 	0.99999957 	0.99999875 	0.98975366 	0.98914152 	0.99505058 	0.98059486 	0.99999938 	0.69280754 	0.99999995 	0.97849973 	0.99499560 	
0.99949465 	0.99998485 	0.99999987 	0.99999984 	0.59231571 	0.99999957 	0.99999875 	0.98975366 	0.98914152 	0.99505058 	0.98059486 	0.99999938 	0.69280754 	0.99999995 	0.97849973 	0.99499560 	
0.99949465 	0.99998485 	0.99999987 	0.99999984 	0.59231571 	0.99999957 	0.99999875 	0.98975366 	0.98914152 	0.99505058 	0.98059486 	0.99999938 	0.69280754 	0.99999995 	0.97849973 	0.99499560 	
0.99949465 	0.99998485 	0.99999987 	0.99999984 	0.59231571 	0.99999957 	0.99999875 	0.98975366 	0.98914152 	0.99505058 	0.98059486 	0.99999938 	0.69280754 	0.99999995 	0.97849973 	0.99499560 	
