0.82609620 	0.50803881 	0.73412741 	0.78292040 	0.85803447 	0.92566409 	0.52025109 	0.47908377 	0.51464880 	0.65181032 	0.14671360 	0.85996718 	0.88183481 	0.11093013 	0.08166958 	0.62475280 	
0.82609620 	0.94259357 	0.73412741 	0.78292040 	0.85803447 	0.92566409 	0.52025109 	0.47908377 	0.51464880 	0.65181032 	0.14671360 	0.85996718 	0.88183481 	0.11093013 	0.08166958 	0.62475280 	
0.82609620 	0.94259357 	0.99847057 	0.78292040 	0.85803447 	0.92566409 	0.52025109 	0.47908377 	0.51464880 	0.65181032 	0.14671360 	0.85996718 	0.88183481 	0.11093013 	0.08166958 	0.62475280 	
0.82609620 	0.94259357 	0.99847057 	0.96642850 	0.85803447 	0.92566409 	0.52025109 	0.47908377 	0.51464880 	0.65181032 	0.14671360 	0.85996718 	0.88183481 	0.11093013 	0.08166958 	0.62475280 	
0.82609620 	0.94259357 	0.99847057 	0.96642850 	0.79799364 	0.92566409 	0.52025109 	0.47908377 	0.51464880 	0.65181032 	0.14671360 	0.85996718 	0.88183481 	0.11093013 	0.08166958 	0.62475280 	
0.82609620 	0.94259357 	0.99847057 	0.96642850 	0.79799364 	0.99108723 	0.52025109 	0.47908377 	0.51464880 	0.65181032 	0.14671360 	0.85996718 	0.88183481 	0.11093013 	0.08166958 	0.62475280 	
0.82609620 	0.94259357 	0.99847057 	0.96642850 	0.79799364 	0.99108723 	0.95339997 	0.47908377 	0.51464880 	0.65181032 	0.14671360 	0.85996718 	0.88183481 	0.11093013 	0.08166958 	0.62475280 	
0.82609620 	0.94259357 	0.99847057 	0.96642850 	0.79799364 	0.99108723 	0.95339997 	0.92814431 	0.51464880 	0.65181032 	0.14671360 	0.85996718 	0.88183481 	0.11093013 	0.08166958 	0.62475280 	
0.82609620 	0.94259357 	0.99847057 	0.96642850 	0.79799364 	0.99108723 	0.95339997 	0.92814431 	0.99797448 	0.65181032 	0.14671360 	0.85996718 	0.88183481 	0.11093013 	0.08166958 	0.62475280 	
0.82609620 	0.94259357 	0.99847057 	0.96642850 	0.79799364 	0.99108723 	0.95339997 	0.92814431 	0.99797448 	0.96305848 	0.14671360 	0.85996718 	0.88183481 	0.11093013 	0.08166958 	0.62475280 	
0.82609620 	0.94259357 	0.99847057 	0.96642850 	0.79799364 	0.99108723 	0.95339997 	0.92814431 	0.99797448 	0.96305848 	0.83435561 	0.85996718 	0.88183481 	0.11093013 	0.08166958 	0.62475280 	
0.82609620 	0.94259357 	0.99847057 	0.96642850 	0.79799364 	0.99108723 	0.95339997 	0.92814431 	0.99797448 	0.96305848 	0.83435561 	0.94893580 	0.88183481 	0.11093013 	0.08166958 	0.62475280 	
0.82609620 	0.94259357 	0.99847057 	0.96642850 	0.79799364 	0.99108723 	0.95339997 	0.92814431 	0.99797448 	0.96305848 	0.83435561 	0.94893580 	0.72134976 	0.11093013 	0.08166958 	0.62475280 	
0.82609620 	0.94259357 	0.99847057 	0.96642850 	0.79799364 	0.99108723 	0.95339997 	0.92814431 	0.99797448 	0.96305848 	0.83435561 	0.94893580 	0.72134976 	0.97265791 	0.08166958 	0.62475280 	
0.82609620 	0.94259357 	0.99847057 	0.96642850 	0.79799364 	0.99108723 	0.95339997 	0.92814431 	0.99797448 	0.96305848 	0.83435561 	0.94893580 	0.72134976 	0.97265791 	0.94788614 	0.62475280 	
0.82609620 	0.94259357 	0.99847057 	0.96642850 	0.79799364 	0.99108723 	0.95339997 	0.92814431 	0.99797448 	0.96305848 	0.83435561 	0.94893580 	0.72134976 	0.97265791 	0.94788614 	0.99367177 	
0.82609620 	0.94259357 	0.99847057 	0.96642850 	0.79799364 	0.99108723 	0.95339997 	0.92814431 	0.99797448 	0.96305848 	0.83435561 	0.94893580 	0.72134976 	0.97265791 	0.94788614 	0.99367177 	
0.82609620 	0.98371633 	0.99847057 	0.96642850 	0.79799364 	0.99108723 	0.95339997 	0.92814431 	0.99797448 	0.96305848 	0.83435561 	0.94893580 	0.72134976 	0.97265791 	0.94788614 	0.99367177 	
0.82609620 	0.98371633 	0.99991014 	0.96642850 	0.79799364 	0.99108723 	0.95339997 	0.92814431 	0.99797448 	0.96305848 	0.83435561 	0.94893580 	0.72134976 	0.97265791 	0.94788614 	0.99367177 	
0.82609620 	0.98371633 	0.99991014 	0.97063667 	0.79799364 	0.99108723 	0.95339997 	0.92814431 	0.99797448 	0.96305848 	0.83435561 	0.94893580 	0.72134976 	0.97265791 	0.94788614 	0.99367177 	
0.82609620 	0.98371633 	0.99991014 	0.97063667 	0.60879066 	0.99108723 	0.95339997 	0.92814431 	0.99797448 	0.96305848 	0.83435561 	0.94893580 	0.72134976 	0.97265791 	0.94788614 	0.99367177 	
0.82609620 	0.98371633 	0.99991014 	0.97063667 	0.60879066 	0.99108723 	0.95339997 	0.92814431 	0.99797448 	0.96305848 	0.83435561 	0.94893580 	0.72134976 	0.97265791 	0.94788614 	0.99367177 	
0.82609620 	0.98371633 	0.99991014 	0.97063667 	0.60879066 	0.99108723 	0.95339997 	0.92814431 	0.99797448 	0.96305848 	0.83435561 	0.94893580 	0.72134976 	0.97265791 	0.94788614 	0.99367177 	
0.82609620 	0.98371633 	0.99991014 	0.97063667 	0.60879066 	0.99108723 	0.95339997 	0.92814431 	0.99797448 	0.96305848 	0.83435561 	0.94893580 	0.72134976 	0.97265791 	0.94788614 	0.99367177 	
0.82609620 	0.98371633 	0.99991014 	0.97063667 	0.60879066 	0.99108723 	0.95339997 	0.92814431 	0.99797448 	0.96305848 	0.83435561 	0.94893580 	0.72134976 	0.97265791 	0.94788614 	0.99367177 	
0.82609620 	0.98371633 	0.99991014 	0.97063667 	0.60879066 	0.99108723 	0.95339997 	0.92814431 	0.99797448 	0.96305848 	0.83435561 	0.94893580 	0.72134976 	0.97265791 	0.94788614 	0.99367177 	
0.82609620 	0.98371633 	0.99991014 	0.97063667 	0.60879066 	0.99108723 	0.95339997 	0.92814431 	0.99797448 	0.96305848 	0.84174452 	0.94893580 	0.72134976 	0.97265791 	0.94788614 	0.99367177 	
0.82609620 	0.98371633 	0.99991014 	0.97063667 	0.60879066 	0.99108723 	0.95339997 	0.92814431 	0.99797448 	0.96305848 	0.84174452 	0.94893580 	0.72134976 	0.97265791 	0.94788614 	0.99367177 	
0.82609620 	0.98371633 	0.99991014 	0.97063667 	0.60879066 	0.99108723 	0.95339997 	0.92814431 	0.99797448 	0.96305848 	0.84174452 	0.94893580 	0.72343280 	0.97265791 	0.94788614 	0.99367177 	
0.82609620 	0.98371633 	0.99991014 	0.97063667 	0.60879066 	0.99108723 	0.95339997 	0.92814431 	0.99797448 	0.96305848 	0.84174452 	0.94893580 	0.72343280 	0.97760522 	0.94788614 	0.99367177 	
0.82609620 	0.98371633 	0.99991014 	0.97063667 	0.60879066 	0.99108723 	0.95339997 	0.92814431 	0.99797448 	0.96305848 	0.84174452 	0.94893580 	0.72343280 	0.97760522 	0.99750595 	0.99367177 	
0.82609620 	0.98371633 	0.99991014 	0.97063667 	0.60879066 	0.99108723 	0.95339997 	0.92814431 	0.99797448 	0.96305848 	0.84174452 	0.94893580 	0.72343280 	0.97760522 	0.99750595 	0.99978349 	
0.94726485 	0.98371633 	0.99991014 	0.97063667 	0.60879066 	0.99108723 	0.95339997 	0.92814431 	0.99797448 	0.96305848 	0.84174452 	0.94893580 	0.72343280 	0.97760522 	0.99750595 	0.99978349 	
0.94726485 	0.98576207 	0.99991014 	0.97063667 	0.60879066 	0.99108723 	0.95339997 	0.92814431 	0.99797448 	0.96305848 	0.84174452 	0.94893580 	0.72343280 	0.97760522 	0.99750595 	0.99978349 	
0.94726485 	0.98576207 	0.99991014 	0.97063667 	0.60879066 	0.99108723 	0.95339997 	0.92814431 	0.99797448 	0.96305848 	0.84174452 	0.94893580 	0.72343280 	0.97760522 	0.99750595 	0.99978349 	
0.94726485 	0.98576207 	0.99991014 	0.99213739 	0.60879066 	0.99108723 	0.95339997 	0.92814431 	0.99797448 	0.96305848 	0.84174452 	0.94893580 	0.72343280 	0.97760522 	0.99750595 	0.99978349 	
0.94726485 	0.98576207 	0.99991014 	0.99213739 	0.60879066 	0.99108723 	0.95339997 	0.92814431 	0.99797448 	0.96305848 	0.84174452 	0.94893580 	0.72343280 	0.97760522 	0.99750595 	0.99978349 	
0.94726485 	0.98576207 	0.99991014 	0.99213739 	0.60879066 	0.98940568 	0.95339997 	0.92814431 	0.99797448 	0.96305848 	0.84174452 	0.94893580 	0.72343280 	0.97760522 	0.99750595 	0.99978349 	
0.94726485 	0.98576207 	0.99991014 	0.99213739 	0.60879066 	0.98940568 	0.95556095 	0.92814431 	0.99797448 	0.96305848 	0.84174452 	0.94893580 	0.72343280 	0.97760522 	0.99750595 	0.99978349 	
0.94726485 	0.98576207 	0.99991014 	0.99213739 	0.60879066 	0.98940568 	0.95556095 	0.93646566 	0.99797448 	0.96305848 	0.84174452 	0.94893580 	0.72343280 	0.97760522 	0.99750595 	0.99978349 	
0.94726485 	0.98576207 	0.99991014 	0.99213739 	0.60879066 	0.98940568 	0.95556095 	0.93646566 	0.99797448 	0.96305848 	0.84174452 	0.94893580 	0.72343280 	0.97760522 	0.99750595 	0.99978349 	
0.94726485 	0.98576207 	0.99991014 	0.99213739 	0.60879066 	0.98940568 	0.95556095 	0.93646566 	0.99797448 	0.99715453 	0.84174452 	0.94893580 	0.72343280 	0.97760522 	0.99750595 	0.99978349 	
0.94726485 	0.98576207 	0.99991014 	0.99213739 	0.60879066 	0.98940568 	0.95556095 	0.93646566 	0.99797448 	0.99715453 	0.93788564 	0.94893580 	0.72343280 	0.97760522 	0.99750595 	0.99978349 	
0.94726485 	0.98576207 	0.99991014 	0.99213739 	0.60879066 	0.98940568 	0.95556095 	0.93646566 	0.99797448 	0.99715453 	0.93788564 	0.98058991 	0.72343280 	0.97760522 	0.99750595 	0.99978349 	
0.94726485 	0.98576207 	0.99991014 	0.99213739 	0.60879066 	0.98940568 	0.95556095 	0.93646566 	0.99797448 	0.99715453 	0.93788564 	0.98058991 	0.72343280 	0.97760522 	0.99750595 	0.99978349 	
0.94726485 	0.98576207 	0.99991014 	0.99213739 	0.60879066 	0.98940568 	0.95556095 	0.93646566 	0.99797448 	0.99715453 	0.93788564 	0.98058991 	0.72343280 	0.98933452 	0.99750595 	0.99978349 	
0.94726485 	0.98576207 	0.99991014 	0.99213739 	0.60879066 	0.98940568 	0.95556095 	0.93646566 	0.99797448 	0.99715453 	0.93788564 	0.98058991 	0.72343280 	0.98933452 	0.99965759 	0.99978349 	
0.94726485 	0.98576207 	0.99991014 	0.99213739 	0.60879066 	0.98940568 	0.95556095 	0.93646566 	0.99797448 	0.99715453 	0.93788564 	0.98058991 	0.72343280 	0.98933452 	0.99965759 	0.99367177 	
0.94726485 	0.98576207 	0.99991014 	0.99213739 	0.60879066 	0.98940568 	0.95556095 	0.93646566 	0.99797448 	0.99715453 	0.93788564 	0.98058991 	0.72343280 	0.98933452 	0.99965759 	0.99367177 	
0.94726485 	0.98611420 	0.99991014 	0.99213739 	0.60879066 	0.98940568 	0.95556095 	0.93646566 	0.99797448 	0.99715453 	0.93788564 	0.98058991 	0.72343280 	0.98933452 	0.99965759 	0.99367177 	
0.94726485 	0.98611420 	0.99991014 	0.99213739 	0.60879066 	0.98940568 	0.95556095 	0.93646566 	0.99797448 	0.99715453 	0.93788564 	0.98058991 	0.72343280 	0.98933452 	0.99965759 	0.99367177 	
0.94726485 	0.98611420 	0.99991014 	0.99213739 	0.60879066 	0.98940568 	0.95556095 	0.93646566 	0.99797448 	0.99715453 	0.93788564 	0.98058991 	0.72343280 	0.98933452 	0.99965759 	0.99367177 	
0.94726485 	0.98611420 	0.99991014 	0.99213739 	0.60879066 	0.98940568 	0.95556095 	0.93646566 	0.99797448 	0.99715453 	0.93788564 	0.98058991 	0.72343280 	0.98933452 	0.99965759 	0.99367177 	
0.94726485 	0.98611420 	0.99991014 	0.99213739 	0.60879066 	0.98940568 	0.95556095 	0.93646566 	0.99797448 	0.99715453 	0.93788564 	0.98058991 	0.72343280 	0.98933452 	0.99965759 	0.99367177 	
0.94726485 	0.98611420 	0.99991014 	0.99213739 	0.60879066 	0.98940568 	0.99186106 	0.93646566 	0.99797448 	0.99715453 	0.93788564 	0.98058991 	0.72343280 	0.98933452 	0.99965759 	0.99367177 	
0.94726485 	0.98611420 	0.99991014 	0.99213739 	0.60879066 	0.98940568 	0.99186106 	0.95113720 	0.99797448 	0.99715453 	0.93788564 	0.98058991 	0.72343280 	0.98933452 	0.99965759 	0.99367177 	
0.94726485 	0.98611420 	0.99991014 	0.99213739 	0.60879066 	0.98940568 	0.99186106 	0.95113720 	0.99797448 	0.99715453 	0.93788564 	0.98058991 	0.72343280 	0.98933452 	0.99965759 	0.99367177 	
0.94726485 	0.98611420 	0.99991014 	0.99213739 	0.60879066 	0.98940568 	0.99186106 	0.95113720 	0.99797448 	0.99715453 	0.93788564 	0.98058991 	0.72343280 	0.98933452 	0.99965759 	0.99367177 	
0.94726485 	0.98611420 	0.99991014 	0.99213739 	0.60879066 	0.98940568 	0.99186106 	0.95113720 	0.99797448 	0.99715453 	0.94416887 	0.98058991 	0.72343280 	0.98933452 	0.99965759 	0.99367177 	
0.94726485 	0.98611420 	0.99991014 	0.99213739 	0.60879066 	0.98940568 	0.99186106 	0.95113720 	0.99797448 	0.99715453 	0.94416887 	0.99287589 	0.72343280 	0.98933452 	0.99965759 	0.99367177 	
0.94726485 	0.98611420 	0.99991014 	0.99213739 	0.60879066 	0.98940568 	0.99186106 	0.95113720 	0.99797448 	0.99715453 	0.94416887 	0.99287589 	0.72129727 	0.98933452 	0.99965759 	0.99367177 	
0.94726485 	0.98611420 	0.99991014 	0.99213739 	0.60879066 	0.98940568 	0.99186106 	0.95113720 	0.99797448 	0.99715453 	0.94416887 	0.99287589 	0.72129727 	0.99489595 	0.99965759 	0.99367177 	
0.94726485 	0.98611420 	0.99991014 	0.99213739 	0.60879066 	0.98940568 	0.99186106 	0.95113720 	0.99797448 	0.99715453 	0.94416887 	0.99287589 	0.72129727 	0.99489595 	0.99965759 	0.99367177 	
0.94726485 	0.98611420 	0.99991014 	0.99213739 	0.60879066 	0.98940568 	0.99186106 	0.95113720 	0.99797448 	0.99715453 	0.94416887 	0.99287589 	0.72129727 	0.99489595 	0.99965759 	0.99466457 	
0.95488176 	0.98611420 	0.99991014 	0.99213739 	0.60879066 	0.98940568 	0.99186106 	0.95113720 	0.99797448 	0.99715453 	0.94416887 	0.99287589 	0.72129727 	0.99489595 	0.99965759 	0.99466457 	
0.95488176 	0.98896926 	0.99991014 	0.99213739 	0.60879066 	0.98940568 	0.99186106 	0.95113720 	0.99797448 	0.99715453 	0.94416887 	0.99287589 	0.72129727 	0.99489595 	0.99965759 	0.99466457 	
0.95488176 	0.98896926 	0.99995547 	0.99213739 	0.60879066 	0.98940568 	0.99186106 	0.95113720 	0.99797448 	0.99715453 	0.94416887 	0.99287589 	0.72129727 	0.99489595 	0.99965759 	0.99466457 	
0.95488176 	0.98896926 	0.99995547 	0.99008565 	0.60879066 	0.98940568 	0.99186106 	0.95113720 	0.99797448 	0.99715453 	0.94416887 	0.99287589 	0.72129727 	0.99489595 	0.99965759 	0.99466457 	
0.95488176 	0.98896926 	0.99995547 	0.99008565 	0.60879066 	0.98940568 	0.99186106 	0.95113720 	0.99797448 	0.99715453 	0.94416887 	0.99287589 	0.72129727 	0.99489595 	0.99965759 	0.99466457 	
0.95488176 	0.98896926 	0.99995547 	0.99008565 	0.60879066 	0.98940568 	0.99186106 	0.95113720 	0.99797448 	0.99715453 	0.94416887 	0.99287589 	0.72129727 	0.99489595 	0.99965759 	0.99466457 	
0.95488176 	0.98896926 	0.99995547 	0.99008565 	0.60879066 	0.98940568 	0.99891585 	0.95113720 	0.99797448 	0.99715453 	0.94416887 	0.99287589 	0.72129727 	0.99489595 	0.99965759 	0.99466457 	
0.95488176 	0.98896926 	0.99995547 	0.99008565 	0.60879066 	0.98940568 	0.99891585 	0.97275791 	0.99797448 	0.99715453 	0.94416887 	0.99287589 	0.72129727 	0.99489595 	0.99965759 	0.99466457 	
0.95488176 	0.98896926 	0.99995547 	0.99008565 	0.60879066 	0.98940568 	0.99891585 	0.97275791 	0.99998014 	0.99715453 	0.94416887 	0.99287589 	0.72129727 	0.99489595 	0.99965759 	0.99466457 	
0.95488176 	0.98896926 	0.99995547 	0.99008565 	0.60879066 	0.98940568 	0.99891585 	0.97275791 	0.99998014 	0.99991181 	0.94416887 	0.99287589 	0.72129727 	0.99489595 	0.99965759 	0.99466457 	
0.95488176 	0.98896926 	0.99995547 	0.99008565 	0.60879066 	0.98940568 	0.99891585 	0.97275791 	0.99998014 	0.99991181 	0.95715483 	0.99287589 	0.72129727 	0.99489595 	0.99965759 	0.99466457 	
0.95488176 	0.98896926 	0.99995547 	0.99008565 	0.60879066 	0.98940568 	0.99891585 	0.97275791 	0.99998014 	0.99991181 	0.95715483 	0.98181547 	0.72129727 	0.99489595 	0.99965759 	0.99466457 	
0.95488176 	0.98896926 	0.99995547 	0.99008565 	0.60879066 	0.98940568 	0.99891585 	0.97275791 	0.99998014 	0.99991181 	0.95715483 	0.98181547 	0.71444799 	0.99489595 	0.99965759 	0.99466457 	
0.95488176 	0.98896926 	0.99995547 	0.99008565 	0.60879066 	0.98940568 	0.99891585 	0.97275791 	0.99998014 	0.99991181 	0.95715483 	0.98181547 	0.71444799 	0.99656902 	0.99965759 	0.99466457 	
0.95488176 	0.98896926 	0.99995547 	0.99008565 	0.60879066 	0.98940568 	0.99891585 	0.97275791 	0.99998014 	0.99991181 	0.95715483 	0.98181547 	0.71444799 	0.99656902 	0.99999211 	0.99466457 	
0.95488176 	0.98896926 	0.99995547 	0.99008565 	0.60879066 	0.98940568 	0.99891585 	0.97275791 	0.99998014 	0.99991181 	0.95715483 	0.98181547 	0.71444799 	0.99656902 	0.99999211 	0.99466457 	
0.97387239 	0.98896926 	0.99995547 	0.99008565 	0.60879066 	0.98940568 	0.99891585 	0.97275791 	0.99998014 	0.99991181 	0.95715483 	0.98181547 	0.71444799 	0.99656902 	0.99999211 	0.99466457 	
0.97387239 	0.99461872 	0.99995547 	0.99008565 	0.60879066 	0.98940568 	0.99891585 	0.97275791 	0.99998014 	0.99991181 	0.95715483 	0.98181547 	0.71444799 	0.99656902 	0.99999211 	0.99466457 	
0.97387239 	0.99461872 	0.99999402 	0.99008565 	0.60879066 	0.98940568 	0.99891585 	0.97275791 	0.99998014 	0.99991181 	0.95715483 	0.98181547 	0.71444799 	0.99656902 	0.99999211 	0.99466457 	
0.97387239 	0.99461872 	0.99999402 	0.99008565 	0.60879066 	0.98940568 	0.99891585 	0.97275791 	0.99998014 	0.99991181 	0.95715483 	0.98181547 	0.71444799 	0.99656902 	0.99999211 	0.99466457 	
0.97387239 	0.99461872 	0.99999402 	0.99008565 	0.60788653 	0.98940568 	0.99891585 	0.97275791 	0.99998014 	0.99991181 	0.95715483 	0.98181547 	0.71444799 	0.99656902 	0.99999211 	0.99466457 	
0.97387239 	0.99461872 	0.99999402 	0.99008565 	0.60788653 	0.98940568 	0.99891585 	0.97275791 	0.99998014 	0.99991181 	0.95715483 	0.98181547 	0.71444799 	0.99656902 	0.99999211 	0.99466457 	
0.97387239 	0.99461872 	0.99999402 	0.99008565 	0.60788653 	0.98940568 	0.99891585 	0.97275791 	0.99998014 	0.99991181 	0.95715483 	0.98181547 	0.71444799 	0.99656902 	0.99999211 	0.99466457 	
0.97387239 	0.99461872 	0.99999402 	0.99008565 	0.60788653 	0.98940568 	0.99891585 	0.98832163 	0.99998014 	0.99991181 	0.95715483 	0.98181547 	0.71444799 	0.99656902 	0.99999211 	0.99466457 	
0.97387239 	0.99461872 	0.99999402 	0.99008565 	0.60788653 	0.98940568 	0.99891585 	0.98832163 	0.99998014 	0.99991181 	0.95715483 	0.98181547 	0.71444799 	0.99656902 	0.99999211 	0.99466457 	
0.97387239 	0.99461872 	0.99999402 	0.99008565 	0.60788653 	0.98940568 	0.99891585 	0.98832163 	0.99998014 	0.99991181 	0.95715483 	0.98181547 	0.71444799 	0.99656902 	0.99999211 	0.99466457 	
0.97387239 	0.99461872 	0.99999402 	0.99008565 	0.60788653 	0.98940568 	0.99891585 	0.98832163 	0.99998014 	0.99991181 	0.95715483 	0.98181547 	0.71444799 	0.99656902 	0.99999211 	0.99466457 	
0.97387239 	0.99461872 	0.99999402 	0.99008565 	0.60788653 	0.98940568 	0.99891585 	0.98832163 	0.99998014 	0.99991181 	0.95715483 	0.97566538 	0.71444799 	0.99656902 	0.99999211 	0.99466457 	
0.97387239 	0.99461872 	0.99999402 	0.99008565 	0.60788653 	0.98940568 	0.99891585 	0.98832163 	0.99998014 	0.99991181 	0.95715483 	0.97566538 	0.70380075 	0.99656902 	0.99999211 	0.99466457 	
0.97387239 	0.99461872 	0.99999402 	0.99008565 	0.60788653 	0.98940568 	0.99891585 	0.98832163 	0.99998014 	0.99991181 	0.95715483 	0.97566538 	0.70380075 	0.99764941 	0.99999211 	0.99466457 	
0.97387239 	0.99461872 	0.99999402 	0.99008565 	0.60788653 	0.98940568 	0.99891585 	0.98832163 	0.99998014 	0.99991181 	0.95715483 	0.97566538 	0.70380075 	0.99764941 	0.99999211 	0.99466457 	
0.97387239 	0.99461872 	0.99999402 	0.99008565 	0.60788653 	0.98940568 	0.99891585 	0.98832163 	0.99998014 	0.99991181 	0.95715483 	0.97566538 	0.70380075 	0.99764941 	0.99999211 	0.99466457 	
0.97593171 	0.99461872 	0.99999402 	0.99008565 	0.60788653 	0.98940568 	0.99891585 	0.98832163 	0.99998014 	0.99991181 	0.95715483 	0.97566538 	0.70380075 	0.99764941 	0.99999211 	0.99466457 	
0.97593171 	0.99825841 	0.99999402 	0.99008565 	0.60788653 	0.98940568 	0.99891585 	0.98832163 	0.99998014 	0.99991181 	0.95715483 	0.97566538 	0.70380075 	0.99764941 	0.99999211 	0.99466457 	
0.97593171 	0.99825841 	0.99999402 	0.99008565 	0.60788653 	0.98940568 	0.99891585 	0.98832163 	0.99998014 	0.99991181 	0.95715483 	0.97566538 	0.70380075 	0.99764941 	0.99999211 	0.99466457 	
0.97593171 	0.99825841 	0.99999402 	0.99117365 	0.60788653 	0.98940568 	0.99891585 	0.98832163 	0.99998014 	0.99991181 	0.95715483 	0.97566538 	0.70380075 	0.99764941 	0.99999211 	0.99466457 	
0.97593171 	0.99825841 	0.99999402 	0.99117365 	0.60788653 	0.98940568 	0.99891585 	0.98832163 	0.99998014 	0.99991181 	0.95715483 	0.97566538 	0.70380075 	0.99764941 	0.99999211 	0.99466457 	
0.97593171 	0.99825841 	0.99999402 	0.99117365 	0.60788653 	0.98940568 	0.99891585 	0.98832163 	0.99998014 	0.99991181 	0.95715483 	0.97566538 	0.70380075 	0.99764941 	0.99999211 	0.99466457 	
0.97593171 	0.99825841 	0.99999402 	0.99117365 	0.60788653 	0.98940568 	0.99971638 	0.98832163 	0.99998014 	0.99991181 	0.95715483 	0.97566538 	0.70380075 	0.99764941 	0.99999211 	0.99466457 	
0.97593171 	0.99825841 	0.99999402 	0.99117365 	0.60788653 	0.98940568 	0.99971638 	0.99892549 	0.99998014 	0.99991181 	0.95715483 	0.97566538 	0.70380075 	0.99764941 	0.99999211 	0.99466457 	
0.97593171 	0.99825841 	0.99999402 	0.99117365 	0.60788653 	0.98940568 	0.99971638 	0.99892549 	0.99998014 	0.99991181 	0.95715483 	0.97566538 	0.70380075 	0.99764941 	0.99999211 	0.99466457 	
0.97593171 	0.99825841 	0.99999402 	0.99117365 	0.60788653 	0.98940568 	0.99971638 	0.99892549 	0.99998014 	0.99999222 	0.95715483 	0.97566538 	0.70380075 	0.99764941 	0.99999211 	0.99466457 	
0.97593171 	0.99825841 	0.99999402 	0.99117365 	0.60788653 	0.98940568 	0.99971638 	0.99892549 	0.99998014 	0.99999222 	0.96737338 	0.97566538 	0.70380075 	0.99764941 	0.99999211 	0.99466457 	
0.97593171 	0.99825841 	0.99999402 	0.99117365 	0.60788653 	0.98940568 	0.99971638 	0.99892549 	0.99998014 	0.99999222 	0.96737338 	0.97566538 	0.70380075 	0.99764941 	0.99999211 	0.99466457 	
0.97593171 	0.99825841 	0.99999402 	0.99117365 	0.60788653 	0.98940568 	0.99971638 	0.99892549 	0.99998014 	0.99999222 	0.96737338 	0.97566538 	0.70380075 	0.99764941 	0.99999211 	0.99466457 	
0.97593171 	0.99825841 	0.99999402 	0.99117365 	0.60788653 	0.98940568 	0.99971638 	0.99892549 	0.99998014 	0.99999222 	0.96737338 	0.97566538 	0.70380075 	0.99967823 	0.99999211 	0.99466457 	
0.97593171 	0.99825841 	0.99999402 	0.99117365 	0.60788653 	0.98940568 	0.99971638 	0.99892549 	0.99998014 	0.99999222 	0.96737338 	0.97566538 	0.70380075 	0.99967823 	0.99999612 	0.99466457 	
0.97593171 	0.99825841 	0.99999402 	0.99117365 	0.60788653 	0.98940568 	0.99971638 	0.99892549 	0.99998014 	0.99999222 	0.96737338 	0.97566538 	0.70380075 	0.99967823 	0.99999612 	0.99450547 	
0.99874140 	0.99825841 	0.99999402 	0.99117365 	0.60788653 	0.98940568 	0.99971638 	0.99892549 	0.99998014 	0.99999222 	0.96737338 	0.97566538 	0.70380075 	0.99967823 	0.99999612 	0.99450547 	
0.99874140 	0.99579497 	0.99999402 	0.99117365 	0.60788653 	0.98940568 	0.99971638 	0.99892549 	0.99998014 	0.99999222 	0.96737338 	0.97566538 	0.70380075 	0.99967823 	0.99999612 	0.99450547 	
0.99874140 	0.99579497 	0.99999402 	0.99117365 	0.60788653 	0.98940568 	0.99971638 	0.99892549 	0.99998014 	0.99999222 	0.96737338 	0.97566538 	0.70380075 	0.99967823 	0.99999612 	0.99450547 	
0.99874140 	0.99579497 	0.99999402 	0.99006113 	0.60788653 	0.98940568 	0.99971638 	0.99892549 	0.99998014 	0.99999222 	0.96737338 	0.97566538 	0.70380075 	0.99967823 	0.99999612 	0.99450547 	
0.99874140 	0.99579497 	0.99999402 	0.99006113 	0.60579726 	0.98940568 	0.99971638 	0.99892549 	0.99998014 	0.99999222 	0.96737338 	0.97566538 	0.70380075 	0.99967823 	0.99999612 	0.99450547 	
0.99874140 	0.99579497 	0.99999402 	0.99006113 	0.60579726 	0.98940568 	0.99971638 	0.99892549 	0.99998014 	0.99999222 	0.96737338 	0.97566538 	0.70380075 	0.99967823 	0.99999612 	0.99450547 	
0.99874140 	0.99579497 	0.99999402 	0.99006113 	0.60579726 	0.98940568 	0.99994482 	0.99892549 	0.99998014 	0.99999222 	0.96737338 	0.97566538 	0.70380075 	0.99967823 	0.99999612 	0.99450547 	
0.99874140 	0.99579497 	0.99999402 	0.99006113 	0.60579726 	0.98940568 	0.99994482 	0.99979345 	0.99998014 	0.99999222 	0.96737338 	0.97566538 	0.70380075 	0.99967823 	0.99999612 	0.99450547 	
0.99874140 	0.99579497 	0.99999402 	0.99006113 	0.60579726 	0.98940568 	0.99994482 	0.99979345 	0.99998014 	0.99999222 	0.96737338 	0.97566538 	0.70380075 	0.99967823 	0.99999612 	0.99450547 	
0.99874140 	0.99579497 	0.99999402 	0.99006113 	0.60579726 	0.98940568 	0.99994482 	0.99979345 	0.99998014 	0.99999222 	0.96737338 	0.97566538 	0.70380075 	0.99967823 	0.99999612 	0.99450547 	
0.99874140 	0.99579497 	0.99999402 	0.99006113 	0.60579726 	0.98940568 	0.99994482 	0.99979345 	0.99998014 	0.99999222 	0.97336093 	0.97566538 	0.70380075 	0.99967823 	0.99999612 	0.99450547 	
0.99874140 	0.99579497 	0.99999402 	0.99006113 	0.60579726 	0.98940568 	0.99994482 	0.99979345 	0.99998014 	0.99999222 	0.97336093 	0.97549490 	0.70380075 	0.99967823 	0.99999612 	0.99450547 	
0.99874140 	0.99579497 	0.99999402 	0.99006113 	0.60579726 	0.98940568 	0.99994482 	0.99979345 	0.99998014 	0.99999222 	0.97336093 	0.97549490 	0.70380075 	0.99967823 	0.99999612 	0.99450547 	
0.99874140 	0.99579497 	0.99999402 	0.99006113 	0.60579726 	0.98940568 	0.99994482 	0.99979345 	0.99998014 	0.99999222 	0.97336093 	0.97549490 	0.70380075 	0.99967823 	0.99999612 	0.99450547 	
0.99874140 	0.99579497 	0.99999402 	0.99006113 	0.60579726 	0.98940568 	0.99994482 	0.99979345 	0.99998014 	0.99999222 	0.97336093 	0.97549490 	0.70380075 	0.99967823 	0.99999612 	0.99450547 	
0.99874140 	0.99579497 	0.99999402 	0.99006113 	0.60579726 	0.98940568 	0.99994482 	0.99979345 	0.99998014 	0.99999222 	0.97336093 	0.97549490 	0.70380075 	0.99967823 	0.99999612 	0.99466457 	
0.99874140 	0.99579497 	0.99999402 	0.99006113 	0.60579726 	0.98940568 	0.99994482 	0.99979345 	0.99998014 	0.99999222 	0.97336093 	0.97549490 	0.70380075 	0.99967823 	0.99999612 	0.99466457 	
0.99874140 	0.99450882 	0.99999402 	0.99006113 	0.60579726 	0.98940568 	0.99994482 	0.99979345 	0.99998014 	0.99999222 	0.97336093 	0.97549490 	0.70380075 	0.99967823 	0.99999612 	0.99466457 	
0.99874140 	0.99450882 	0.99999402 	0.99006113 	0.60579726 	0.98940568 	0.99994482 	0.99979345 	0.99998014 	0.99999222 	0.97336093 	0.97549490 	0.70380075 	0.99967823 	0.99999612 	0.99466457 	
0.99874140 	0.99450882 	0.99999402 	0.99008565 	0.60579726 	0.98940568 	0.99994482 	0.99979345 	0.99998014 	0.99999222 	0.97336093 	0.97549490 	0.70380075 	0.99967823 	0.99999612 	0.99466457 	
0.99874140 	0.99450882 	0.99999402 	0.99008565 	0.60579726 	0.98940568 	0.99994482 	0.99979345 	0.99998014 	0.99999222 	0.97336093 	0.97549490 	0.70380075 	0.99967823 	0.99999612 	0.99466457 	
0.99874140 	0.99450882 	0.99999402 	0.99008565 	0.60579726 	0.98940568 	0.99994482 	0.99979345 	0.99998014 	0.99999222 	0.97336093 	0.97549490 	0.70380075 	0.99967823 	0.99999612 	0.99466457 	
0.99874140 	0.99450882 	0.99999402 	0.99008565 	0.60579726 	0.98940568 	0.99994482 	0.99979345 	0.99998014 	0.99999222 	0.97336093 	0.97549490 	0.70380075 	0.99967823 	0.99999612 	0.99466457 	
0.99874140 	0.99450882 	0.99999402 	0.99008565 	0.60579726 	0.98940568 	0.99994482 	0.99981984 	0.99998014 	0.99999222 	0.97336093 	0.97549490 	0.70380075 	0.99967823 	0.99999612 	0.99466457 	
0.99874140 	0.99450882 	0.99999402 	0.99008565 	0.60579726 	0.98940568 	0.99994482 	0.99981984 	0.99998014 	0.99999222 	0.97336093 	0.97549490 	0.70380075 	0.99967823 	0.99999612 	0.99466457 	
0.99874140 	0.99450882 	0.99999402 	0.99008565 	0.60579726 	0.98940568 	0.99994482 	0.99981984 	0.99998014 	0.99999222 	0.97336093 	0.97549490 	0.70380075 	0.99967823 	0.99999612 	0.99466457 	
0.99874140 	0.99450882 	0.99999402 	0.99008565 	0.60579726 	0.98940568 	0.99994482 	0.99981984 	0.99998014 	0.99999222 	0.99241793 	0.97549490 	0.70380075 	0.99967823 	0.99999612 	0.99466457 	
0.99874140 	0.99450882 	0.99999402 	0.99008565 	0.60579726 	0.98940568 	0.99994482 	0.99981984 	0.99998014 	0.99999222 	0.99241793 	0.97483594 	0.70380075 	0.99967823 	0.99999612 	0.99466457 	
0.99874140 	0.99450882 	0.99999402 	0.99008565 	0.60579726 	0.98940568 	0.99994482 	0.99981984 	0.99998014 	0.99999222 	0.99241793 	0.97483594 	0.70289341 	0.99967823 	0.99999612 	0.99466457 	
0.99874140 	0.99450882 	0.99999402 	0.99008565 	0.60579726 	0.98940568 	0.99994482 	0.99981984 	0.99998014 	0.99999222 	0.99241793 	0.97483594 	0.70289341 	0.99979672 	0.99999612 	0.99466457 	
0.99874140 	0.99450882 	0.99999402 	0.99008565 	0.60579726 	0.98940568 	0.99994482 	0.99981984 	0.99998014 	0.99999222 	0.99241793 	0.97483594 	0.70289341 	0.99979672 	0.99999749 	0.99466457 	
0.99874140 	0.99450882 	0.99999402 	0.99008565 	0.60579726 	0.98940568 	0.99994482 	0.99981984 	0.99998014 	0.99999222 	0.99241793 	0.97483594 	0.70289341 	0.99979672 	0.99999749 	0.99499621 	
0.99940552 	0.99450882 	0.99999402 	0.99008565 	0.60579726 	0.98940568 	0.99994482 	0.99981984 	0.99998014 	0.99999222 	0.99241793 	0.97483594 	0.70289341 	0.99979672 	0.99999749 	0.99499621 	
0.99940552 	0.99450882 	0.99999402 	0.99008565 	0.60579726 	0.98940568 	0.99994482 	0.99981984 	0.99998014 	0.99999222 	0.99241793 	0.97483594 	0.70289341 	0.99979672 	0.99999749 	0.99499621 	
0.99940552 	0.99450882 	0.99999402 	0.99008565 	0.60579726 	0.98940568 	0.99994482 	0.99981984 	0.99998014 	0.99999222 	0.99241793 	0.97483594 	0.70289341 	0.99979672 	0.99999749 	0.99499621 	
0.99940552 	0.99450882 	0.99999402 	0.98853259 	0.60579726 	0.98940568 	0.99994482 	0.99981984 	0.99998014 	0.99999222 	0.99241793 	0.97483594 	0.70289341 	0.99979672 	0.99999749 	0.99499621 	
0.99940552 	0.99450882 	0.99999402 	0.98853259 	0.60579726 	0.98940568 	0.99994482 	0.99981984 	0.99998014 	0.99999222 	0.99241793 	0.97483594 	0.70289341 	0.99979672 	0.99999749 	0.99499621 	
0.99940552 	0.99450882 	0.99999402 	0.98853259 	0.60579726 	0.98953310 	0.99994482 	0.99981984 	0.99998014 	0.99999222 	0.99241793 	0.97483594 	0.70289341 	0.99979672 	0.99999749 	0.99499621 	
0.99940552 	0.99450882 	0.99999402 	0.98853259 	0.60579726 	0.98953310 	0.99994482 	0.99981984 	0.99998014 	0.99999222 	0.99241793 	0.97483594 	0.70289341 	0.99979672 	0.99999749 	0.99499621 	
0.99940552 	0.99450882 	0.99999402 	0.98853259 	0.60579726 	0.98953310 	0.99994482 	0.99981984 	0.99998014 	0.99999222 	0.99241793 	0.97483594 	0.70289341 	0.99979672 	0.99999749 	0.99499621 	
0.99940552 	0.99450882 	0.99999402 	0.98853259 	0.60579726 	0.98953310 	0.99994482 	0.99981984 	0.99998173 	0.99999222 	0.99241793 	0.97483594 	0.70289341 	0.99979672 	0.99999749 	0.99499621 	
0.99940552 	0.99450882 	0.99999402 	0.98853259 	0.60579726 	0.98953310 	0.99994482 	0.99981984 	0.99998173 	0.99999222 	0.99241793 	0.97483594 	0.70289341 	0.99979672 	0.99999749 	0.99499621 	
0.99940552 	0.99450882 	0.99999402 	0.98853259 	0.60579726 	0.98953310 	0.99994482 	0.99981984 	0.99998173 	0.99999222 	0.99423942 	0.97483594 	0.70289341 	0.99979672 	0.99999749 	0.99499621 	
0.99940552 	0.99450882 	0.99999402 	0.98853259 	0.60579726 	0.98953310 	0.99994482 	0.99981984 	0.99998173 	0.99999222 	0.99423942 	0.97427875 	0.70289341 	0.99979672 	0.99999749 	0.99499621 	
0.99940552 	0.99450882 	0.99999402 	0.98853259 	0.60579726 	0.98953310 	0.99994482 	0.99981984 	0.99998173 	0.99999222 	0.99423942 	0.97427875 	0.70289341 	0.99979672 	0.99999749 	0.99499621 	
0.99940552 	0.99450882 	0.99999402 	0.98853259 	0.60579726 	0.98953310 	0.99994482 	0.99981984 	0.99998173 	0.99999222 	0.99423942 	0.97427875 	0.70289341 	0.99979672 	0.99999749 	0.99499621 	
0.99940552 	0.99450882 	0.99999402 	0.98853259 	0.60579726 	0.98953310 	0.99994482 	0.99981984 	0.99998173 	0.99999222 	0.99423942 	0.97427875 	0.70289341 	0.99979672 	0.99999924 	0.99499621 	
0.99940552 	0.99450882 	0.99999402 	0.98853259 	0.60579726 	0.98953310 	0.99994482 	0.99981984 	0.99998173 	0.99999222 	0.99423942 	0.97427875 	0.70289341 	0.99979672 	0.99999924 	0.99499621 	
0.99942629 	0.99450882 	0.99999402 	0.98853259 	0.60579726 	0.98953310 	0.99994482 	0.99981984 	0.99998173 	0.99999222 	0.99423942 	0.97427875 	0.70289341 	0.99979672 	0.99999924 	0.99499621 	
0.99942629 	0.99429380 	0.99999402 	0.98853259 	0.60579726 	0.98953310 	0.99994482 	0.99981984 	0.99998173 	0.99999222 	0.99423942 	0.97427875 	0.70289341 	0.99979672 	0.99999924 	0.99499621 	
0.99942629 	0.99429380 	0.99999785 	0.98853259 	0.60579726 	0.98953310 	0.99994482 	0.99981984 	0.99998173 	0.99999222 	0.99423942 	0.97427875 	0.70289341 	0.99979672 	0.99999924 	0.99499621 	
0.99942629 	0.99429380 	0.99999785 	0.98853259 	0.60579726 	0.98953310 	0.99994482 	0.99981984 	0.99998173 	0.99999222 	0.99423942 	0.97427875 	0.70289341 	0.99979672 	0.99999924 	0.99499621 	
0.99942629 	0.99429380 	0.99999785 	0.98853259 	0.60344765 	0.98953310 	0.99994482 	0.99981984 	0.99998173 	0.99999222 	0.99423942 	0.97427875 	0.70289341 	0.99979672 	0.99999924 	0.99499621 	
0.99942629 	0.99429380 	0.99999785 	0.98853259 	0.60344765 	0.98973591 	0.99994482 	0.99981984 	0.99998173 	0.99999222 	0.99423942 	0.97427875 	0.70289341 	0.99979672 	0.99999924 	0.99499621 	
0.99942629 	0.99429380 	0.99999785 	0.98853259 	0.60344765 	0.98973591 	0.99994482 	0.99981984 	0.99998173 	0.99999222 	0.99423942 	0.97427875 	0.70289341 	0.99979672 	0.99999924 	0.99499621 	
0.99942629 	0.99429380 	0.99999785 	0.98853259 	0.60344765 	0.98973591 	0.99994482 	0.99981984 	0.99998173 	0.99999222 	0.99423942 	0.97427875 	0.70289341 	0.99979672 	0.99999924 	0.99499621 	
0.99942629 	0.99429380 	0.99999785 	0.98853259 	0.60344765 	0.98973591 	0.99994482 	0.99981984 	0.99998741 	0.99999222 	0.99423942 	0.97427875 	0.70289341 	0.99979672 	0.99999924 	0.99499621 	
0.99942629 	0.99429380 	0.99999785 	0.98853259 	0.60344765 	0.98973591 	0.99994482 	0.99981984 	0.99998741 	0.99999222 	0.99423942 	0.97427875 	0.70289341 	0.99979672 	0.99999924 	0.99499621 	
0.99942629 	0.99429380 	0.99999785 	0.98853259 	0.60344765 	0.98973591 	0.99994482 	0.99981984 	0.99998741 	0.99999222 	0.99981034 	0.97427875 	0.70289341 	0.99979672 	0.99999924 	0.99499621 	
0.99942629 	0.99429380 	0.99999785 	0.98853259 	0.60344765 	0.98973591 	0.99994482 	0.99981984 	0.99998741 	0.99999222 	0.99981034 	0.97427875 	0.70289341 	0.99979672 	0.99999924 	0.99499621 	
0.99942629 	0.99429380 	0.99999785 	0.98853259 	0.60344765 	0.98973591 	0.99994482 	0.99981984 	0.99998741 	0.99999222 	0.99981034 	0.97427875 	0.70289341 	0.99979672 	0.99999924 	0.99499621 	
0.99942629 	0.99429380 	0.99999785 	0.98853259 	0.60344765 	0.98973591 	0.99994482 	0.99981984 	0.99998741 	0.99999222 	0.99981034 	0.97427875 	0.70289341 	0.99983369 	0.99999924 	0.99499621 	
0.99942629 	0.99429380 	0.99999785 	0.98853259 	0.60344765 	0.98973591 	0.99994482 	0.99981984 	0.99998741 	0.99999222 	0.99981034 	0.97427875 	0.70289341 	0.99983369 	0.99999924 	0.99499621 	
0.99942629 	0.99429380 	0.99999785 	0.98853259 	0.60344765 	0.98973591 	0.99994482 	0.99981984 	0.99998741 	0.99999222 	0.99981034 	0.97427875 	0.70289341 	0.99983369 	0.99999924 	0.99499621 	
0.99963136 	0.99429380 	0.99999785 	0.98853259 	0.60344765 	0.98973591 	0.99994482 	0.99981984 	0.99998741 	0.99999222 	0.99981034 	0.97427875 	0.70289341 	0.99983369 	0.99999924 	0.99499621 	
0.99963136 	0.99429380 	0.99999785 	0.98853259 	0.60344765 	0.98973591 	0.99994482 	0.99981984 	0.99998741 	0.99999222 	0.99981034 	0.97427875 	0.70289341 	0.99983369 	0.99999924 	0.99499621 	
0.99963136 	0.99429380 	0.99999794 	0.98853259 	0.60344765 	0.98973591 	0.99994482 	0.99981984 	0.99998741 	0.99999222 	0.99981034 	0.97427875 	0.70289341 	0.99983369 	0.99999924 	0.99499621 	
0.99963136 	0.99429380 	0.99999794 	0.98853259 	0.60344765 	0.98973591 	0.99994482 	0.99981984 	0.99998741 	0.99999222 	0.99981034 	0.97427875 	0.70289341 	0.99983369 	0.99999924 	0.99499621 	
0.99963136 	0.99429380 	0.99999794 	0.98853259 	0.60344765 	0.98973591 	0.99994482 	0.99981984 	0.99998741 	0.99999222 	0.99981034 	0.97427875 	0.70289341 	0.99983369 	0.99999924 	0.99499621 	
0.99963136 	0.99429380 	0.99999794 	0.98853259 	0.60344765 	0.99087140 	0.99994482 	0.99981984 	0.99998741 	0.99999222 	0.99981034 	0.97427875 	0.70289341 	0.99983369 	0.99999924 	0.99499621 	
0.99963136 	0.99429380 	0.99999794 	0.98853259 	0.60344765 	0.99087140 	0.99994482 	0.99981984 	0.99998741 	0.99999222 	0.99981034 	0.97427875 	0.70289341 	0.99983369 	0.99999924 	0.99499621 	
0.99963136 	0.99429380 	0.99999794 	0.98853259 	0.60344765 	0.99087140 	0.99994482 	0.99999591 	0.99998741 	0.99999222 	0.99981034 	0.97427875 	0.70289341 	0.99983369 	0.99999924 	0.99499621 	
0.99963136 	0.99429380 	0.99999794 	0.98853259 	0.60344765 	0.99087140 	0.99994482 	0.99999591 	0.99999250 	0.99999222 	0.99981034 	0.97427875 	0.70289341 	0.99983369 	0.99999924 	0.99499621 	
0.99963136 	0.99429380 	0.99999794 	0.98853259 	0.60344765 	0.99087140 	0.99994482 	0.99999591 	0.99999250 	0.99999222 	0.99981034 	0.97427875 	0.70289341 	0.99983369 	0.99999924 	0.99499621 	
0.99963136 	0.99429380 	0.99999794 	0.98853259 	0.60344765 	0.99087140 	0.99994482 	0.99999591 	0.99999250 	0.99999222 	0.99981034 	0.97427875 	0.70289341 	0.99983369 	0.99999924 	0.99499621 	
0.99963136 	0.99429380 	0.99999794 	0.98853259 	0.60344765 	0.99087140 	0.99994482 	0.99999591 	0.99999250 	0.99999222 	0.99981034 	0.97427773 	0.70289341 	0.99983369 	0.99999924 	0.99499621 	
0.99963136 	0.99429380 	0.99999794 	0.98853259 	0.60344765 	0.99087140 	0.99994482 	0.99999591 	0.99999250 	0.99999222 	0.99981034 	0.97427773 	0.70249786 	0.99983369 	0.99999924 	0.99499621 	
0.99963136 	0.99429380 	0.99999794 	0.98853259 	0.60344765 	0.99087140 	0.99994482 	0.99999591 	0.99999250 	0.99999222 	0.99981034 	0.97427773 	0.70249786 	0.99996038 	0.99999924 	0.99499621 	
0.99963136 	0.99429380 	0.99999794 	0.98853259 	0.60344765 	0.99087140 	0.99994482 	0.99999591 	0.99999250 	0.99999222 	0.99981034 	0.97427773 	0.70249786 	0.99996038 	0.99999938 	0.99499621 	
0.99963136 	0.99429380 	0.99999794 	0.98853259 	0.60344765 	0.99087140 	0.99994482 	0.99999591 	0.99999250 	0.99999222 	0.99981034 	0.97427773 	0.70249786 	0.99996038 	0.99999938 	0.99499621 	
0.99967863 	0.99429380 	0.99999794 	0.98853259 	0.60344765 	0.99087140 	0.99994482 	0.99999591 	0.99999250 	0.99999222 	0.99981034 	0.97427773 	0.70249786 	0.99996038 	0.99999938 	0.99499621 	
0.99967863 	0.99429380 	0.99999794 	0.98853259 	0.60344765 	0.99087140 	0.99994482 	0.99999591 	0.99999250 	0.99999222 	0.99981034 	0.97427773 	0.70249786 	0.99996038 	0.99999938 	0.99499621 	
0.99967863 	0.99429380 	0.99999794 	0.98853259 	0.60344765 	0.99087140 	0.99994482 	0.99999591 	0.99999250 	0.99999222 	0.99981034 	0.97427773 	0.70249786 	0.99996038 	0.99999938 	0.99499621 	
0.99967863 	0.99429380 	0.99999794 	0.98949366 	0.60344765 	0.99087140 	0.99994482 	0.99999591 	0.99999250 	0.99999222 	0.99981034 	0.97427773 	0.70249786 	0.99996038 	0.99999938 	0.99499621 	
0.99967863 	0.99429380 	0.99999794 	0.98949366 	0.60344765 	0.99087140 	0.99994482 	0.99999591 	0.99999250 	0.99999222 	0.99981034 	0.97427773 	0.70249786 	0.99996038 	0.99999938 	0.99499621 	
0.99967863 	0.99429380 	0.99999794 	0.98949366 	0.60344765 	0.99087140 	0.99994482 	0.99999591 	0.99999250 	0.99999222 	0.99981034 	0.97427773 	0.70249786 	0.99996038 	0.99999938 	0.99499621 	
0.99967863 	0.99429380 	0.99999794 	0.98949366 	0.60344765 	0.99087140 	0.99996662 	0.99999591 	0.99999250 	0.99999222 	0.99981034 	0.97427773 	0.70249786 	0.99996038 	0.99999938 	0.99499621 	
0.99967863 	0.99429380 	0.99999794 	0.98949366 	0.60344765 	0.99087140 	0.99996662 	0.99999591 	0.99999250 	0.99999222 	0.99981034 	0.97427773 	0.70249786 	0.99996038 	0.99999938 	0.99499621 	
0.99967863 	0.99429380 	0.99999794 	0.98949366 	0.60344765 	0.99087140 	0.99996662 	0.99999591 	0.99999473 	0.99999222 	0.99981034 	0.97427773 	0.70249786 	0.99996038 	0.99999938 	0.99499621 	
0.99967863 	0.99429380 	0.99999794 	0.98949366 	0.60344765 	0.99087140 	0.99996662 	0.99999591 	0.99999473 	0.99999222 	0.99981034 	0.97427773 	0.70249786 	0.99996038 	0.99999938 	0.99499621 	
0.99967863 	0.99429380 	0.99999794 	0.98949366 	0.60344765 	0.99087140 	0.99996662 	0.99999591 	0.99999473 	0.99999222 	0.99981034 	0.97427773 	0.70249786 	0.99996038 	0.99999938 	0.99499621 	
0.99967863 	0.99429380 	0.99999794 	0.98949366 	0.60344765 	0.99087140 	0.99996662 	0.99999591 	0.99999473 	0.99999222 	0.99981034 	0.97342340 	0.70249786 	0.99996038 	0.99999938 	0.99499621 	
0.99967863 	0.99429380 	0.99999794 	0.98949366 	0.60344765 	0.99087140 	0.99996662 	0.99999591 	0.99999473 	0.99999222 	0.99981034 	0.97342340 	0.70249786 	0.99996038 	0.99999938 	0.99499621 	
0.99967863 	0.99429380 	0.99999794 	0.98949366 	0.60344765 	0.99087140 	0.99996662 	0.99999591 	0.99999473 	0.99999222 	0.99981034 	0.97342340 	0.70249786 	0.99996038 	0.99999938 	0.99499621 	
0.99967863 	0.99429380 	0.99999794 	0.98949366 	0.60344765 	0.99087140 	0.99996662 	0.99999591 	0.99999473 	0.99999222 	0.99981034 	0.97342340 	0.70249786 	0.99996038 	0.99999972 	0.99499621 	
0.99967863 	0.99429380 	0.99999794 	0.98949366 	0.60344765 	0.99087140 	0.99996662 	0.99999591 	0.99999473 	0.99999222 	0.99981034 	0.97342340 	0.70249786 	0.99996038 	0.99999972 	0.99499621 	
0.99975615 	0.99429380 	0.99999794 	0.98949366 	0.60344765 	0.99087140 	0.99996662 	0.99999591 	0.99999473 	0.99999222 	0.99981034 	0.97342340 	0.70249786 	0.99996038 	0.99999972 	0.99499621 	
0.99975615 	0.99429380 	0.99999794 	0.98949366 	0.60344765 	0.99087140 	0.99996662 	0.99999591 	0.99999473 	0.99999222 	0.99981034 	0.97342340 	0.70249786 	0.99996038 	0.99999972 	0.99499621 	
0.99975615 	0.99429380 	0.99999862 	0.98949366 	0.60344765 	0.99087140 	0.99996662 	0.99999591 	0.99999473 	0.99999222 	0.99981034 	0.97342340 	0.70249786 	0.99996038 	0.99999972 	0.99499621 	
0.99975615 	0.99429380 	0.99999862 	0.98949366 	0.60344765 	0.99087140 	0.99996662 	0.99999591 	0.99999473 	0.99999222 	0.99981034 	0.97342340 	0.70249786 	0.99996038 	0.99999972 	0.99499621 	
0.99975615 	0.99429380 	0.99999862 	0.98949366 	0.60317646 	0.99087140 	0.99996662 	0.99999591 	0.99999473 	0.99999222 	0.99981034 	0.97342340 	0.70249786 	0.99996038 	0.99999972 	0.99499621 	
0.99975615 	0.99429380 	0.99999862 	0.98949366 	0.60317646 	0.99108902 	0.99996662 	0.99999591 	0.99999473 	0.99999222 	0.99981034 	0.97342340 	0.70249786 	0.99996038 	0.99999972 	0.99499621 	
0.99975615 	0.99429380 	0.99999862 	0.98949366 	0.60317646 	0.99108902 	0.99999463 	0.99999591 	0.99999473 	0.99999222 	0.99981034 	0.97342340 	0.70249786 	0.99996038 	0.99999972 	0.99499621 	
0.99975615 	0.99429380 	0.99999862 	0.98949366 	0.60317646 	0.99108902 	0.99999463 	0.99999591 	0.99999473 	0.99999222 	0.99981034 	0.97342340 	0.70249786 	0.99996038 	0.99999972 	0.99499621 	
0.99975615 	0.99429380 	0.99999862 	0.98949366 	0.60317646 	0.99108902 	0.99999463 	0.99999591 	0.99999473 	0.99999222 	0.99981034 	0.97342340 	0.70249786 	0.99996038 	0.99999972 	0.99499621 	
0.99975615 	0.99429380 	0.99999862 	0.98949366 	0.60317646 	0.99108902 	0.99999463 	0.99999591 	0.99999473 	0.99999264 	0.99981034 	0.97342340 	0.70249786 	0.99996038 	0.99999972 	0.99499621 	
0.99975615 	0.99429380 	0.99999862 	0.98949366 	0.60317646 	0.99108902 	0.99999463 	0.99999591 	0.99999473 	0.99999264 	0.99981034 	0.97342340 	0.70249786 	0.99996038 	0.99999972 	0.99499621 	
0.99975615 	0.99429380 	0.99999862 	0.98949366 	0.60317646 	0.99108902 	0.99999463 	0.99999591 	0.99999473 	0.99999264 	0.99981034 	0.97340430 	0.70249786 	0.99996038 	0.99999972 	0.99499621 	
0.99975615 	0.99429380 	0.99999862 	0.98949366 	0.60317646 	0.99108902 	0.99999463 	0.99999591 	0.99999473 	0.99999264 	0.99981034 	0.97340430 	0.70249786 	0.99996038 	0.99999972 	0.99499621 	
0.99975615 	0.99429380 	0.99999862 	0.98949366 	0.60317646 	0.99108902 	0.99999463 	0.99999591 	0.99999473 	0.99999264 	0.99981034 	0.97340430 	0.70249786 	0.99996038 	0.99999972 	0.99499621 	
0.99975615 	0.99429380 	0.99999862 	0.98949366 	0.60317646 	0.99108902 	0.99999463 	0.99999591 	0.99999473 	0.99999264 	0.99981034 	0.97340430 	0.70249786 	0.99996038 	0.99999972 	0.99499621 	
0.99975615 	0.99429380 	0.99999862 	0.98949366 	0.60317646 	0.99108902 	0.99999463 	0.99999591 	0.99999473 	0.99999264 	0.99981034 	0.97340430 	0.70249786 	0.99996038 	0.99999972 	0.99499621 	
0.99996333 	0.99429380 	0.99999862 	0.98949366 	0.60317646 	0.99108902 	0.99999463 	0.99999591 	0.99999473 	0.99999264 	0.99981034 	0.97340430 	0.70249786 	0.99996038 	0.99999972 	0.99499621 	
0.99996333 	0.99429380 	0.99999862 	0.98949366 	0.60317646 	0.99108902 	0.99999463 	0.99999591 	0.99999473 	0.99999264 	0.99981034 	0.97340430 	0.70249786 	0.99996038 	0.99999972 	0.99499621 	
0.99996333 	0.99429380 	0.99999874 	0.98949366 	0.60317646 	0.99108902 	0.99999463 	0.99999591 	0.99999473 	0.99999264 	0.99981034 	0.97340430 	0.70249786 	0.99996038 	0.99999972 	0.99499621 	
0.99996333 	0.99429380 	0.99999874 	0.98948649 	0.60317646 	0.99108902 	0.99999463 	0.99999591 	0.99999473 	0.99999264 	0.99981034 	0.97340430 	0.70249786 	0.99996038 	0.99999972 	0.99499621 	
0.99996333 	0.99429380 	0.99999874 	0.98948649 	0.60317646 	0.99108902 	0.99999463 	0.99999591 	0.99999473 	0.99999264 	0.99981034 	0.97340430 	0.70249786 	0.99996038 	0.99999972 	0.99499621 	
0.99996333 	0.99429380 	0.99999874 	0.98948649 	0.60317646 	0.99108902 	0.99999463 	0.99999591 	0.99999473 	0.99999264 	0.99981034 	0.97340430 	0.70249786 	0.99996038 	0.99999972 	0.99499621 	
0.99996333 	0.99429380 	0.99999874 	0.98948649 	0.60317646 	0.99108902 	0.99999463 	0.99999591 	0.99999473 	0.99999264 	0.99981034 	0.97340430 	0.70249786 	0.99996038 	0.99999972 	0.99499621 	
0.99996333 	0.99429380 	0.99999874 	0.98948649 	0.60317646 	0.99108902 	0.99999463 	0.99999591 	0.99999473 	0.99999264 	0.99981034 	0.97340430 	0.70249786 	0.99996038 	0.99999972 	0.99499621 	
0.99996333 	0.99429380 	0.99999874 	0.98948649 	0.60317646 	0.99108902 	0.99999463 	0.99999591 	0.99999473 	0.99999264 	0.99981034 	0.97340430 	0.70249786 	0.99996038 	0.99999972 	0.99499621 	
0.99996333 	0.99429380 	0.99999874 	0.98948649 	0.60317646 	0.99108902 	0.99999463 	0.99999591 	0.99999473 	0.99999264 	0.99981034 	0.97340430 	0.70249786 	0.99996038 	0.99999972 	0.99499621 	
0.99996333 	0.99429380 	0.99999874 	0.98948649 	0.60317646 	0.99108902 	0.99999463 	0.99999591 	0.99999473 	0.99999264 	0.99999925 	0.97340430 	0.70249786 	0.99996038 	0.99999972 	0.99499621 	
0.99996333 	0.99429380 	0.99999874 	0.98948649 	0.60317646 	0.99108902 	0.99999463 	0.99999591 	0.99999473 	0.99999264 	0.99999925 	0.97303212 	0.70249786 	0.99996038 	0.99999972 	0.99499621 	
0.99996333 	0.99429380 	0.99999874 	0.98948649 	0.60317646 	0.99108902 	0.99999463 	0.99999591 	0.99999473 	0.99999264 	0.99999925 	0.97303212 	0.70249916 	0.99996038 	0.99999972 	0.99499621 	
0.99996333 	0.99429380 	0.99999874 	0.98948649 	0.60317646 	0.99108902 	0.99999463 	0.99999591 	0.99999473 	0.99999264 	0.99999925 	0.97303212 	0.70249916 	0.99996038 	0.99999972 	0.99499621 	
0.99996333 	0.99429380 	0.99999874 	0.98948649 	0.60317646 	0.99108902 	0.99999463 	0.99999591 	0.99999473 	0.99999264 	0.99999925 	0.97303212 	0.70249916 	0.99996038 	0.99999972 	0.99499621 	
0.99996333 	0.99429380 	0.99999874 	0.98948649 	0.60317646 	0.99108902 	0.99999463 	0.99999591 	0.99999473 	0.99999264 	0.99999925 	0.97303212 	0.70249916 	0.99996038 	0.99999972 	0.99499621 	
0.99996861 	0.99429380 	0.99999874 	0.98948649 	0.60317646 	0.99108902 	0.99999463 	0.99999591 	0.99999473 	0.99999264 	0.99999925 	0.97303212 	0.70249916 	0.99996038 	0.99999972 	0.99499621 	
0.99996861 	0.99437324 	0.99999874 	0.98948649 	0.60317646 	0.99108902 	0.99999463 	0.99999591 	0.99999473 	0.99999264 	0.99999925 	0.97303212 	0.70249916 	0.99996038 	0.99999972 	0.99499621 	
0.99996861 	0.99437324 	0.99999874 	0.98948649 	0.60317646 	0.99108902 	0.99999463 	0.99999591 	0.99999473 	0.99999264 	0.99999925 	0.97303212 	0.70249916 	0.99996038 	0.99999972 	0.99499621 	
0.99996861 	0.99437324 	0.99999874 	0.98939098 	0.60317646 	0.99108902 	0.99999463 	0.99999591 	0.99999473 	0.99999264 	0.99999925 	0.97303212 	0.70249916 	0.99996038 	0.99999972 	0.99499621 	
0.99996861 	0.99437324 	0.99999874 	0.98939098 	0.60317646 	0.99108902 	0.99999463 	0.99999591 	0.99999473 	0.99999264 	0.99999925 	0.97303212 	0.70249916 	0.99996038 	0.99999972 	0.99499621 	
0.99996861 	0.99437324 	0.99999874 	0.98939098 	0.60317646 	0.99108902 	0.99999463 	0.99999591 	0.99999473 	0.99999264 	0.99999925 	0.97303212 	0.70249916 	0.99996038 	0.99999972 	0.99499621 	
0.99996861 	0.99437324 	0.99999874 	0.98939098 	0.60317646 	0.99108902 	0.99999463 	0.99999591 	0.99999473 	0.99999264 	0.99999925 	0.97303212 	0.70249916 	0.99996038 	0.99999972 	0.99499621 	
0.99996861 	0.99437324 	0.99999874 	0.98939098 	0.60317646 	0.99108902 	0.99999463 	0.99999591 	0.99999473 	0.99999264 	0.99999925 	0.97303212 	0.70249916 	0.99996038 	0.99999972 	0.99499621 	
0.99996861 	0.99437324 	0.99999874 	0.98939098 	0.60317646 	0.99108902 	0.99999463 	0.99999591 	0.99999473 	0.99999264 	0.99999925 	0.97303212 	0.70249916 	0.99996038 	0.99999972 	0.99499621 	
0.99996861 	0.99437324 	0.99999874 	0.98939098 	0.60317646 	0.99108902 	0.99999463 	0.99999591 	0.99999473 	0.99999329 	0.99999925 	0.97303212 	0.70249916 	0.99996038 	0.99999972 	0.99499621 	
0.99996861 	0.99437324 	0.99999874 	0.98939098 	0.60317646 	0.99108902 	0.99999463 	0.99999591 	0.99999473 	0.99999329 	0.99999925 	0.97303212 	0.70249916 	0.99996038 	0.99999972 	0.99499621 	
0.99996861 	0.99437324 	0.99999874 	0.98939098 	0.60317646 	0.99108902 	0.99999463 	0.99999591 	0.99999473 	0.99999329 	0.99999925 	0.97301512 	0.70249916 	0.99996038 	0.99999972 	0.99499621 	
0.99996861 	0.99437324 	0.99999874 	0.98939098 	0.60317646 	0.99108902 	0.99999463 	0.99999591 	0.99999473 	0.99999329 	0.99999925 	0.97301512 	0.70249916 	0.99996038 	0.99999972 	0.99499621 	
0.99996861 	0.99437324 	0.99999874 	0.98939098 	0.60317646 	0.99108902 	0.99999463 	0.99999591 	0.99999473 	0.99999329 	0.99999925 	0.97301512 	0.70249916 	0.99996038 	0.99999972 	0.99499621 	
0.99996861 	0.99437324 	0.99999874 	0.98939098 	0.60317646 	0.99108902 	0.99999463 	0.99999591 	0.99999473 	0.99999329 	0.99999925 	0.97301512 	0.70249916 	0.99996038 	0.99999972 	0.99499621 	
0.99996861 	0.99437324 	0.99999874 	0.98939098 	0.60317646 	0.99108902 	0.99999463 	0.99999591 	0.99999473 	0.99999329 	0.99999925 	0.97301512 	0.70249916 	0.99996038 	0.99999972 	0.99500435 	
0.99996861 	0.99437324 	0.99999874 	0.98939098 	0.60317646 	0.99108902 	0.99999463 	0.99999591 	0.99999473 	0.99999329 	0.99999925 	0.97301512 	0.70249916 	0.99996038 	0.99999972 	0.99500435 	
0.99996861 	0.99435372 	0.99999874 	0.98939098 	0.60317646 	0.99108902 	0.99999463 	0.99999591 	0.99999473 	0.99999329 	0.99999925 	0.97301512 	0.70249916 	0.99996038 	0.99999972 	0.99500435 	
0.99996861 	0.99435372 	0.99999922 	0.98939098 	0.60317646 	0.99108902 	0.99999463 	0.99999591 	0.99999473 	0.99999329 	0.99999925 	0.97301512 	0.70249916 	0.99996038 	0.99999972 	0.99500435 	
0.99996861 	0.99435372 	0.99999922 	0.98939098 	0.60317646 	0.99108902 	0.99999463 	0.99999591 	0.99999473 	0.99999329 	0.99999925 	0.97301512 	0.70249916 	0.99996038 	0.99999972 	0.99500435 	
0.99996861 	0.99435372 	0.99999922 	0.98939098 	0.60317646 	0.99108902 	0.99999463 	0.99999591 	0.99999473 	0.99999329 	0.99999925 	0.97301512 	0.70249916 	0.99996038 	0.99999972 	0.99500435 	
0.99996861 	0.99435372 	0.99999922 	0.98939098 	0.60317646 	0.99108902 	0.99999463 	0.99999591 	0.99999473 	0.99999329 	0.99999925 	0.97301512 	0.70249916 	0.99996038 	0.99999972 	0.99500435 	
0.99996861 	0.99435372 	0.99999922 	0.98939098 	0.60317646 	0.99108902 	0.99999463 	0.99999591 	0.99999473 	0.99999329 	0.99999925 	0.97301512 	0.70249916 	0.99996038 	0.99999972 	0.99500435 	
0.99996861 	0.99435372 	0.99999922 	0.98939098 	0.60317646 	0.99108902 	0.99999463 	0.99999591 	0.99999473 	0.99999329 	0.99999925 	0.97301512 	0.70249916 	0.99996038 	0.99999972 	0.99500435 	
0.99996861 	0.99435372 	0.99999922 	0.98939098 	0.60317646 	0.99108902 	0.99999463 	0.99999591 	0.99999938 	0.99999329 	0.99999925 	0.97301512 	0.70249916 	0.99996038 	0.99999972 	0.99500435 	
0.99996861 	0.99435372 	0.99999922 	0.98939098 	0.60317646 	0.99108902 	0.99999463 	0.99999591 	0.99999938 	0.99999329 	0.99999925 	0.97301512 	0.70249916 	0.99996038 	0.99999972 	0.99500435 	
0.99996861 	0.99435372 	0.99999922 	0.98939098 	0.60317646 	0.99108902 	0.99999463 	0.99999591 	0.99999938 	0.99999329 	0.99999925 	0.97301512 	0.70249916 	0.99996038 	0.99999972 	0.99500435 	
0.99996861 	0.99435372 	0.99999922 	0.98939098 	0.60317646 	0.99108902 	0.99999463 	0.99999591 	0.99999938 	0.99999329 	0.99999925 	0.97245310 	0.70249916 	0.99996038 	0.99999972 	0.99500435 	
0.99996861 	0.99435372 	0.99999922 	0.98939098 	0.60317646 	0.99108902 	0.99999463 	0.99999591 	0.99999938 	0.99999329 	0.99999925 	0.97245310 	0.70249916 	0.99996038 	0.99999972 	0.99500435 	
0.99996861 	0.99435372 	0.99999922 	0.98939098 	0.60317646 	0.99108902 	0.99999463 	0.99999591 	0.99999938 	0.99999329 	0.99999925 	0.97245310 	0.70249916 	0.99996038 	0.99999972 	0.99500435 	
0.99996861 	0.99435372 	0.99999922 	0.98939098 	0.60317646 	0.99108902 	0.99999463 	0.99999591 	0.99999938 	0.99999329 	0.99999925 	0.97245310 	0.70249916 	0.99996038 	0.99999972 	0.99500435 	
0.99996861 	0.99435372 	0.99999922 	0.98939098 	0.60317646 	0.99108902 	0.99999463 	0.99999591 	0.99999938 	0.99999329 	0.99999925 	0.97245310 	0.70249916 	0.99996038 	0.99999972 	0.99502817 	
0.99997897 	0.99435372 	0.99999922 	0.98939098 	0.60317646 	0.99108902 	0.99999463 	0.99999591 	0.99999938 	0.99999329 	0.99999925 	0.97245310 	0.70249916 	0.99996038 	0.99999972 	0.99502817 	
0.99997897 	0.99440185 	0.99999922 	0.98939098 	0.60317646 	0.99108902 	0.99999463 	0.99999591 	0.99999938 	0.99999329 	0.99999925 	0.97245310 	0.70249916 	0.99996038 	0.99999972 	0.99502817 	
0.99997897 	0.99440185 	0.99999922 	0.98939098 	0.60317646 	0.99108902 	0.99999463 	0.99999591 	0.99999938 	0.99999329 	0.99999925 	0.97245310 	0.70249916 	0.99996038 	0.99999972 	0.99502817 	
0.99997897 	0.99440185 	0.99999922 	0.98937527 	0.60317646 	0.99108902 	0.99999463 	0.99999591 	0.99999938 	0.99999329 	0.99999925 	0.97245310 	0.70249916 	0.99996038 	0.99999972 	0.99502817 	
0.99997897 	0.99440185 	0.99999922 	0.98937527 	0.60317646 	0.99108902 	0.99999463 	0.99999591 	0.99999938 	0.99999329 	0.99999925 	0.97245310 	0.70249916 	0.99996038 	0.99999972 	0.99502817 	
0.99997897 	0.99440185 	0.99999922 	0.98937527 	0.60317646 	0.99128152 	0.99999463 	0.99999591 	0.99999938 	0.99999329 	0.99999925 	0.97245310 	0.70249916 	0.99996038 	0.99999972 	0.99502817 	
0.99997897 	0.99440185 	0.99999922 	0.98937527 	0.60317646 	0.99128152 	0.99999463 	0.99999591 	0.99999938 	0.99999329 	0.99999925 	0.97245310 	0.70249916 	0.99996038 	0.99999972 	0.99502817 	
0.99997897 	0.99440185 	0.99999922 	0.98937527 	0.60317646 	0.99128152 	0.99999463 	0.99999591 	0.99999938 	0.99999329 	0.99999925 	0.97245310 	0.70249916 	0.99996038 	0.99999972 	0.99502817 	
0.99997897 	0.99440185 	0.99999922 	0.98937527 	0.60317646 	0.99128152 	0.99999463 	0.99999591 	0.99999938 	0.99999329 	0.99999925 	0.97245310 	0.70249916 	0.99996038 	0.99999972 	0.99502817 	
0.99997897 	0.99440185 	0.99999922 	0.98937527 	0.60317646 	0.99128152 	0.99999463 	0.99999591 	0.99999938 	0.99999329 	0.99999925 	0.97245310 	0.70249916 	0.99996038 	0.99999972 	0.99502817 	
0.99997897 	0.99440185 	0.99999922 	0.98937527 	0.60317646 	0.99128152 	0.99999463 	0.99999591 	0.99999938 	0.99999329 	0.99999925 	0.97245310 	0.70249916 	0.99996038 	0.99999972 	0.99502817 	
0.99997897 	0.99440185 	0.99999922 	0.98937527 	0.60317646 	0.99128152 	0.99999463 	0.99999591 	0.99999938 	0.99999329 	0.99999925 	0.97175166 	0.70249916 	0.99996038 	0.99999972 	0.99502817 	
0.99997897 	0.99440185 	0.99999922 	0.98937527 	0.60317646 	0.99128152 	0.99999463 	0.99999591 	0.99999938 	0.99999329 	0.99999925 	0.97175166 	0.70249916 	0.99996038 	0.99999972 	0.99502817 	
0.99997897 	0.99440185 	0.99999922 	0.98937527 	0.60317646 	0.99128152 	0.99999463 	0.99999591 	0.99999938 	0.99999329 	0.99999925 	0.97175166 	0.70249916 	0.99996038 	0.99999972 	0.99502817 	
0.99997897 	0.99440185 	0.99999922 	0.98937527 	0.60317646 	0.99128152 	0.99999463 	0.99999591 	0.99999938 	0.99999329 	0.99999925 	0.97175166 	0.70249916 	0.99996038 	0.99999972 	0.99502817 	
0.99997897 	0.99440185 	0.99999922 	0.98937527 	0.60317646 	0.99128152 	0.99999463 	0.99999591 	0.99999938 	0.99999329 	0.99999925 	0.97175166 	0.70249916 	0.99996038 	0.99999972 	0.99500435 	
0.99999966 	0.99440185 	0.99999922 	0.98937527 	0.60317646 	0.99128152 	0.99999463 	0.99999591 	0.99999938 	0.99999329 	0.99999925 	0.97175166 	0.70249916 	0.99996038 	0.99999972 	0.99500435 	
0.99999966 	0.99446805 	0.99999922 	0.98937527 	0.60317646 	0.99128152 	0.99999463 	0.99999591 	0.99999938 	0.99999329 	0.99999925 	0.97175166 	0.70249916 	0.99996038 	0.99999972 	0.99500435 	
0.99999966 	0.99446805 	0.99999986 	0.98937527 	0.60317646 	0.99128152 	0.99999463 	0.99999591 	0.99999938 	0.99999329 	0.99999925 	0.97175166 	0.70249916 	0.99996038 	0.99999972 	0.99500435 	
0.99999966 	0.99446805 	0.99999986 	0.98939098 	0.60317646 	0.99128152 	0.99999463 	0.99999591 	0.99999938 	0.99999329 	0.99999925 	0.97175166 	0.70249916 	0.99996038 	0.99999972 	0.99500435 	
0.99999966 	0.99446805 	0.99999986 	0.98939098 	0.60280446 	0.99128152 	0.99999463 	0.99999591 	0.99999938 	0.99999329 	0.99999925 	0.97175166 	0.70249916 	0.99996038 	0.99999972 	0.99500435 	
0.99999966 	0.99446805 	0.99999986 	0.98939098 	0.60280446 	0.99128152 	0.99999463 	0.99999591 	0.99999938 	0.99999329 	0.99999925 	0.97175166 	0.70249916 	0.99996038 	0.99999972 	0.99500435 	
0.99999966 	0.99446805 	0.99999986 	0.98939098 	0.60280446 	0.99128152 	0.99999463 	0.99999591 	0.99999938 	0.99999329 	0.99999925 	0.97175166 	0.70249916 	0.99996038 	0.99999972 	0.99500435 	
0.99999966 	0.99446805 	0.99999986 	0.98939098 	0.60280446 	0.99128152 	0.99999463 	0.99999591 	0.99999938 	0.99999329 	0.99999925 	0.97175166 	0.70249916 	0.99996038 	0.99999972 	0.99500435 	
0.99999966 	0.99446805 	0.99999986 	0.98939098 	0.60280446 	0.99128152 	0.99999463 	0.99999591 	0.99999938 	0.99999329 	0.99999925 	0.97175166 	0.70249916 	0.99996038 	0.99999972 	0.99500435 	
0.99999966 	0.99446805 	0.99999986 	0.98939098 	0.60280446 	0.99128152 	0.99999463 	0.99999591 	0.99999938 	0.99999438 	0.99999925 	0.97175166 	0.70249916 	0.99996038 	0.99999972 	0.99500435 	
0.99999966 	0.99446805 	0.99999986 	0.98939098 	0.60280446 	0.99128152 	0.99999463 	0.99999591 	0.99999938 	0.99999438 	0.99999925 	0.97175166 	0.70249916 	0.99996038 	0.99999972 	0.99500435 	
0.99999966 	0.99446805 	0.99999986 	0.98939098 	0.60280446 	0.99128152 	0.99999463 	0.99999591 	0.99999938 	0.99999438 	0.99999925 	0.97175166 	0.70249916 	0.99996038 	0.99999972 	0.99500435 	
0.99999966 	0.99446805 	0.99999986 	0.98939098 	0.60280446 	0.99128152 	0.99999463 	0.99999591 	0.99999938 	0.99999438 	0.99999925 	0.97175166 	0.70249916 	0.99996038 	0.99999972 	0.99500435 	
0.99999966 	0.99446805 	0.99999986 	0.98939098 	0.60280446 	0.99128152 	0.99999463 	0.99999591 	0.99999938 	0.99999438 	0.99999925 	0.97175166 	0.70249916 	0.99996038 	0.99999972 	0.99500435 	
0.99999966 	0.99446805 	0.99999986 	0.98939098 	0.60280446 	0.99128152 	0.99999463 	0.99999591 	0.99999938 	0.99999438 	0.99999925 	0.97175166 	0.70249916 	0.99996038 	0.99999972 	0.99500435 	
0.99999966 	0.99446805 	0.99999986 	0.98939098 	0.60280446 	0.99128152 	0.99999463 	0.99999591 	0.99999938 	0.99999438 	0.99999925 	0.97175166 	0.70249916 	0.99996038 	0.99999972 	0.99502817 	
0.99999966 	0.99446805 	0.99999986 	0.98939098 	0.60280446 	0.99128152 	0.99999463 	0.99999591 	0.99999938 	0.99999438 	0.99999925 	0.97175166 	0.70249916 	0.99996038 	0.99999972 	0.99502817 	
0.99999966 	0.99446805 	0.99999986 	0.98939098 	0.60280446 	0.99128152 	0.99999463 	0.99999591 	0.99999938 	0.99999438 	0.99999925 	0.97175166 	0.70249916 	0.99996038 	0.99999972 	0.99502817 	
0.99999966 	0.99446805 	0.99999986 	0.98939098 	0.60280446 	0.99128152 	0.99999463 	0.99999591 	0.99999938 	0.99999438 	0.99999925 	0.97175166 	0.70249916 	0.99996038 	0.99999972 	0.99502817 	
0.99999966 	0.99446805 	0.99999986 	0.98939098 	0.60280446 	0.99128152 	0.99999463 	0.99999591 	0.99999938 	0.99999438 	0.99999925 	0.97175166 	0.70249916 	0.99996038 	0.99999972 	0.99502817 	
0.99999966 	0.99446805 	0.99999986 	0.98939098 	0.60295498 	0.99128152 	0.99999463 	0.99999591 	0.99999938 	0.99999438 	0.99999925 	0.97175166 	0.70249916 	0.99996038 	0.99999972 	0.99502817 	
0.99999966 	0.99446805 	0.99999986 	0.98939098 	0.60295498 	0.99128152 	0.99999463 	0.99999591 	0.99999938 	0.99999438 	0.99999925 	0.97175166 	0.70249916 	0.99996038 	0.99999972 	0.99502817 	
0.99999966 	0.99446805 	0.99999986 	0.98939098 	0.60295498 	0.99128152 	0.99999463 	0.99999591 	0.99999938 	0.99999438 	0.99999925 	0.97175166 	0.70249916 	0.99996038 	0.99999972 	0.99502817 	
0.99999966 	0.99446805 	0.99999986 	0.98939098 	0.60295498 	0.99128152 	0.99999463 	0.99999771 	0.99999938 	0.99999438 	0.99999925 	0.97175166 	0.70249916 	0.99996038 	0.99999972 	0.99502817 	
0.99999966 	0.99446805 	0.99999986 	0.98939098 	0.60295498 	0.99128152 	0.99999463 	0.99999771 	0.99999938 	0.99999438 	0.99999925 	0.97175166 	0.70249916 	0.99996038 	0.99999972 	0.99502817 	
0.99999966 	0.99446805 	0.99999986 	0.98939098 	0.60295498 	0.99128152 	0.99999463 	0.99999771 	0.99999938 	0.99999438 	0.99999925 	0.97175166 	0.70249916 	0.99996038 	0.99999972 	0.99502817 	
0.99999966 	0.99446805 	0.99999986 	0.98939098 	0.60295498 	0.99128152 	0.99999463 	0.99999771 	0.99999938 	0.99999438 	0.99999925 	0.97175166 	0.70249916 	0.99996038 	0.99999972 	0.99502817 	
0.99999966 	0.99446805 	0.99999986 	0.98939098 	0.60295498 	0.99128152 	0.99999463 	0.99999771 	0.99999938 	0.99999438 	0.99999925 	0.97203054 	0.70249916 	0.99996038 	0.99999972 	0.99502817 	
0.99999966 	0.99446805 	0.99999986 	0.98939098 	0.60295498 	0.99128152 	0.99999463 	0.99999771 	0.99999938 	0.99999438 	0.99999925 	0.97203054 	0.70249916 	0.99996038 	0.99999972 	0.99502817 	
0.99999966 	0.99446805 	0.99999986 	0.98939098 	0.60295498 	0.99128152 	0.99999463 	0.99999771 	0.99999938 	0.99999438 	0.99999925 	0.97203054 	0.70249916 	0.99996038 	0.99999972 	0.99502817 	
0.99999966 	0.99446805 	0.99999986 	0.98939098 	0.60295498 	0.99128152 	0.99999463 	0.99999771 	0.99999938 	0.99999438 	0.99999925 	0.97203054 	0.70249916 	0.99996038 	0.99999972 	0.99502817 	
0.99999966 	0.99446805 	0.99999986 	0.98939098 	0.60295498 	0.99128152 	0.99999463 	0.99999771 	0.99999938 	0.99999438 	0.99999925 	0.97203054 	0.70249916 	0.99996038 	0.99999972 	0.99502817 	
0.99999966 	0.99446805 	0.99999986 	0.98939098 	0.60295498 	0.99128152 	0.99999463 	0.99999771 	0.99999938 	0.99999438 	0.99999925 	0.97203054 	0.70249916 	0.99996038 	0.99999972 	0.99502817 	
0.99999966 	0.99446805 	0.99999986 	0.98939098 	0.60295498 	0.99128152 	0.99999463 	0.99999771 	0.99999938 	0.99999438 	0.99999925 	0.97203054 	0.70249916 	0.99996038 	0.99999972 	0.99502817 	
0.99999966 	0.99446805 	0.99999986 	0.98939098 	0.60295498 	0.99128152 	0.99999463 	0.99999771 	0.99999938 	0.99999438 	0.99999925 	0.97203054 	0.70249916 	0.99996038 	0.99999972 	0.99502817 	
0.99999966 	0.99446805 	0.99999986 	0.98939098 	0.60295498 	0.99128152 	0.99999463 	0.99999771 	0.99999938 	0.99999438 	0.99999925 	0.97203054 	0.70249916 	0.99996038 	0.99999972 	0.99502817 	
0.99999966 	0.99446805 	0.99999986 	0.98939098 	0.60295498 	0.99128152 	0.99999463 	0.99999771 	0.99999938 	0.99999438 	0.99999925 	0.97203054 	0.70249916 	0.99996038 	0.99999972 	0.99502817 	
0.99999966 	0.99446805 	0.99999986 	0.98939098 	0.60295498 	0.99128152 	0.99999463 	0.99999771 	0.99999938 	0.99999438 	0.99999925 	0.97203054 	0.70249916 	0.99996038 	0.99999972 	0.99502817 	
0.99999966 	0.99446805 	0.99999986 	0.98939098 	0.60295498 	0.99128152 	0.99999463 	0.99999771 	0.99999938 	0.99999438 	0.99999925 	0.97203054 	0.70249916 	0.99996038 	0.99999972 	0.99502817 	
0.99999966 	0.99446805 	0.99999986 	0.98939098 	0.60295498 	0.99128152 	0.99999463 	0.99999771 	0.99999938 	0.99999438 	0.99999925 	0.97203054 	0.70249916 	0.99996038 	0.99999972 	0.99502817 	
0.99999966 	0.99446805 	0.99999986 	0.98939098 	0.60295498 	0.99128152 	0.99999463 	0.99999771 	0.99999938 	0.99999438 	0.99999925 	0.97203054 	0.70249916 	0.99996038 	0.99999972 	0.99502817 	
0.99999966 	0.99446805 	0.99999986 	0.98939098 	0.60295498 	0.99128152 	0.99999463 	0.99999771 	0.99999938 	0.99999528 	0.99999925 	0.97203054 	0.70249916 	0.99996038 	0.99999972 	0.99502817 	
0.99999966 	0.99446805 	0.99999986 	0.98939098 	0.60295498 	0.99128152 	0.99999463 	0.99999771 	0.99999938 	0.99999528 	0.99999941 	0.97203054 	0.70249916 	0.99996038 	0.99999972 	0.99502817 	
0.99999966 	0.99446805 	0.99999986 	0.98939098 	0.60295498 	0.99128152 	0.99999463 	0.99999771 	0.99999938 	0.99999528 	0.99999941 	0.97203054 	0.70249916 	0.99996038 	0.99999972 	0.99502817 	
0.99999966 	0.99446805 	0.99999986 	0.98939098 	0.60295498 	0.99128152 	0.99999463 	0.99999771 	0.99999938 	0.99999528 	0.99999941 	0.97203054 	0.70249916 	0.99996038 	0.99999972 	0.99502817 	
0.99999966 	0.99446805 	0.99999986 	0.98939098 	0.60295498 	0.99128152 	0.99999463 	0.99999771 	0.99999938 	0.99999528 	0.99999941 	0.97203054 	0.70249916 	0.99996038 	0.99999972 	0.99502817 	
0.99999966 	0.99446805 	0.99999986 	0.98939098 	0.60295498 	0.99128152 	0.99999463 	0.99999771 	0.99999938 	0.99999528 	0.99999941 	0.97203054 	0.70249916 	0.99996038 	0.99999972 	0.99502817 	
0.99999966 	0.99446805 	0.99999986 	0.98939098 	0.60295498 	0.99128152 	0.99999463 	0.99999771 	0.99999938 	0.99999528 	0.99999941 	0.97203054 	0.70249916 	0.99996038 	0.99999972 	0.99502817 	
0.99999990 	0.99446805 	0.99999986 	0.98939098 	0.60295498 	0.99128152 	0.99999463 	0.99999771 	0.99999938 	0.99999528 	0.99999941 	0.97203054 	0.70249916 	0.99996038 	0.99999972 	0.99502817 	
0.99999990 	0.99446805 	0.99999986 	0.98939098 	0.60295498 	0.99128152 	0.99999463 	0.99999771 	0.99999938 	0.99999528 	0.99999941 	0.97203054 	0.70249916 	0.99996038 	0.99999972 	0.99502817 	
0.99999990 	0.99446805 	0.99999986 	0.98939098 	0.60295498 	0.99128152 	0.99999463 	0.99999771 	0.99999938 	0.99999528 	0.99999941 	0.97203054 	0.70249916 	0.99996038 	0.99999972 	0.99502817 	
0.99999990 	0.99446805 	0.99999986 	0.98939098 	0.60295498 	0.99128152 	0.99999463 	0.99999771 	0.99999938 	0.99999528 	0.99999941 	0.97203054 	0.70249916 	0.99996038 	0.99999972 	0.99502817 	
0.99999990 	0.99446805 	0.99999986 	0.98939098 	0.60295498 	0.99128152 	0.99999463 	0.99999771 	0.99999938 	0.99999528 	0.99999941 	0.97203054 	0.70249916 	0.99996038 	0.99999972 	0.99502817 	
0.99999990 	0.99446805 	0.99999986 	0.98939098 	0.60295498 	0.99127498 	0.99999463 	0.99999771 	0.99999938 	0.99999528 	0.99999941 	0.97203054 	0.70249916 	0.99996038 	0.99999972 	0.99502817 	
0.99999990 	0.99446805 	0.99999986 	0.98939098 	0.60295498 	0.99127498 	0.99999463 	0.99999771 	0.99999938 	0.99999528 	0.99999941 	0.97203054 	0.70249916 	0.99996038 	0.99999972 	0.99502817 	
0.99999990 	0.99446805 	0.99999986 	0.98939098 	0.60295498 	0.99127498 	0.99999463 	0.99999849 	0.99999938 	0.99999528 	0.99999941 	0.97203054 	0.70249916 	0.99996038 	0.99999972 	0.99502817 	
0.99999990 	0.99446805 	0.99999986 	0.98939098 	0.60295498 	0.99127498 	0.99999463 	0.99999849 	0.99999938 	0.99999528 	0.99999941 	0.97203054 	0.70249916 	0.99996038 	0.99999972 	0.99502817 	
0.99999990 	0.99446805 	0.99999986 	0.98939098 	0.60295498 	0.99127498 	0.99999463 	0.99999849 	0.99999938 	0.99999756 	0.99999941 	0.97203054 	0.70249916 	0.99996038 	0.99999972 	0.99502817 	
0.99999990 	0.99446805 	0.99999986 	0.98939098 	0.60295498 	0.99127498 	0.99999463 	0.99999849 	0.99999938 	0.99999756 	0.99999941 	0.97203054 	0.70249916 	0.99996038 	0.99999972 	0.99502817 	
0.99999990 	0.99446805 	0.99999986 	0.98939098 	0.60295498 	0.99127498 	0.99999463 	0.99999849 	0.99999938 	0.99999756 	0.99999941 	0.97203054 	0.70249916 	0.99996038 	0.99999972 	0.99502817 	
0.99999990 	0.99446805 	0.99999986 	0.98939098 	0.60295498 	0.99127498 	0.99999463 	0.99999849 	0.99999938 	0.99999756 	0.99999941 	0.97203054 	0.70249916 	0.99996038 	0.99999972 	0.99502817 	
0.99999990 	0.99446805 	0.99999986 	0.98939098 	0.60295498 	0.99127498 	0.99999463 	0.99999849 	0.99999938 	0.99999756 	0.99999941 	0.97203054 	0.70249916 	0.99998725 	0.99999972 	0.99502817 	
0.99999990 	0.99446805 	0.99999986 	0.98939098 	0.60295498 	0.99127498 	0.99999463 	0.99999849 	0.99999938 	0.99999756 	0.99999941 	0.97203054 	0.70249916 	0.99998725 	0.99999972 	0.99502817 	
0.99999990 	0.99446805 	0.99999986 	0.98939098 	0.60295498 	0.99127498 	0.99999463 	0.99999849 	0.99999938 	0.99999756 	0.99999941 	0.97203054 	0.70249916 	0.99998725 	0.99999972 	0.99502817 	
0.99999990 	0.99446805 	0.99999986 	0.98939098 	0.60295498 	0.99127498 	0.99999463 	0.99999849 	0.99999938 	0.99999756 	0.99999941 	0.97203054 	0.70249916 	0.99998725 	0.99999972 	0.99502817 	
0.99999990 	0.99446805 	0.99999986 	0.98939098 	0.60295498 	0.99127498 	0.99999463 	0.99999849 	0.99999938 	0.99999756 	0.99999941 	0.97203054 	0.70249916 	0.99998725 	0.99999972 	0.99502817 	
0.99999990 	0.99446805 	0.99999986 	0.98939098 	0.60295498 	0.99127498 	0.99999463 	0.99999849 	0.99999938 	0.99999756 	0.99999941 	0.97203054 	0.70249916 	0.99998725 	0.99999972 	0.99502817 	
0.99999990 	0.99446805 	0.99999986 	0.98939098 	0.60295498 	0.99127498 	0.99999463 	0.99999849 	0.99999938 	0.99999756 	0.99999941 	0.97203054 	0.70249916 	0.99998725 	0.99999972 	0.99502817 	
0.99999990 	0.99446805 	0.99999986 	0.98939098 	0.60295498 	0.99127498 	0.99999463 	0.99999849 	0.99999938 	0.99999756 	0.99999941 	0.97203054 	0.70249916 	0.99998725 	0.99999972 	0.99502817 	
0.99999990 	0.99446805 	0.99999986 	0.98939098 	0.60295498 	0.99127498 	0.99999463 	0.99999849 	0.99999938 	0.99999756 	0.99999941 	0.97203054 	0.70249916 	0.99998725 	0.99999972 	0.99502817 	
0.99999990 	0.99446805 	0.99999986 	0.98939098 	0.60295498 	0.99127498 	0.99999463 	0.99999849 	0.99999938 	0.99999756 	0.99999941 	0.97203054 	0.70249916 	0.99998725 	0.99999972 	0.99502817 	
0.99999990 	0.99446805 	0.99999986 	0.98939098 	0.60295498 	0.99127498 	0.99999463 	0.99999849 	0.99999938 	0.99999756 	0.99999941 	0.97203054 	0.70249916 	0.99998725 	0.99999972 	0.99502817 	
0.99999990 	0.99446805 	0.99999986 	0.98939098 	0.60295498 	0.99127498 	0.99999463 	0.99999849 	0.99999983 	0.99999756 	0.99999941 	0.97203054 	0.70249916 	0.99998725 	0.99999972 	0.99502817 	
0.99999990 	0.99446805 	0.99999986 	0.98939098 	0.60295498 	0.99127498 	0.99999463 	0.99999849 	0.99999983 	0.99999756 	0.99999941 	0.97203054 	0.70249916 	0.99998725 	0.99999972 	0.99502817 	
0.99999990 	0.99446805 	0.99999986 	0.98939098 	0.60295498 	0.99127498 	0.99999463 	0.99999849 	0.99999983 	0.99999756 	0.99999941 	0.97203054 	0.70249916 	0.99998725 	0.99999972 	0.99502817 	
0.99999990 	0.99446805 	0.99999986 	0.98939098 	0.60295498 	0.99127498 	0.99999463 	0.99999849 	0.99999983 	0.99999756 	0.99999941 	0.97203054 	0.70249916 	0.99998725 	0.99999972 	0.99502817 	
0.99999990 	0.99446805 	0.99999986 	0.98939098 	0.60295498 	0.99127498 	0.99999463 	0.99999849 	0.99999983 	0.99999756 	0.99999941 	0.97203054 	0.70249916 	0.99998725 	0.99999972 	0.99502817 	
0.99999990 	0.99446805 	0.99999986 	0.98939098 	0.60295498 	0.99127498 	0.99999463 	0.99999849 	0.99999983 	0.99999756 	0.99999941 	0.97203054 	0.70249916 	0.99999748 	0.99999972 	0.99502817 	
0.99999990 	0.99446805 	0.99999986 	0.98939098 	0.60295498 	0.99127498 	0.99999463 	0.99999849 	0.99999983 	0.99999756 	0.99999941 	0.97203054 	0.70249916 	0.99999748 	0.99999972 	0.99502817 	
0.99999990 	0.99446805 	0.99999986 	0.98939098 	0.60295498 	0.99127498 	0.99999463 	0.99999849 	0.99999983 	0.99999756 	0.99999941 	0.97203054 	0.70249916 	0.99999748 	0.99999972 	0.99502817 	
0.99999990 	0.99446805 	0.99999986 	0.98939098 	0.60295498 	0.99127498 	0.99999463 	0.99999849 	0.99999983 	0.99999756 	0.99999941 	0.97203054 	0.70249916 	0.99999748 	0.99999972 	0.99502817 	
0.99999990 	0.99446805 	0.99999986 	0.98939098 	0.60295498 	0.99127498 	0.99999463 	0.99999849 	0.99999983 	0.99999756 	0.99999941 	0.97203054 	0.70249916 	0.99999748 	0.99999972 	0.99502817 	
0.99999990 	0.99446805 	0.99999986 	0.98939098 	0.60295498 	0.99127498 	0.99999463 	0.99999849 	0.99999983 	0.99999756 	0.99999941 	0.97203054 	0.70249916 	0.99999748 	0.99999972 	0.99502817 	
0.99999990 	0.99446805 	0.99999986 	0.98939098 	0.60295498 	0.99127498 	0.99999463 	0.99999849 	0.99999983 	0.99999756 	0.99999941 	0.97203054 	0.70249916 	0.99999748 	0.99999972 	0.99502817 	
0.99999990 	0.99446805 	0.99999986 	0.98939098 	0.60295792 	0.99127498 	0.99999463 	0.99999849 	0.99999983 	0.99999756 	0.99999941 	0.97203054 	0.70249916 	0.99999748 	0.99999972 	0.99502817 	
0.99999990 	0.99446805 	0.99999986 	0.98939098 	0.60295792 	0.99124378 	0.99999463 	0.99999849 	0.99999983 	0.99999756 	0.99999941 	0.97203054 	0.70249916 	0.99999748 	0.99999972 	0.99502817 	
0.99999990 	0.99446805 	0.99999986 	0.98939098 	0.60295792 	0.99124378 	0.99999463 	0.99999849 	0.99999983 	0.99999756 	0.99999941 	0.97203054 	0.70249916 	0.99999748 	0.99999972 	0.99502817 	
0.99999990 	0.99446805 	0.99999986 	0.98939098 	0.60295792 	0.99124378 	0.99999463 	0.99999849 	0.99999983 	0.99999756 	0.99999941 	0.97203054 	0.70249916 	0.99999748 	0.99999972 	0.99502817 	
0.99999990 	0.99446805 	0.99999986 	0.98939098 	0.60295792 	0.99124378 	0.99999463 	0.99999849 	0.99999983 	0.99999756 	0.99999941 	0.97203054 	0.70249916 	0.99999748 	0.99999972 	0.99502817 	
0.99999990 	0.99446805 	0.99999986 	0.98939098 	0.60295792 	0.99124378 	0.99999463 	0.99999849 	0.99999983 	0.99999771 	0.99999941 	0.97203054 	0.70249916 	0.99999748 	0.99999972 	0.99502817 	
0.99999990 	0.99446805 	0.99999986 	0.98939098 	0.60295792 	0.99124378 	0.99999463 	0.99999849 	0.99999983 	0.99999771 	0.99999941 	0.97203054 	0.70249916 	0.99999748 	0.99999972 	0.99502817 	
0.99999990 	0.99446805 	0.99999986 	0.98939098 	0.60295792 	0.99124378 	0.99999463 	0.99999849 	0.99999983 	0.99999771 	0.99999941 	0.97203054 	0.70249916 	0.99999748 	0.99999972 	0.99502817 	
0.99999990 	0.99446805 	0.99999986 	0.98939098 	0.60295792 	0.99124378 	0.99999463 	0.99999849 	0.99999983 	0.99999771 	0.99999941 	0.97203054 	0.70249916 	0.99999748 	0.99999972 	0.99502817 	
0.99999990 	0.99446805 	0.99999986 	0.98939098 	0.60295792 	0.99124378 	0.99999463 	0.99999849 	0.99999983 	0.99999771 	0.99999941 	0.97203054 	0.70249916 	0.99999748 	0.99999972 	0.99502817 	
0.99999990 	0.99446805 	0.99999986 	0.98939098 	0.60295792 	0.99124378 	0.99999463 	0.99999849 	0.99999983 	0.99999771 	0.99999941 	0.97203054 	0.70249916 	0.99999748 	0.99999972 	0.99502817 	
0.99999990 	0.99446805 	0.99999986 	0.98939098 	0.60295792 	0.99124378 	0.99999463 	0.99999849 	0.99999983 	0.99999771 	0.99999941 	0.97203054 	0.70249916 	0.99999748 	0.99999972 	0.99502817 	
0.99999990 	0.99446805 	0.99999986 	0.98939098 	0.60295792 	0.99124378 	0.99999463 	0.99999849 	0.99999983 	0.99999771 	0.99999941 	0.97203054 	0.70249916 	0.99999748 	0.99999972 	0.99502817 	
0.99999990 	0.99446805 	0.99999986 	0.98939098 	0.60295792 	0.99124378 	0.99999463 	0.99999849 	0.99999983 	0.99999771 	0.99999941 	0.97203054 	0.70249916 	0.99999748 	0.99999972 	0.99502817 	
0.99999990 	0.99446805 	0.99999986 	0.98939098 	0.60295792 	0.99124378 	0.99999463 	0.99999849 	0.99999983 	0.99999771 	0.99999941 	0.97203054 	0.70249916 	0.99999748 	0.99999972 	0.99502817 	
0.99999990 	0.99446805 	0.99999986 	0.98939098 	0.60295792 	0.99124378 	0.99999463 	0.99999849 	0.99999983 	0.99999771 	0.99999941 	0.97203054 	0.70249916 	0.99999748 	0.99999972 	0.99502817 	
0.99999990 	0.99446805 	0.99999986 	0.98939098 	0.60295792 	0.99124378 	0.99999463 	0.99999849 	0.99999983 	0.99999771 	0.99999941 	0.97203054 	0.70249916 	0.99999748 	0.99999972 	0.99502817 	
0.99999990 	0.99446805 	0.99999986 	0.98939098 	0.60295792 	0.99124378 	0.99999463 	0.99999849 	0.99999983 	0.99999771 	0.99999941 	0.97203054 	0.70249916 	0.99999748 	0.99999972 	0.99502817 	
0.99999990 	0.99446805 	0.99999986 	0.98939098 	0.60295792 	0.99124378 	0.99999463 	0.99999849 	0.99999983 	0.99999771 	0.99999941 	0.97203054 	0.70249916 	0.99999748 	0.99999972 	0.99502817 	
0.99999990 	0.99446805 	0.99999986 	0.98939098 	0.60295792 	0.99124378 	0.99999463 	0.99999849 	0.99999983 	0.99999771 	0.99999941 	0.97203054 	0.70249916 	0.99999748 	0.99999972 	0.99502817 	
0.99999990 	0.99446805 	0.99999986 	0.98939098 	0.60295792 	0.99124378 	0.99999463 	0.99999849 	0.99999983 	0.99999771 	0.99999941 	0.97203054 	0.70249916 	0.99999748 	0.99999972 	0.99502817 	
0.99999990 	0.99446805 	0.99999986 	0.98939098 	0.60295792 	0.99124378 	0.99999463 	0.99999849 	0.99999983 	0.99999931 	0.99999941 	0.97203054 	0.70249916 	0.99999748 	0.99999972 	0.99502817 	
0.99999990 	0.99446805 	0.99999986 	0.98939098 	0.60295792 	0.99124378 	0.99999463 	0.99999849 	0.99999983 	0.99999931 	0.99999967 	0.97203054 	0.70249916 	0.99999748 	0.99999972 	0.99502817 	
0.99999990 	0.99446805 	0.99999986 	0.98939098 	0.60295792 	0.99124378 	0.99999463 	0.99999849 	0.99999983 	0.99999931 	0.99999967 	0.97203054 	0.70249916 	0.99999748 	0.99999972 	0.99502817 	
0.99999990 	0.99446805 	0.99999986 	0.98939098 	0.60295792 	0.99124378 	0.99999463 	0.99999849 	0.99999983 	0.99999931 	0.99999967 	0.97203054 	0.70249916 	0.99999748 	0.99999972 	0.99502817 	
0.99999990 	0.99446805 	0.99999986 	0.98939098 	0.60295792 	0.99124378 	0.99999463 	0.99999849 	0.99999983 	0.99999931 	0.99999967 	0.97203054 	0.70249916 	0.99999839 	0.99999972 	0.99502817 	
0.99999990 	0.99446805 	0.99999986 	0.98939098 	0.60295792 	0.99124378 	0.99999463 	0.99999849 	0.99999983 	0.99999931 	0.99999967 	0.97203054 	0.70249916 	0.99999839 	0.99999972 	0.99502817 	
0.99999990 	0.99446805 	0.99999986 	0.98939098 	0.60295792 	0.99124378 	0.99999463 	0.99999849 	0.99999983 	0.99999931 	0.99999967 	0.97203054 	0.70249916 	0.99999839 	0.99999972 	0.99502817 	
