0.97929775 	0.27692298 	0.65509800 	0.81428483 	0.53079755 	0.22897697 	0.18184703 	0.90271611 	0.82119404 	0.48679163 	0.47092335 	0.60284309 	0.52113583 	0.49417394 	0.88651193 	0.97297455 	
0.97929775 	0.95284410 	0.65509800 	0.81428483 	0.53079755 	0.22897697 	0.18184703 	0.90271611 	0.82119404 	0.48679163 	0.47092335 	0.60284309 	0.52113583 	0.49417394 	0.88651193 	0.97297455 	
0.97929775 	0.95284410 	0.98685063 	0.81428483 	0.53079755 	0.22897697 	0.18184703 	0.90271611 	0.82119404 	0.48679163 	0.47092335 	0.60284309 	0.52113583 	0.49417394 	0.88651193 	0.97297455 	
0.97929775 	0.95284410 	0.98685063 	0.97201668 	0.53079755 	0.22897697 	0.18184703 	0.90271611 	0.82119404 	0.48679163 	0.47092335 	0.60284309 	0.52113583 	0.49417394 	0.88651193 	0.97297455 	
0.97929775 	0.95284410 	0.98685063 	0.97201668 	0.90996612 	0.22897697 	0.18184703 	0.90271611 	0.82119404 	0.48679163 	0.47092335 	0.60284309 	0.52113583 	0.49417394 	0.88651193 	0.97297455 	
0.97929775 	0.95284410 	0.98685063 	0.97201668 	0.90996612 	0.99427025 	0.18184703 	0.90271611 	0.82119404 	0.48679163 	0.47092335 	0.60284309 	0.52113583 	0.49417394 	0.88651193 	0.97297455 	
0.97929775 	0.95284410 	0.98685063 	0.97201668 	0.90996612 	0.99427025 	0.98485696 	0.90271611 	0.82119404 	0.48679163 	0.47092335 	0.60284309 	0.52113583 	0.49417394 	0.88651193 	0.97297455 	
0.97929775 	0.95284410 	0.98685063 	0.97201668 	0.90996612 	0.99427025 	0.98485696 	0.91628995 	0.82119404 	0.48679163 	0.47092335 	0.60284309 	0.52113583 	0.49417394 	0.88651193 	0.97297455 	
0.97929775 	0.95284410 	0.98685063 	0.97201668 	0.90996612 	0.99427025 	0.98485696 	0.91628995 	0.95855886 	0.48679163 	0.47092335 	0.60284309 	0.52113583 	0.49417394 	0.88651193 	0.97297455 	
0.97929775 	0.95284410 	0.98685063 	0.97201668 	0.90996612 	0.99427025 	0.98485696 	0.91628995 	0.95855886 	0.89682507 	0.47092335 	0.60284309 	0.52113583 	0.49417394 	0.88651193 	0.97297455 	
0.97929775 	0.95284410 	0.98685063 	0.97201668 	0.90996612 	0.99427025 	0.98485696 	0.91628995 	0.95855886 	0.89682507 	0.87475907 	0.60284309 	0.52113583 	0.49417394 	0.88651193 	0.97297455 	
0.97929775 	0.95284410 	0.98685063 	0.97201668 	0.90996612 	0.99427025 	0.98485696 	0.91628995 	0.95855886 	0.89682507 	0.87475907 	0.96957345 	0.52113583 	0.49417394 	0.88651193 	0.97297455 	
0.97929775 	0.95284410 	0.98685063 	0.97201668 	0.90996612 	0.99427025 	0.98485696 	0.91628995 	0.95855886 	0.89682507 	0.87475907 	0.96957345 	0.70344458 	0.49417394 	0.88651193 	0.97297455 	
0.97929775 	0.95284410 	0.98685063 	0.97201668 	0.90996612 	0.99427025 	0.98485696 	0.91628995 	0.95855886 	0.89682507 	0.87475907 	0.96957345 	0.70344458 	0.90552490 	0.88651193 	0.97297455 	
0.97929775 	0.95284410 	0.98685063 	0.97201668 	0.90996612 	0.99427025 	0.98485696 	0.91628995 	0.95855886 	0.89682507 	0.87475907 	0.96957345 	0.70344458 	0.90552490 	0.97868065 	0.97297455 	
0.97929775 	0.95284410 	0.98685063 	0.97201668 	0.90996612 	0.99427025 	0.98485696 	0.91628995 	0.95855886 	0.89682507 	0.87475907 	0.96957345 	0.70344458 	0.90552490 	0.97868065 	0.97297455 	
0.97929775 	0.95284410 	0.98685063 	0.97201668 	0.90996612 	0.99427025 	0.98485696 	0.91628995 	0.95855886 	0.89682507 	0.87475907 	0.96957345 	0.70344458 	0.90552490 	0.97868065 	0.97297455 	
0.97929775 	0.99709355 	0.98685063 	0.97201668 	0.90996612 	0.99427025 	0.98485696 	0.91628995 	0.95855886 	0.89682507 	0.87475907 	0.96957345 	0.70344458 	0.90552490 	0.97868065 	0.97297455 	
0.97929775 	0.99709355 	0.98685063 	0.97201668 	0.90996612 	0.99427025 	0.98485696 	0.91628995 	0.95855886 	0.89682507 	0.87475907 	0.96957345 	0.70344458 	0.90552490 	0.97868065 	0.97297455 	
0.97929775 	0.99709355 	0.98685063 	0.97201668 	0.90996612 	0.99427025 	0.98485696 	0.91628995 	0.95855886 	0.89682507 	0.87475907 	0.96957345 	0.70344458 	0.90552490 	0.97868065 	0.97297455 	
0.97929775 	0.99709355 	0.98685063 	0.97201668 	0.67433161 	0.99427025 	0.98485696 	0.91628995 	0.95855886 	0.89682507 	0.87475907 	0.96957345 	0.70344458 	0.90552490 	0.97868065 	0.97297455 	
0.97929775 	0.99709355 	0.98685063 	0.97201668 	0.67433161 	0.99427025 	0.98485696 	0.91628995 	0.95855886 	0.89682507 	0.87475907 	0.96957345 	0.70344458 	0.90552490 	0.97868065 	0.97297455 	
0.97929775 	0.99709355 	0.98685063 	0.97201668 	0.67433161 	0.99427025 	0.98485696 	0.91628995 	0.95855886 	0.89682507 	0.87475907 	0.96957345 	0.70344458 	0.90552490 	0.97868065 	0.97297455 	
0.97929775 	0.99709355 	0.98685063 	0.97201668 	0.67433161 	0.99427025 	0.98485696 	0.92960776 	0.95855886 	0.89682507 	0.87475907 	0.96957345 	0.70344458 	0.90552490 	0.97868065 	0.97297455 	
0.97929775 	0.99709355 	0.98685063 	0.97201668 	0.67433161 	0.99427025 	0.98485696 	0.92960776 	0.97002330 	0.89682507 	0.87475907 	0.96957345 	0.70344458 	0.90552490 	0.97868065 	0.97297455 	
0.97929775 	0.99709355 	0.98685063 	0.97201668 	0.67433161 	0.99427025 	0.98485696 	0.92960776 	0.97002330 	0.92028511 	0.87475907 	0.96957345 	0.70344458 	0.90552490 	0.97868065 	0.97297455 	
0.97929775 	0.99709355 	0.98685063 	0.97201668 	0.67433161 	0.99427025 	0.98485696 	0.92960776 	0.97002330 	0.92028511 	0.92163914 	0.96957345 	0.70344458 	0.90552490 	0.97868065 	0.97297455 	
0.97929775 	0.99709355 	0.98685063 	0.97201668 	0.67433161 	0.99427025 	0.98485696 	0.92960776 	0.97002330 	0.92028511 	0.92163914 	0.96957345 	0.70344458 	0.90552490 	0.97868065 	0.97297455 	
0.97929775 	0.99709355 	0.98685063 	0.97201668 	0.67433161 	0.99427025 	0.98485696 	0.92960776 	0.97002330 	0.92028511 	0.92163914 	0.96957345 	0.71240123 	0.90552490 	0.97868065 	0.97297455 	
0.97929775 	0.99709355 	0.98685063 	0.97201668 	0.67433161 	0.99427025 	0.98485696 	0.92960776 	0.97002330 	0.92028511 	0.92163914 	0.96957345 	0.71240123 	0.94603374 	0.97868065 	0.97297455 	
0.97929775 	0.99709355 	0.98685063 	0.97201668 	0.67433161 	0.99427025 	0.98485696 	0.92960776 	0.97002330 	0.92028511 	0.92163914 	0.96957345 	0.71240123 	0.94603374 	0.97888167 	0.97297455 	
0.97929775 	0.99709355 	0.98685063 	0.97201668 	0.67433161 	0.99427025 	0.98485696 	0.92960776 	0.97002330 	0.92028511 	0.92163914 	0.96957345 	0.71240123 	0.94603374 	0.97888167 	0.99478720 	
0.99911404 	0.99709355 	0.98685063 	0.97201668 	0.67433161 	0.99427025 	0.98485696 	0.92960776 	0.97002330 	0.92028511 	0.92163914 	0.96957345 	0.71240123 	0.94603374 	0.97888167 	0.99478720 	
0.99911404 	0.98585935 	0.98685063 	0.97201668 	0.67433161 	0.99427025 	0.98485696 	0.92960776 	0.97002330 	0.92028511 	0.92163914 	0.96957345 	0.71240123 	0.94603374 	0.97888167 	0.99478720 	
0.99911404 	0.98585935 	0.99052920 	0.97201668 	0.67433161 	0.99427025 	0.98485696 	0.92960776 	0.97002330 	0.92028511 	0.92163914 	0.96957345 	0.71240123 	0.94603374 	0.97888167 	0.99478720 	
0.99911404 	0.98585935 	0.99052920 	0.99054258 	0.67433161 	0.99427025 	0.98485696 	0.92960776 	0.97002330 	0.92028511 	0.92163914 	0.96957345 	0.71240123 	0.94603374 	0.97888167 	0.99478720 	
0.99911404 	0.98585935 	0.99052920 	0.99054258 	0.59618431 	0.99427025 	0.98485696 	0.92960776 	0.97002330 	0.92028511 	0.92163914 	0.96957345 	0.71240123 	0.94603374 	0.97888167 	0.99478720 	
0.99911404 	0.98585935 	0.99052920 	0.99054258 	0.59618431 	0.99975670 	0.98485696 	0.92960776 	0.97002330 	0.92028511 	0.92163914 	0.96957345 	0.71240123 	0.94603374 	0.97888167 	0.99478720 	
0.99911404 	0.98585935 	0.99052920 	0.99054258 	0.59618431 	0.99975670 	0.98581459 	0.92960776 	0.97002330 	0.92028511 	0.92163914 	0.96957345 	0.71240123 	0.94603374 	0.97888167 	0.99478720 	
0.99911404 	0.98585935 	0.99052920 	0.99054258 	0.59618431 	0.99975670 	0.98581459 	0.98764463 	0.97002330 	0.92028511 	0.92163914 	0.96957345 	0.71240123 	0.94603374 	0.97888167 	0.99478720 	
0.99911404 	0.98585935 	0.99052920 	0.99054258 	0.59618431 	0.99975670 	0.98581459 	0.98764463 	0.97002330 	0.92028511 	0.92163914 	0.96957345 	0.71240123 	0.94603374 	0.97888167 	0.99478720 	
0.99911404 	0.98585935 	0.99052920 	0.99054258 	0.59618431 	0.99975670 	0.98581459 	0.98764463 	0.97002330 	0.92068958 	0.92163914 	0.96957345 	0.71240123 	0.94603374 	0.97888167 	0.99478720 	
0.99911404 	0.98585935 	0.99052920 	0.99054258 	0.59618431 	0.99975670 	0.98581459 	0.98764463 	0.97002330 	0.92068958 	0.98182094 	0.96957345 	0.71240123 	0.94603374 	0.97888167 	0.99478720 	
0.99911404 	0.98585935 	0.99052920 	0.99054258 	0.59618431 	0.99975670 	0.98581459 	0.98764463 	0.97002330 	0.92068958 	0.98182094 	0.98624575 	0.71240123 	0.94603374 	0.97888167 	0.99478720 	
0.99911404 	0.98585935 	0.99052920 	0.99054258 	0.59618431 	0.99975670 	0.98581459 	0.98764463 	0.97002330 	0.92068958 	0.98182094 	0.98624575 	0.71240123 	0.94603374 	0.97888167 	0.99478720 	
0.99911404 	0.98585935 	0.99052920 	0.99054258 	0.59618431 	0.99975670 	0.98581459 	0.98764463 	0.97002330 	0.92068958 	0.98182094 	0.98624575 	0.71240123 	0.96431047 	0.97888167 	0.99478720 	
0.99911404 	0.98585935 	0.99052920 	0.99054258 	0.59618431 	0.99975670 	0.98581459 	0.98764463 	0.97002330 	0.92068958 	0.98182094 	0.98624575 	0.71240123 	0.96431047 	0.99489847 	0.99478720 	
0.99911404 	0.98585935 	0.99052920 	0.99054258 	0.59618431 	0.99975670 	0.98581459 	0.98764463 	0.97002330 	0.92068958 	0.98182094 	0.98624575 	0.71240123 	0.96431047 	0.99489847 	0.99478720 	
0.99980320 	0.98585935 	0.99052920 	0.99054258 	0.59618431 	0.99975670 	0.98581459 	0.98764463 	0.97002330 	0.92068958 	0.98182094 	0.98624575 	0.71240123 	0.96431047 	0.99489847 	0.99478720 	
0.99980320 	0.98582108 	0.99052920 	0.99054258 	0.59618431 	0.99975670 	0.98581459 	0.98764463 	0.97002330 	0.92068958 	0.98182094 	0.98624575 	0.71240123 	0.96431047 	0.99489847 	0.99478720 	
0.99980320 	0.98582108 	0.99052920 	0.99054258 	0.59618431 	0.99975670 	0.98581459 	0.98764463 	0.97002330 	0.92068958 	0.98182094 	0.98624575 	0.71240123 	0.96431047 	0.99489847 	0.99478720 	
0.99980320 	0.98582108 	0.99052920 	0.99306628 	0.59618431 	0.99975670 	0.98581459 	0.98764463 	0.97002330 	0.92068958 	0.98182094 	0.98624575 	0.71240123 	0.96431047 	0.99489847 	0.99478720 	
0.99980320 	0.98582108 	0.99052920 	0.99306628 	0.59618431 	0.99975670 	0.98581459 	0.98764463 	0.97002330 	0.92068958 	0.98182094 	0.98624575 	0.71240123 	0.96431047 	0.99489847 	0.99478720 	
0.99980320 	0.98582108 	0.99052920 	0.99306628 	0.59618431 	0.99892685 	0.98581459 	0.98764463 	0.97002330 	0.92068958 	0.98182094 	0.98624575 	0.71240123 	0.96431047 	0.99489847 	0.99478720 	
0.99980320 	0.98582108 	0.99052920 	0.99306628 	0.59618431 	0.99892685 	0.98581459 	0.98764463 	0.97002330 	0.92068958 	0.98182094 	0.98624575 	0.71240123 	0.96431047 	0.99489847 	0.99478720 	
0.99980320 	0.98582108 	0.99052920 	0.99306628 	0.59618431 	0.99892685 	0.98581459 	0.99803852 	0.97002330 	0.92068958 	0.98182094 	0.98624575 	0.71240123 	0.96431047 	0.99489847 	0.99478720 	
0.99980320 	0.98582108 	0.99052920 	0.99306628 	0.59618431 	0.99892685 	0.98581459 	0.99803852 	0.97080741 	0.92068958 	0.98182094 	0.98624575 	0.71240123 	0.96431047 	0.99489847 	0.99478720 	
0.99980320 	0.98582108 	0.99052920 	0.99306628 	0.59618431 	0.99892685 	0.98581459 	0.99803852 	0.97080741 	0.97927499 	0.98182094 	0.98624575 	0.71240123 	0.96431047 	0.99489847 	0.99478720 	
0.99980320 	0.98582108 	0.99052920 	0.99306628 	0.59618431 	0.99892685 	0.98581459 	0.99803852 	0.97080741 	0.97927499 	0.98250885 	0.98624575 	0.71240123 	0.96431047 	0.99489847 	0.99478720 	
0.99980320 	0.98582108 	0.99052920 	0.99306628 	0.59618431 	0.99892685 	0.98581459 	0.99803852 	0.97080741 	0.97927499 	0.98250885 	0.99873324 	0.71240123 	0.96431047 	0.99489847 	0.99478720 	
0.99980320 	0.98582108 	0.99052920 	0.99306628 	0.59618431 	0.99892685 	0.98581459 	0.99803852 	0.97080741 	0.97927499 	0.98250885 	0.99873324 	0.71428254 	0.96431047 	0.99489847 	0.99478720 	
0.99980320 	0.98582108 	0.99052920 	0.99306628 	0.59618431 	0.99892685 	0.98581459 	0.99803852 	0.97080741 	0.97927499 	0.98250885 	0.99873324 	0.71428254 	0.98044539 	0.99489847 	0.99478720 	
0.99980320 	0.98582108 	0.99052920 	0.99306628 	0.59618431 	0.99892685 	0.98581459 	0.99803852 	0.97080741 	0.97927499 	0.98250885 	0.99873324 	0.71428254 	0.98044539 	0.99516400 	0.99478720 	
0.99980320 	0.98582108 	0.99052920 	0.99306628 	0.59618431 	0.99892685 	0.98581459 	0.99803852 	0.97080741 	0.97927499 	0.98250885 	0.99873324 	0.71428254 	0.98044539 	0.99516400 	0.99943591 	
0.99980320 	0.98582108 	0.99052920 	0.99306628 	0.59618431 	0.99892685 	0.98581459 	0.99803852 	0.97080741 	0.97927499 	0.98250885 	0.99873324 	0.71428254 	0.98044539 	0.99516400 	0.99943591 	
0.99980320 	0.98582108 	0.99052920 	0.99306628 	0.59618431 	0.99892685 	0.98581459 	0.99803852 	0.97080741 	0.97927499 	0.98250885 	0.99873324 	0.71428254 	0.98044539 	0.99516400 	0.99943591 	
0.99980320 	0.98582108 	0.99057378 	0.99306628 	0.59618431 	0.99892685 	0.98581459 	0.99803852 	0.97080741 	0.97927499 	0.98250885 	0.99873324 	0.71428254 	0.98044539 	0.99516400 	0.99943591 	
0.99980320 	0.98582108 	0.99057378 	0.99808617 	0.59618431 	0.99892685 	0.98581459 	0.99803852 	0.97080741 	0.97927499 	0.98250885 	0.99873324 	0.71428254 	0.98044539 	0.99516400 	0.99943591 	
0.99980320 	0.98582108 	0.99057378 	0.99808617 	0.59405978 	0.99892685 	0.98581459 	0.99803852 	0.97080741 	0.97927499 	0.98250885 	0.99873324 	0.71428254 	0.98044539 	0.99516400 	0.99943591 	
0.99980320 	0.98582108 	0.99057378 	0.99808617 	0.59405978 	0.99892685 	0.98581459 	0.99803852 	0.97080741 	0.97927499 	0.98250885 	0.99873324 	0.71428254 	0.98044539 	0.99516400 	0.99943591 	
0.99980320 	0.98582108 	0.99057378 	0.99808617 	0.59405978 	0.99892685 	0.98899128 	0.99803852 	0.97080741 	0.97927499 	0.98250885 	0.99873324 	0.71428254 	0.98044539 	0.99516400 	0.99943591 	
0.99980320 	0.98582108 	0.99057378 	0.99808617 	0.59405978 	0.99892685 	0.98899128 	0.99980770 	0.97080741 	0.97927499 	0.98250885 	0.99873324 	0.71428254 	0.98044539 	0.99516400 	0.99943591 	
0.99980320 	0.98582108 	0.99057378 	0.99808617 	0.59405978 	0.99892685 	0.98899128 	0.99980770 	0.98739895 	0.97927499 	0.98250885 	0.99873324 	0.71428254 	0.98044539 	0.99516400 	0.99943591 	
0.99980320 	0.98582108 	0.99057378 	0.99808617 	0.59405978 	0.99892685 	0.98899128 	0.99980770 	0.98739895 	0.97927499 	0.98250885 	0.99873324 	0.71428254 	0.98044539 	0.99516400 	0.99943591 	
0.99980320 	0.98582108 	0.99057378 	0.99808617 	0.59405978 	0.99892685 	0.98899128 	0.99980770 	0.98739895 	0.97927499 	0.98440445 	0.99873324 	0.71428254 	0.98044539 	0.99516400 	0.99943591 	
0.99980320 	0.98582108 	0.99057378 	0.99808617 	0.59405978 	0.99892685 	0.98899128 	0.99980770 	0.98739895 	0.97927499 	0.98440445 	0.99881535 	0.71428254 	0.98044539 	0.99516400 	0.99943591 	
0.99980320 	0.98582108 	0.99057378 	0.99808617 	0.59405978 	0.99892685 	0.98899128 	0.99980770 	0.98739895 	0.97927499 	0.98440445 	0.99881535 	0.71428254 	0.98044539 	0.99516400 	0.99943591 	
0.99980320 	0.98582108 	0.99057378 	0.99808617 	0.59405978 	0.99892685 	0.98899128 	0.99980770 	0.98739895 	0.97927499 	0.98440445 	0.99881535 	0.71428254 	0.99385615 	0.99516400 	0.99943591 	
0.99980320 	0.98582108 	0.99057378 	0.99808617 	0.59405978 	0.99892685 	0.98899128 	0.99980770 	0.98739895 	0.97927499 	0.98440445 	0.99881535 	0.71428254 	0.99385615 	0.99752854 	0.99943591 	
0.99980320 	0.98582108 	0.99057378 	0.99808617 	0.59405978 	0.99892685 	0.98899128 	0.99980770 	0.98739895 	0.97927499 	0.98440445 	0.99881535 	0.71428254 	0.99385615 	0.99752854 	0.99943591 	
0.99998996 	0.98582108 	0.99057378 	0.99808617 	0.59405978 	0.99892685 	0.98899128 	0.99980770 	0.98739895 	0.97927499 	0.98440445 	0.99881535 	0.71428254 	0.99385615 	0.99752854 	0.99943591 	
0.99998996 	0.98280686 	0.99057378 	0.99808617 	0.59405978 	0.99892685 	0.98899128 	0.99980770 	0.98739895 	0.97927499 	0.98440445 	0.99881535 	0.71428254 	0.99385615 	0.99752854 	0.99943591 	
0.99998996 	0.98280686 	0.99067117 	0.99808617 	0.59405978 	0.99892685 	0.98899128 	0.99980770 	0.98739895 	0.97927499 	0.98440445 	0.99881535 	0.71428254 	0.99385615 	0.99752854 	0.99943591 	
0.99998996 	0.98280686 	0.99067117 	0.99836261 	0.59405978 	0.99892685 	0.98899128 	0.99980770 	0.98739895 	0.97927499 	0.98440445 	0.99881535 	0.71428254 	0.99385615 	0.99752854 	0.99943591 	
0.99998996 	0.98280686 	0.99067117 	0.99836261 	0.59321880 	0.99892685 	0.98899128 	0.99980770 	0.98739895 	0.97927499 	0.98440445 	0.99881535 	0.71428254 	0.99385615 	0.99752854 	0.99943591 	
0.99998996 	0.98280686 	0.99067117 	0.99836261 	0.59321880 	0.99892685 	0.98899128 	0.99980770 	0.98739895 	0.97927499 	0.98440445 	0.99881535 	0.71428254 	0.99385615 	0.99752854 	0.99943591 	
0.99998996 	0.98280686 	0.99067117 	0.99836261 	0.59321880 	0.99892685 	0.99491698 	0.99980770 	0.98739895 	0.97927499 	0.98440445 	0.99881535 	0.71428254 	0.99385615 	0.99752854 	0.99943591 	
0.99998996 	0.98280686 	0.99067117 	0.99836261 	0.59321880 	0.99892685 	0.99491698 	0.99984445 	0.98739895 	0.97927499 	0.98440445 	0.99881535 	0.71428254 	0.99385615 	0.99752854 	0.99943591 	
0.99998996 	0.98280686 	0.99067117 	0.99836261 	0.59321880 	0.99892685 	0.99491698 	0.99984445 	0.98739895 	0.97927499 	0.98440445 	0.99881535 	0.71428254 	0.99385615 	0.99752854 	0.99943591 	
0.99998996 	0.98280686 	0.99067117 	0.99836261 	0.59321880 	0.99892685 	0.99491698 	0.99984445 	0.98739895 	0.99596225 	0.98440445 	0.99881535 	0.71428254 	0.99385615 	0.99752854 	0.99943591 	
0.99998996 	0.98280686 	0.99067117 	0.99836261 	0.59321880 	0.99892685 	0.99491698 	0.99984445 	0.98739895 	0.99596225 	0.98704255 	0.99881535 	0.71428254 	0.99385615 	0.99752854 	0.99943591 	
0.99998996 	0.98280686 	0.99067117 	0.99836261 	0.59321880 	0.99892685 	0.99491698 	0.99984445 	0.98739895 	0.99596225 	0.98704255 	0.99951315 	0.71428254 	0.99385615 	0.99752854 	0.99943591 	
0.99998996 	0.98280686 	0.99067117 	0.99836261 	0.59321880 	0.99892685 	0.99491698 	0.99984445 	0.98739895 	0.99596225 	0.98704255 	0.99951315 	0.71569729 	0.99385615 	0.99752854 	0.99943591 	
0.99998996 	0.98280686 	0.99067117 	0.99836261 	0.59321880 	0.99892685 	0.99491698 	0.99984445 	0.98739895 	0.99596225 	0.98704255 	0.99951315 	0.71569729 	0.99641738 	0.99752854 	0.99943591 	
0.99998996 	0.98280686 	0.99067117 	0.99836261 	0.59321880 	0.99892685 	0.99491698 	0.99984445 	0.98739895 	0.99596225 	0.98704255 	0.99951315 	0.71569729 	0.99641738 	0.99834785 	0.99943591 	
0.99998996 	0.98280686 	0.99067117 	0.99836261 	0.59321880 	0.99892685 	0.99491698 	0.99984445 	0.98739895 	0.99596225 	0.98704255 	0.99951315 	0.71569729 	0.99641738 	0.99834785 	0.99943591 	
0.99998996 	0.98280686 	0.99067117 	0.99836261 	0.59321880 	0.99892685 	0.99491698 	0.99984445 	0.98739895 	0.99596225 	0.98704255 	0.99951315 	0.71569729 	0.99641738 	0.99834785 	0.99943591 	
0.99998996 	0.98277220 	0.99067117 	0.99836261 	0.59321880 	0.99892685 	0.99491698 	0.99984445 	0.98739895 	0.99596225 	0.98704255 	0.99951315 	0.71569729 	0.99641738 	0.99834785 	0.99943591 	
0.99998996 	0.98277220 	0.99123807 	0.99836261 	0.59321880 	0.99892685 	0.99491698 	0.99984445 	0.98739895 	0.99596225 	0.98704255 	0.99951315 	0.71569729 	0.99641738 	0.99834785 	0.99943591 	
0.99998996 	0.98277220 	0.99123807 	0.99849969 	0.59321880 	0.99892685 	0.99491698 	0.99984445 	0.98739895 	0.99596225 	0.98704255 	0.99951315 	0.71569729 	0.99641738 	0.99834785 	0.99943591 	
0.99998996 	0.98277220 	0.99123807 	0.99849969 	0.59216102 	0.99892685 	0.99491698 	0.99984445 	0.98739895 	0.99596225 	0.98704255 	0.99951315 	0.71569729 	0.99641738 	0.99834785 	0.99943591 	
0.99998996 	0.98277220 	0.99123807 	0.99849969 	0.59216102 	0.99892685 	0.99491698 	0.99984445 	0.98739895 	0.99596225 	0.98704255 	0.99951315 	0.71569729 	0.99641738 	0.99834785 	0.99943591 	
0.99998996 	0.98277220 	0.99123807 	0.99849969 	0.59216102 	0.99892685 	0.99571361 	0.99984445 	0.98739895 	0.99596225 	0.98704255 	0.99951315 	0.71569729 	0.99641738 	0.99834785 	0.99943591 	
0.99998996 	0.98277220 	0.99123807 	0.99849969 	0.59216102 	0.99892685 	0.99571361 	0.99984445 	0.98739895 	0.99596225 	0.98704255 	0.99951315 	0.71569729 	0.99641738 	0.99834785 	0.99943591 	
0.99998996 	0.98277220 	0.99123807 	0.99849969 	0.59216102 	0.99892685 	0.99571361 	0.99984445 	0.99916178 	0.99596225 	0.98704255 	0.99951315 	0.71569729 	0.99641738 	0.99834785 	0.99943591 	
0.99998996 	0.98277220 	0.99123807 	0.99849969 	0.59216102 	0.99892685 	0.99571361 	0.99984445 	0.99916178 	0.99596225 	0.98704255 	0.99951315 	0.71569729 	0.99641738 	0.99834785 	0.99943591 	
0.99998996 	0.98277220 	0.99123807 	0.99849969 	0.59216102 	0.99892685 	0.99571361 	0.99984445 	0.99916178 	0.99596225 	0.99069581 	0.99951315 	0.71569729 	0.99641738 	0.99834785 	0.99943591 	
0.99998996 	0.98277220 	0.99123807 	0.99849969 	0.59216102 	0.99892685 	0.99571361 	0.99984445 	0.99916178 	0.99596225 	0.99069581 	0.99998971 	0.71569729 	0.99641738 	0.99834785 	0.99943591 	
0.99998996 	0.98277220 	0.99123807 	0.99849969 	0.59216102 	0.99892685 	0.99571361 	0.99984445 	0.99916178 	0.99596225 	0.99069581 	0.99998971 	0.71451090 	0.99641738 	0.99834785 	0.99943591 	
0.99998996 	0.98277220 	0.99123807 	0.99849969 	0.59216102 	0.99892685 	0.99571361 	0.99984445 	0.99916178 	0.99596225 	0.99069581 	0.99998971 	0.71451090 	0.99385615 	0.99834785 	0.99943591 	
0.99998996 	0.98277220 	0.99123807 	0.99849969 	0.59216102 	0.99892685 	0.99571361 	0.99984445 	0.99916178 	0.99596225 	0.99069581 	0.99998971 	0.71451090 	0.99385615 	0.99771918 	0.99943591 	
0.99998996 	0.98277220 	0.99123807 	0.99849969 	0.59216102 	0.99892685 	0.99571361 	0.99984445 	0.99916178 	0.99596225 	0.99069581 	0.99998971 	0.71451090 	0.99385615 	0.99771918 	0.99902404 	
0.99999949 	0.98277220 	0.99123807 	0.99849969 	0.59216102 	0.99892685 	0.99571361 	0.99984445 	0.99916178 	0.99596225 	0.99069581 	0.99998971 	0.71451090 	0.99385615 	0.99771918 	0.99902404 	
0.99999949 	0.98277220 	0.99123807 	0.99849969 	0.59216102 	0.99892685 	0.99571361 	0.99984445 	0.99916178 	0.99596225 	0.99069581 	0.99998971 	0.71451090 	0.99385615 	0.99771918 	0.99902404 	
0.99999949 	0.98277220 	0.99228449 	0.99849969 	0.59216102 	0.99892685 	0.99571361 	0.99984445 	0.99916178 	0.99596225 	0.99069581 	0.99998971 	0.71451090 	0.99385615 	0.99771918 	0.99902404 	
0.99999949 	0.98277220 	0.99228449 	0.99967867 	0.59216102 	0.99892685 	0.99571361 	0.99984445 	0.99916178 	0.99596225 	0.99069581 	0.99998971 	0.71451090 	0.99385615 	0.99771918 	0.99902404 	
0.99999949 	0.98277220 	0.99228449 	0.99967867 	0.59216102 	0.99892685 	0.99571361 	0.99984445 	0.99916178 	0.99596225 	0.99069581 	0.99998971 	0.71451090 	0.99385615 	0.99771918 	0.99902404 	
0.99999949 	0.98277220 	0.99228449 	0.99967867 	0.59216102 	0.99913905 	0.99571361 	0.99984445 	0.99916178 	0.99596225 	0.99069581 	0.99998971 	0.71451090 	0.99385615 	0.99771918 	0.99902404 	
0.99999949 	0.98277220 	0.99228449 	0.99967867 	0.59216102 	0.99913905 	0.99606652 	0.99984445 	0.99916178 	0.99596225 	0.99069581 	0.99998971 	0.71451090 	0.99385615 	0.99771918 	0.99902404 	
0.99999949 	0.98277220 	0.99228449 	0.99967867 	0.59216102 	0.99913905 	0.99606652 	0.99992463 	0.99916178 	0.99596225 	0.99069581 	0.99998971 	0.71451090 	0.99385615 	0.99771918 	0.99902404 	
0.99999949 	0.98277220 	0.99228449 	0.99967867 	0.59216102 	0.99913905 	0.99606652 	0.99992463 	0.99782011 	0.99596225 	0.99069581 	0.99998971 	0.71451090 	0.99385615 	0.99771918 	0.99902404 	
0.99999949 	0.98277220 	0.99228449 	0.99967867 	0.59216102 	0.99913905 	0.99606652 	0.99992463 	0.99782011 	0.99596225 	0.99069581 	0.99998971 	0.71451090 	0.99385615 	0.99771918 	0.99902404 	
0.99999949 	0.98277220 	0.99228449 	0.99967867 	0.59216102 	0.99913905 	0.99606652 	0.99992463 	0.99782011 	0.99596225 	0.99205140 	0.99998971 	0.71451090 	0.99385615 	0.99771918 	0.99902404 	
0.99999949 	0.98277220 	0.99228449 	0.99967867 	0.59216102 	0.99913905 	0.99606652 	0.99992463 	0.99782011 	0.99596225 	0.99205140 	0.99998971 	0.71451090 	0.99385615 	0.99771918 	0.99902404 	
0.99999949 	0.98277220 	0.99228449 	0.99967867 	0.59216102 	0.99913905 	0.99606652 	0.99992463 	0.99782011 	0.99596225 	0.99205140 	0.99998971 	0.71437037 	0.99385615 	0.99771918 	0.99902404 	
0.99999949 	0.98277220 	0.99228449 	0.99967867 	0.59216102 	0.99913905 	0.99606652 	0.99992463 	0.99782011 	0.99596225 	0.99205140 	0.99998971 	0.71437037 	0.99445878 	0.99771918 	0.99902404 	
0.99999949 	0.98277220 	0.99228449 	0.99967867 	0.59216102 	0.99913905 	0.99606652 	0.99992463 	0.99782011 	0.99596225 	0.99205140 	0.99998971 	0.71437037 	0.99445878 	0.99771918 	0.99902404 	
0.99999949 	0.98277220 	0.99228449 	0.99967867 	0.59216102 	0.99913905 	0.99606652 	0.99992463 	0.99782011 	0.99596225 	0.99205140 	0.99998971 	0.71437037 	0.99445878 	0.99771918 	0.99902404 	
0.99999949 	0.98277220 	0.99228449 	0.99967867 	0.59216102 	0.99913905 	0.99606652 	0.99992463 	0.99782011 	0.99596225 	0.99205140 	0.99998971 	0.71437037 	0.99445878 	0.99771918 	0.99902404 	
0.99999949 	0.98277220 	0.99228449 	0.99967867 	0.59216102 	0.99913905 	0.99606652 	0.99992463 	0.99782011 	0.99596225 	0.99205140 	0.99998971 	0.71437037 	0.99445878 	0.99771918 	0.99902404 	
0.99999949 	0.98277220 	0.99369703 	0.99967867 	0.59216102 	0.99913905 	0.99606652 	0.99992463 	0.99782011 	0.99596225 	0.99205140 	0.99998971 	0.71437037 	0.99445878 	0.99771918 	0.99902404 	
0.99999949 	0.98277220 	0.99369703 	0.99967867 	0.59216102 	0.99913905 	0.99606652 	0.99992463 	0.99782011 	0.99596225 	0.99205140 	0.99998971 	0.71437037 	0.99445878 	0.99771918 	0.99902404 	
0.99999949 	0.98277220 	0.99369703 	0.99967867 	0.59216102 	0.99913905 	0.99606652 	0.99992463 	0.99782011 	0.99596225 	0.99205140 	0.99998971 	0.71437037 	0.99445878 	0.99771918 	0.99902404 	
0.99999949 	0.98277220 	0.99369703 	0.99967867 	0.59216102 	0.99913905 	0.99606652 	0.99992463 	0.99782011 	0.99596225 	0.99205140 	0.99998971 	0.71437037 	0.99445878 	0.99771918 	0.99902404 	
0.99999949 	0.98277220 	0.99369703 	0.99967867 	0.59216102 	0.99913905 	0.99682798 	0.99992463 	0.99782011 	0.99596225 	0.99205140 	0.99998971 	0.71437037 	0.99445878 	0.99771918 	0.99902404 	
0.99999949 	0.98277220 	0.99369703 	0.99967867 	0.59216102 	0.99913905 	0.99682798 	0.99992463 	0.99782011 	0.99596225 	0.99205140 	0.99998971 	0.71437037 	0.99445878 	0.99771918 	0.99902404 	
0.99999949 	0.98277220 	0.99369703 	0.99967867 	0.59216102 	0.99913905 	0.99682798 	0.99992463 	0.99654039 	0.99596225 	0.99205140 	0.99998971 	0.71437037 	0.99445878 	0.99771918 	0.99902404 	
0.99999949 	0.98277220 	0.99369703 	0.99967867 	0.59216102 	0.99913905 	0.99682798 	0.99992463 	0.99654039 	0.99594206 	0.99205140 	0.99998971 	0.71437037 	0.99445878 	0.99771918 	0.99902404 	
0.99999949 	0.98277220 	0.99369703 	0.99967867 	0.59216102 	0.99913905 	0.99682798 	0.99992463 	0.99654039 	0.99594206 	0.99742569 	0.99998971 	0.71437037 	0.99445878 	0.99771918 	0.99902404 	
0.99999949 	0.98277220 	0.99369703 	0.99967867 	0.59216102 	0.99913905 	0.99682798 	0.99992463 	0.99654039 	0.99594206 	0.99742569 	0.99998971 	0.71437037 	0.99445878 	0.99771918 	0.99902404 	
0.99999949 	0.98277220 	0.99369703 	0.99967867 	0.59216102 	0.99913905 	0.99682798 	0.99992463 	0.99654039 	0.99594206 	0.99742569 	0.99998971 	0.71437037 	0.99445878 	0.99771918 	0.99902404 	
0.99999949 	0.98277220 	0.99369703 	0.99967867 	0.59216102 	0.99913905 	0.99682798 	0.99992463 	0.99654039 	0.99594206 	0.99742569 	0.99998971 	0.71437037 	0.99460943 	0.99771918 	0.99902404 	
0.99999949 	0.98277220 	0.99369703 	0.99967867 	0.59216102 	0.99913905 	0.99682798 	0.99992463 	0.99654039 	0.99594206 	0.99742569 	0.99998971 	0.71437037 	0.99460943 	0.99772413 	0.99902404 	
0.99999949 	0.98277220 	0.99369703 	0.99967867 	0.59216102 	0.99913905 	0.99682798 	0.99992463 	0.99654039 	0.99594206 	0.99742569 	0.99998971 	0.71437037 	0.99460943 	0.99772413 	0.99902473 	
0.99999955 	0.98277220 	0.99369703 	0.99967867 	0.59216102 	0.99913905 	0.99682798 	0.99992463 	0.99654039 	0.99594206 	0.99742569 	0.99998971 	0.71437037 	0.99460943 	0.99772413 	0.99902473 	
0.99999955 	0.98184270 	0.99369703 	0.99967867 	0.59216102 	0.99913905 	0.99682798 	0.99992463 	0.99654039 	0.99594206 	0.99742569 	0.99998971 	0.71437037 	0.99460943 	0.99772413 	0.99902473 	
0.99999955 	0.98184270 	0.99369703 	0.99967867 	0.59216102 	0.99913905 	0.99682798 	0.99992463 	0.99654039 	0.99594206 	0.99742569 	0.99998971 	0.71437037 	0.99460943 	0.99772413 	0.99902473 	
0.99999955 	0.98184270 	0.99369703 	0.99971602 	0.59216102 	0.99913905 	0.99682798 	0.99992463 	0.99654039 	0.99594206 	0.99742569 	0.99998971 	0.71437037 	0.99460943 	0.99772413 	0.99902473 	
0.99999955 	0.98184270 	0.99369703 	0.99971602 	0.59216102 	0.99913905 	0.99682798 	0.99992463 	0.99654039 	0.99594206 	0.99742569 	0.99998971 	0.71437037 	0.99460943 	0.99772413 	0.99902473 	
0.99999955 	0.98184270 	0.99369703 	0.99971602 	0.59216102 	0.99908858 	0.99682798 	0.99992463 	0.99654039 	0.99594206 	0.99742569 	0.99998971 	0.71437037 	0.99460943 	0.99772413 	0.99902473 	
0.99999955 	0.98184270 	0.99369703 	0.99971602 	0.59216102 	0.99908858 	0.99683605 	0.99992463 	0.99654039 	0.99594206 	0.99742569 	0.99998971 	0.71437037 	0.99460943 	0.99772413 	0.99902473 	
0.99999955 	0.98184270 	0.99369703 	0.99971602 	0.59216102 	0.99908858 	0.99683605 	0.99997208 	0.99654039 	0.99594206 	0.99742569 	0.99998971 	0.71437037 	0.99460943 	0.99772413 	0.99902473 	
0.99999955 	0.98184270 	0.99369703 	0.99971602 	0.59216102 	0.99908858 	0.99683605 	0.99997208 	0.99703842 	0.99594206 	0.99742569 	0.99998971 	0.71437037 	0.99460943 	0.99772413 	0.99902473 	
0.99999955 	0.98184270 	0.99369703 	0.99971602 	0.59216102 	0.99908858 	0.99683605 	0.99997208 	0.99703842 	0.99594206 	0.99742569 	0.99998971 	0.71437037 	0.99460943 	0.99772413 	0.99902473 	
0.99999955 	0.98184270 	0.99369703 	0.99971602 	0.59216102 	0.99908858 	0.99683605 	0.99997208 	0.99703842 	0.99594206 	0.99742569 	0.99998971 	0.71437037 	0.99460943 	0.99772413 	0.99902473 	
0.99999955 	0.98184270 	0.99369703 	0.99971602 	0.59216102 	0.99908858 	0.99683605 	0.99997208 	0.99703842 	0.99594206 	0.99742569 	0.99998971 	0.71437037 	0.99460943 	0.99772413 	0.99902473 	
0.99999955 	0.98184270 	0.99369703 	0.99971602 	0.59216102 	0.99908858 	0.99683605 	0.99997208 	0.99703842 	0.99594206 	0.99742569 	0.99998971 	0.71383493 	0.99460943 	0.99772413 	0.99902473 	
0.99999955 	0.98184270 	0.99369703 	0.99971602 	0.59216102 	0.99908858 	0.99683605 	0.99997208 	0.99703842 	0.99594206 	0.99742569 	0.99998971 	0.71383493 	0.99460943 	0.99772413 	0.99902473 	
0.99999955 	0.98184270 	0.99369703 	0.99971602 	0.59216102 	0.99908858 	0.99683605 	0.99997208 	0.99703842 	0.99594206 	0.99742569 	0.99998971 	0.71383493 	0.99460943 	0.99790291 	0.99902473 	
0.99999955 	0.98184270 	0.99369703 	0.99971602 	0.59216102 	0.99908858 	0.99683605 	0.99997208 	0.99703842 	0.99594206 	0.99742569 	0.99998971 	0.71383493 	0.99460943 	0.99790291 	0.99902404 	
0.99999955 	0.98184270 	0.99369703 	0.99971602 	0.59216102 	0.99908858 	0.99683605 	0.99997208 	0.99703842 	0.99594206 	0.99742569 	0.99998971 	0.71383493 	0.99460943 	0.99790291 	0.99902404 	
0.99999955 	0.98184270 	0.99369703 	0.99971602 	0.59216102 	0.99908858 	0.99683605 	0.99997208 	0.99703842 	0.99594206 	0.99742569 	0.99998971 	0.71383493 	0.99460943 	0.99790291 	0.99902404 	
0.99999955 	0.98184270 	0.99673976 	0.99971602 	0.59216102 	0.99908858 	0.99683605 	0.99997208 	0.99703842 	0.99594206 	0.99742569 	0.99998971 	0.71383493 	0.99460943 	0.99790291 	0.99902404 	
0.99999955 	0.98184270 	0.99673976 	0.99971602 	0.59216102 	0.99908858 	0.99683605 	0.99997208 	0.99703842 	0.99594206 	0.99742569 	0.99998971 	0.71383493 	0.99460943 	0.99790291 	0.99902404 	
0.99999955 	0.98184270 	0.99673976 	0.99971602 	0.59216102 	0.99908858 	0.99683605 	0.99997208 	0.99703842 	0.99594206 	0.99742569 	0.99998971 	0.71383493 	0.99460943 	0.99790291 	0.99902404 	
0.99999955 	0.98184270 	0.99673976 	0.99971602 	0.59216102 	0.99908896 	0.99683605 	0.99997208 	0.99703842 	0.99594206 	0.99742569 	0.99998971 	0.71383493 	0.99460943 	0.99790291 	0.99902404 	
0.99999955 	0.98184270 	0.99673976 	0.99971602 	0.59216102 	0.99908896 	0.99683605 	0.99997208 	0.99703842 	0.99594206 	0.99742569 	0.99998971 	0.71383493 	0.99460943 	0.99790291 	0.99902404 	
0.99999955 	0.98184270 	0.99673976 	0.99971602 	0.59216102 	0.99908896 	0.99683605 	0.99997208 	0.99703842 	0.99594206 	0.99742569 	0.99998971 	0.71383493 	0.99460943 	0.99790291 	0.99902404 	
0.99999955 	0.98184270 	0.99673976 	0.99971602 	0.59216102 	0.99908896 	0.99683605 	0.99997208 	0.99703842 	0.99594206 	0.99742569 	0.99998971 	0.71383493 	0.99460943 	0.99790291 	0.99902404 	
0.99999955 	0.98184270 	0.99673976 	0.99971602 	0.59216102 	0.99908896 	0.99683605 	0.99997208 	0.99703842 	0.99592894 	0.99742569 	0.99998971 	0.71383493 	0.99460943 	0.99790291 	0.99902404 	
0.99999955 	0.98184270 	0.99673976 	0.99971602 	0.59216102 	0.99908896 	0.99683605 	0.99997208 	0.99703842 	0.99592894 	0.99931280 	0.99998971 	0.71383493 	0.99460943 	0.99790291 	0.99902404 	
0.99999955 	0.98184270 	0.99673976 	0.99971602 	0.59216102 	0.99908896 	0.99683605 	0.99997208 	0.99703842 	0.99592894 	0.99931280 	0.99998971 	0.71383493 	0.99460943 	0.99790291 	0.99902404 	
0.99999955 	0.98184270 	0.99673976 	0.99971602 	0.59216102 	0.99908896 	0.99683605 	0.99997208 	0.99703842 	0.99592894 	0.99931280 	0.99998971 	0.71383493 	0.99460943 	0.99790291 	0.99902404 	
0.99999955 	0.98184270 	0.99673976 	0.99971602 	0.59216102 	0.99908896 	0.99683605 	0.99997208 	0.99703842 	0.99592894 	0.99931280 	0.99998971 	0.71383493 	0.99453006 	0.99790291 	0.99902404 	
0.99999955 	0.98184270 	0.99673976 	0.99971602 	0.59216102 	0.99908896 	0.99683605 	0.99997208 	0.99703842 	0.99592894 	0.99931280 	0.99998971 	0.71383493 	0.99453006 	0.99758832 	0.99902404 	
0.99999955 	0.98184270 	0.99673976 	0.99971602 	0.59216102 	0.99908896 	0.99683605 	0.99997208 	0.99703842 	0.99592894 	0.99931280 	0.99998971 	0.71383493 	0.99453006 	0.99758832 	0.99845301 	
0.99999955 	0.98184270 	0.99673976 	0.99971602 	0.59216102 	0.99908896 	0.99683605 	0.99997208 	0.99703842 	0.99592894 	0.99931280 	0.99998971 	0.71383493 	0.99453006 	0.99758832 	0.99845301 	
0.99999955 	0.98184270 	0.99673976 	0.99971602 	0.59216102 	0.99908896 	0.99683605 	0.99997208 	0.99703842 	0.99592894 	0.99931280 	0.99998971 	0.71383493 	0.99453006 	0.99758832 	0.99845301 	
0.99999955 	0.98184270 	0.99724499 	0.99971602 	0.59216102 	0.99908896 	0.99683605 	0.99997208 	0.99703842 	0.99592894 	0.99931280 	0.99998971 	0.71383493 	0.99453006 	0.99758832 	0.99845301 	
0.99999955 	0.98184270 	0.99724499 	0.99971602 	0.59216102 	0.99908896 	0.99683605 	0.99997208 	0.99703842 	0.99592894 	0.99931280 	0.99998971 	0.71383493 	0.99453006 	0.99758832 	0.99845301 	
0.99999955 	0.98184270 	0.99724499 	0.99971602 	0.59216102 	0.99908896 	0.99683605 	0.99997208 	0.99703842 	0.99592894 	0.99931280 	0.99998971 	0.71383493 	0.99453006 	0.99758832 	0.99845301 	
0.99999955 	0.98184270 	0.99724499 	0.99971602 	0.59216102 	0.99908896 	0.99683605 	0.99997208 	0.99703842 	0.99592894 	0.99931280 	0.99998971 	0.71383493 	0.99453006 	0.99758832 	0.99845301 	
0.99999955 	0.98184270 	0.99724499 	0.99971602 	0.59216102 	0.99908896 	0.99714974 	0.99997208 	0.99703842 	0.99592894 	0.99931280 	0.99998971 	0.71383493 	0.99453006 	0.99758832 	0.99845301 	
0.99999955 	0.98184270 	0.99724499 	0.99971602 	0.59216102 	0.99908896 	0.99714974 	0.99997850 	0.99703842 	0.99592894 	0.99931280 	0.99998971 	0.71383493 	0.99453006 	0.99758832 	0.99845301 	
0.99999955 	0.98184270 	0.99724499 	0.99971602 	0.59216102 	0.99908896 	0.99714974 	0.99997850 	0.99703842 	0.99592894 	0.99931280 	0.99998971 	0.71383493 	0.99453006 	0.99758832 	0.99845301 	
0.99999955 	0.98184270 	0.99724499 	0.99971602 	0.59216102 	0.99908896 	0.99714974 	0.99997850 	0.99703842 	0.99568528 	0.99931280 	0.99998971 	0.71383493 	0.99453006 	0.99758832 	0.99845301 	
0.99999955 	0.98184270 	0.99724499 	0.99971602 	0.59216102 	0.99908896 	0.99714974 	0.99997850 	0.99703842 	0.99568528 	0.99931280 	0.99998971 	0.71383493 	0.99453006 	0.99758832 	0.99845301 	
0.99999955 	0.98184270 	0.99724499 	0.99971602 	0.59216102 	0.99908896 	0.99714974 	0.99997850 	0.99703842 	0.99568528 	0.99931280 	0.99998971 	0.71383493 	0.99453006 	0.99758832 	0.99845301 	
0.99999955 	0.98184270 	0.99724499 	0.99971602 	0.59216102 	0.99908896 	0.99714974 	0.99997850 	0.99703842 	0.99568528 	0.99931280 	0.99998971 	0.71383493 	0.99453006 	0.99758832 	0.99845301 	
0.99999955 	0.98184270 	0.99724499 	0.99971602 	0.59216102 	0.99908896 	0.99714974 	0.99997850 	0.99703842 	0.99568528 	0.99931280 	0.99998971 	0.71383493 	0.99453006 	0.99758832 	0.99845301 	
0.99999955 	0.98184270 	0.99724499 	0.99971602 	0.59216102 	0.99908896 	0.99714974 	0.99997850 	0.99703842 	0.99568528 	0.99931280 	0.99998971 	0.71383493 	0.99453006 	0.99758832 	0.99845301 	
0.99999955 	0.98184270 	0.99724499 	0.99971602 	0.59216102 	0.99908896 	0.99714974 	0.99997850 	0.99703842 	0.99568528 	0.99931280 	0.99998971 	0.71383493 	0.99453006 	0.99758832 	0.99845104 	
0.99999955 	0.98184270 	0.99724499 	0.99971602 	0.59216102 	0.99908896 	0.99714974 	0.99997850 	0.99703842 	0.99568528 	0.99931280 	0.99998971 	0.71383493 	0.99453006 	0.99758832 	0.99845104 	
0.99999955 	0.97784231 	0.99724499 	0.99971602 	0.59216102 	0.99908896 	0.99714974 	0.99997850 	0.99703842 	0.99568528 	0.99931280 	0.99998971 	0.71383493 	0.99453006 	0.99758832 	0.99845104 	
0.99999955 	0.97784231 	0.99850713 	0.99971602 	0.59216102 	0.99908896 	0.99714974 	0.99997850 	0.99703842 	0.99568528 	0.99931280 	0.99998971 	0.71383493 	0.99453006 	0.99758832 	0.99845104 	
0.99999955 	0.97784231 	0.99850713 	0.99971602 	0.59216102 	0.99908896 	0.99714974 	0.99997850 	0.99703842 	0.99568528 	0.99931280 	0.99998971 	0.71383493 	0.99453006 	0.99758832 	0.99845104 	
0.99999955 	0.97784231 	0.99850713 	0.99971602 	0.59216102 	0.99908896 	0.99714974 	0.99997850 	0.99703842 	0.99568528 	0.99931280 	0.99998971 	0.71383493 	0.99453006 	0.99758832 	0.99845104 	
0.99999955 	0.97784231 	0.99850713 	0.99971602 	0.59216102 	0.99908896 	0.99714974 	0.99997850 	0.99703842 	0.99568528 	0.99931280 	0.99998971 	0.71383493 	0.99453006 	0.99758832 	0.99845104 	
0.99999955 	0.97784231 	0.99850713 	0.99971602 	0.59216102 	0.99908896 	0.99712088 	0.99997850 	0.99703842 	0.99568528 	0.99931280 	0.99998971 	0.71383493 	0.99453006 	0.99758832 	0.99845104 	
0.99999955 	0.97784231 	0.99850713 	0.99971602 	0.59216102 	0.99908896 	0.99712088 	0.99999148 	0.99703842 	0.99568528 	0.99931280 	0.99998971 	0.71383493 	0.99453006 	0.99758832 	0.99845104 	
0.99999955 	0.97784231 	0.99850713 	0.99971602 	0.59216102 	0.99908896 	0.99712088 	0.99999148 	0.99714356 	0.99568528 	0.99931280 	0.99998971 	0.71383493 	0.99453006 	0.99758832 	0.99845104 	
0.99999955 	0.97784231 	0.99850713 	0.99971602 	0.59216102 	0.99908896 	0.99712088 	0.99999148 	0.99714356 	0.99568528 	0.99931280 	0.99998971 	0.71383493 	0.99453006 	0.99758832 	0.99845104 	
0.99999955 	0.97784231 	0.99850713 	0.99971602 	0.59216102 	0.99908896 	0.99712088 	0.99999148 	0.99714356 	0.99568528 	0.99972835 	0.99998971 	0.71383493 	0.99453006 	0.99758832 	0.99845104 	
0.99999955 	0.97784231 	0.99850713 	0.99971602 	0.59216102 	0.99908896 	0.99712088 	0.99999148 	0.99714356 	0.99568528 	0.99972835 	0.99999942 	0.71383493 	0.99453006 	0.99758832 	0.99845104 	
0.99999955 	0.97784231 	0.99850713 	0.99971602 	0.59216102 	0.99908896 	0.99712088 	0.99999148 	0.99714356 	0.99568528 	0.99972835 	0.99999942 	0.71411400 	0.99453006 	0.99758832 	0.99845104 	
0.99999955 	0.97784231 	0.99850713 	0.99971602 	0.59216102 	0.99908896 	0.99712088 	0.99999148 	0.99714356 	0.99568528 	0.99972835 	0.99999942 	0.71411400 	0.99453006 	0.99758832 	0.99845104 	
0.99999955 	0.97784231 	0.99850713 	0.99971602 	0.59216102 	0.99908896 	0.99712088 	0.99999148 	0.99714356 	0.99568528 	0.99972835 	0.99999942 	0.71411400 	0.99453006 	0.99765674 	0.99845104 	
0.99999955 	0.97784231 	0.99850713 	0.99971602 	0.59216102 	0.99908896 	0.99712088 	0.99999148 	0.99714356 	0.99568528 	0.99972835 	0.99999942 	0.71411400 	0.99453006 	0.99765674 	0.99821893 	
0.99999955 	0.97784231 	0.99850713 	0.99971602 	0.59216102 	0.99908896 	0.99712088 	0.99999148 	0.99714356 	0.99568528 	0.99972835 	0.99999942 	0.71411400 	0.99453006 	0.99765674 	0.99821893 	
0.99999955 	0.97795354 	0.99850713 	0.99971602 	0.59216102 	0.99908896 	0.99712088 	0.99999148 	0.99714356 	0.99568528 	0.99972835 	0.99999942 	0.71411400 	0.99453006 	0.99765674 	0.99821893 	
0.99999955 	0.97795354 	0.99822518 	0.99971602 	0.59216102 	0.99908896 	0.99712088 	0.99999148 	0.99714356 	0.99568528 	0.99972835 	0.99999942 	0.71411400 	0.99453006 	0.99765674 	0.99821893 	
0.99999955 	0.97795354 	0.99822518 	0.99988235 	0.59216102 	0.99908896 	0.99712088 	0.99999148 	0.99714356 	0.99568528 	0.99972835 	0.99999942 	0.71411400 	0.99453006 	0.99765674 	0.99821893 	
0.99999955 	0.97795354 	0.99822518 	0.99988235 	0.59122701 	0.99908896 	0.99712088 	0.99999148 	0.99714356 	0.99568528 	0.99972835 	0.99999942 	0.71411400 	0.99453006 	0.99765674 	0.99821893 	
0.99999955 	0.97795354 	0.99822518 	0.99988235 	0.59122701 	0.99944602 	0.99712088 	0.99999148 	0.99714356 	0.99568528 	0.99972835 	0.99999942 	0.71411400 	0.99453006 	0.99765674 	0.99821893 	
0.99999955 	0.97795354 	0.99822518 	0.99988235 	0.59122701 	0.99944602 	0.99711458 	0.99999148 	0.99714356 	0.99568528 	0.99972835 	0.99999942 	0.71411400 	0.99453006 	0.99765674 	0.99821893 	
0.99999955 	0.97795354 	0.99822518 	0.99988235 	0.59122701 	0.99944602 	0.99711458 	0.99999148 	0.99714356 	0.99568528 	0.99972835 	0.99999942 	0.71411400 	0.99453006 	0.99765674 	0.99821893 	
0.99999955 	0.97795354 	0.99822518 	0.99988235 	0.59122701 	0.99944602 	0.99711458 	0.99999148 	0.99714356 	0.99568528 	0.99972835 	0.99999942 	0.71411400 	0.99453006 	0.99765674 	0.99821893 	
0.99999955 	0.97795354 	0.99822518 	0.99988235 	0.59122701 	0.99944602 	0.99711458 	0.99999148 	0.99714356 	0.99567462 	0.99972835 	0.99999942 	0.71411400 	0.99453006 	0.99765674 	0.99821893 	
0.99999955 	0.97795354 	0.99822518 	0.99988235 	0.59122701 	0.99944602 	0.99711458 	0.99999148 	0.99714356 	0.99567462 	0.99973052 	0.99999942 	0.71411400 	0.99453006 	0.99765674 	0.99821893 	
0.99999955 	0.97795354 	0.99822518 	0.99988235 	0.59122701 	0.99944602 	0.99711458 	0.99999148 	0.99714356 	0.99567462 	0.99973052 	0.99999942 	0.71411400 	0.99453006 	0.99765674 	0.99821893 	
0.99999955 	0.97795354 	0.99822518 	0.99988235 	0.59122701 	0.99944602 	0.99711458 	0.99999148 	0.99714356 	0.99567462 	0.99973052 	0.99999942 	0.71419616 	0.99453006 	0.99765674 	0.99821893 	
0.99999955 	0.97795354 	0.99822518 	0.99988235 	0.59122701 	0.99944602 	0.99711458 	0.99999148 	0.99714356 	0.99567462 	0.99973052 	0.99999942 	0.71419616 	0.99453006 	0.99765674 	0.99821893 	
0.99999955 	0.97795354 	0.99822518 	0.99988235 	0.59122701 	0.99944602 	0.99711458 	0.99999148 	0.99714356 	0.99567462 	0.99973052 	0.99999942 	0.71419616 	0.99453006 	0.99760207 	0.99821893 	
0.99999955 	0.97795354 	0.99822518 	0.99988235 	0.59122701 	0.99944602 	0.99711458 	0.99999148 	0.99714356 	0.99567462 	0.99973052 	0.99999942 	0.71419616 	0.99453006 	0.99760207 	0.99821893 	
0.99999955 	0.97795354 	0.99822518 	0.99988235 	0.59122701 	0.99944602 	0.99711458 	0.99999148 	0.99714356 	0.99567462 	0.99973052 	0.99999942 	0.71419616 	0.99453006 	0.99760207 	0.99821893 	
0.99999955 	0.97795354 	0.99822518 	0.99988235 	0.59122701 	0.99944602 	0.99711458 	0.99999148 	0.99714356 	0.99567462 	0.99973052 	0.99999942 	0.71419616 	0.99453006 	0.99760207 	0.99821893 	
0.99999955 	0.97795354 	0.99822518 	0.99988235 	0.59122701 	0.99944602 	0.99711458 	0.99999148 	0.99714356 	0.99567462 	0.99973052 	0.99999942 	0.71419616 	0.99453006 	0.99760207 	0.99821893 	
0.99999955 	0.97795354 	0.99822518 	0.99988235 	0.59122701 	0.99944602 	0.99711458 	0.99999148 	0.99714356 	0.99567462 	0.99973052 	0.99999942 	0.71419616 	0.99453006 	0.99760207 	0.99821893 	
0.99999955 	0.97795354 	0.99822518 	0.99988235 	0.59122701 	0.99944602 	0.99711458 	0.99999148 	0.99714356 	0.99567462 	0.99973052 	0.99999942 	0.71419616 	0.99453006 	0.99760207 	0.99821893 	
0.99999955 	0.97795354 	0.99822518 	0.99988235 	0.59122701 	0.99933949 	0.99711458 	0.99999148 	0.99714356 	0.99567462 	0.99973052 	0.99999942 	0.71419616 	0.99453006 	0.99760207 	0.99821893 	
0.99999955 	0.97795354 	0.99822518 	0.99988235 	0.59122701 	0.99933949 	0.99711458 	0.99999148 	0.99714356 	0.99567462 	0.99973052 	0.99999942 	0.71419616 	0.99453006 	0.99760207 	0.99821893 	
0.99999955 	0.97795354 	0.99822518 	0.99988235 	0.59122701 	0.99933949 	0.99711458 	0.99999339 	0.99714356 	0.99567462 	0.99973052 	0.99999942 	0.71419616 	0.99453006 	0.99760207 	0.99821893 	
0.99999955 	0.97795354 	0.99822518 	0.99988235 	0.59122701 	0.99933949 	0.99711458 	0.99999339 	0.99714356 	0.99567462 	0.99973052 	0.99999942 	0.71419616 	0.99453006 	0.99760207 	0.99821893 	
0.99999955 	0.97795354 	0.99822518 	0.99988235 	0.59122701 	0.99933949 	0.99711458 	0.99999339 	0.99714356 	0.99566239 	0.99973052 	0.99999942 	0.71419616 	0.99453006 	0.99760207 	0.99821893 	
0.99999955 	0.97795354 	0.99822518 	0.99988235 	0.59122701 	0.99933949 	0.99711458 	0.99999339 	0.99714356 	0.99566239 	0.99998675 	0.99999942 	0.71419616 	0.99453006 	0.99760207 	0.99821893 	
0.99999955 	0.97795354 	0.99822518 	0.99988235 	0.59122701 	0.99933949 	0.99711458 	0.99999339 	0.99714356 	0.99566239 	0.99998675 	0.99999942 	0.71419616 	0.99453006 	0.99760207 	0.99821893 	
0.99999955 	0.97795354 	0.99822518 	0.99988235 	0.59122701 	0.99933949 	0.99711458 	0.99999339 	0.99714356 	0.99566239 	0.99998675 	0.99999942 	0.71433928 	0.99453006 	0.99760207 	0.99821893 	
0.99999955 	0.97795354 	0.99822518 	0.99988235 	0.59122701 	0.99933949 	0.99711458 	0.99999339 	0.99714356 	0.99566239 	0.99998675 	0.99999942 	0.71433928 	0.99473107 	0.99760207 	0.99821893 	
0.99999955 	0.97795354 	0.99822518 	0.99988235 	0.59122701 	0.99933949 	0.99711458 	0.99999339 	0.99714356 	0.99566239 	0.99998675 	0.99999942 	0.71433928 	0.99473107 	0.99765674 	0.99821893 	
0.99999955 	0.97795354 	0.99822518 	0.99988235 	0.59122701 	0.99933949 	0.99711458 	0.99999339 	0.99714356 	0.99566239 	0.99998675 	0.99999942 	0.71433928 	0.99473107 	0.99765674 	0.99825237 	
0.99999955 	0.97795354 	0.99822518 	0.99988235 	0.59122701 	0.99933949 	0.99711458 	0.99999339 	0.99714356 	0.99566239 	0.99998675 	0.99999942 	0.71433928 	0.99473107 	0.99765674 	0.99825237 	
0.99999955 	0.97811156 	0.99822518 	0.99988235 	0.59122701 	0.99933949 	0.99711458 	0.99999339 	0.99714356 	0.99566239 	0.99998675 	0.99999942 	0.71433928 	0.99473107 	0.99765674 	0.99825237 	
0.99999955 	0.97811156 	0.99822518 	0.99988235 	0.59122701 	0.99933949 	0.99711458 	0.99999339 	0.99714356 	0.99566239 	0.99998675 	0.99999942 	0.71433928 	0.99473107 	0.99765674 	0.99825237 	
0.99999955 	0.97811156 	0.99822518 	0.99995997 	0.59122701 	0.99933949 	0.99711458 	0.99999339 	0.99714356 	0.99566239 	0.99998675 	0.99999942 	0.71433928 	0.99473107 	0.99765674 	0.99825237 	
0.99999955 	0.97811156 	0.99822518 	0.99995997 	0.59122701 	0.99933949 	0.99711458 	0.99999339 	0.99714356 	0.99566239 	0.99998675 	0.99999942 	0.71433928 	0.99473107 	0.99765674 	0.99825237 	
0.99999955 	0.97811156 	0.99822518 	0.99995997 	0.59122701 	0.99933949 	0.99711458 	0.99999339 	0.99714356 	0.99566239 	0.99998675 	0.99999942 	0.71433928 	0.99473107 	0.99765674 	0.99825237 	
0.99999955 	0.97811156 	0.99822518 	0.99995997 	0.59122701 	0.99933949 	0.99711429 	0.99999339 	0.99714356 	0.99566239 	0.99998675 	0.99999942 	0.71433928 	0.99473107 	0.99765674 	0.99825237 	
0.99999955 	0.97811156 	0.99822518 	0.99995997 	0.59122701 	0.99933949 	0.99711429 	0.99999851 	0.99714356 	0.99566239 	0.99998675 	0.99999942 	0.71433928 	0.99473107 	0.99765674 	0.99825237 	
0.99999955 	0.97811156 	0.99822518 	0.99995997 	0.59122701 	0.99933949 	0.99711429 	0.99999851 	0.99714356 	0.99566239 	0.99998675 	0.99999942 	0.71433928 	0.99473107 	0.99765674 	0.99825237 	
0.99999955 	0.97811156 	0.99822518 	0.99995997 	0.59122701 	0.99933949 	0.99711429 	0.99999851 	0.99714356 	0.99520526 	0.99998675 	0.99999942 	0.71433928 	0.99473107 	0.99765674 	0.99825237 	
0.99999955 	0.97811156 	0.99822518 	0.99995997 	0.59122701 	0.99933949 	0.99711429 	0.99999851 	0.99714356 	0.99520526 	0.99998675 	0.99999942 	0.71433928 	0.99473107 	0.99765674 	0.99825237 	
0.99999955 	0.97811156 	0.99822518 	0.99995997 	0.59122701 	0.99933949 	0.99711429 	0.99999851 	0.99714356 	0.99520526 	0.99998675 	0.99999942 	0.71433928 	0.99473107 	0.99765674 	0.99825237 	
0.99999955 	0.97811156 	0.99822518 	0.99995997 	0.59122701 	0.99933949 	0.99711429 	0.99999851 	0.99714356 	0.99520526 	0.99998675 	0.99999942 	0.71437585 	0.99473107 	0.99765674 	0.99825237 	
0.99999955 	0.97811156 	0.99822518 	0.99995997 	0.59122701 	0.99933949 	0.99711429 	0.99999851 	0.99714356 	0.99520526 	0.99998675 	0.99999942 	0.71437585 	0.99473107 	0.99765674 	0.99825237 	
0.99999955 	0.97811156 	0.99822518 	0.99995997 	0.59122701 	0.99933949 	0.99711429 	0.99999851 	0.99714356 	0.99520526 	0.99998675 	0.99999942 	0.71437585 	0.99473107 	0.99773284 	0.99825237 	
0.99999955 	0.97811156 	0.99822518 	0.99995997 	0.59122701 	0.99933949 	0.99711429 	0.99999851 	0.99714356 	0.99520526 	0.99998675 	0.99999942 	0.71437585 	0.99473107 	0.99773284 	0.99825237 	
0.99999955 	0.97811156 	0.99822518 	0.99995997 	0.59122701 	0.99933949 	0.99711429 	0.99999851 	0.99714356 	0.99520526 	0.99998675 	0.99999942 	0.71437585 	0.99473107 	0.99773284 	0.99825237 	
0.99999955 	0.97811156 	0.99822518 	0.99995997 	0.59122701 	0.99933949 	0.99711429 	0.99999851 	0.99714356 	0.99520526 	0.99998675 	0.99999942 	0.71437585 	0.99473107 	0.99773284 	0.99825237 	
0.99999955 	0.97811156 	0.99822518 	0.99995997 	0.59122701 	0.99933949 	0.99711429 	0.99999851 	0.99714356 	0.99520526 	0.99998675 	0.99999942 	0.71437585 	0.99473107 	0.99773284 	0.99825237 	
0.99999955 	0.97811156 	0.99822518 	0.99999412 	0.59122701 	0.99933949 	0.99711429 	0.99999851 	0.99714356 	0.99520526 	0.99998675 	0.99999942 	0.71437585 	0.99473107 	0.99773284 	0.99825237 	
0.99999955 	0.97811156 	0.99822518 	0.99999412 	0.59119347 	0.99933949 	0.99711429 	0.99999851 	0.99714356 	0.99520526 	0.99998675 	0.99999942 	0.71437585 	0.99473107 	0.99773284 	0.99825237 	
0.99999955 	0.97811156 	0.99822518 	0.99999412 	0.59119347 	0.99933949 	0.99711429 	0.99999851 	0.99714356 	0.99520526 	0.99998675 	0.99999942 	0.71437585 	0.99473107 	0.99773284 	0.99825237 	
0.99999955 	0.97811156 	0.99822518 	0.99999412 	0.59119347 	0.99933949 	0.99705954 	0.99999851 	0.99714356 	0.99520526 	0.99998675 	0.99999942 	0.71437585 	0.99473107 	0.99773284 	0.99825237 	
0.99999955 	0.97811156 	0.99822518 	0.99999412 	0.59119347 	0.99933949 	0.99705954 	0.99999851 	0.99714356 	0.99520526 	0.99998675 	0.99999942 	0.71437585 	0.99473107 	0.99773284 	0.99825237 	
0.99999955 	0.97811156 	0.99822518 	0.99999412 	0.59119347 	0.99933949 	0.99705954 	0.99999851 	0.99714356 	0.99520526 	0.99998675 	0.99999942 	0.71437585 	0.99473107 	0.99773284 	0.99825237 	
0.99999955 	0.97811156 	0.99822518 	0.99999412 	0.59119347 	0.99933949 	0.99705954 	0.99999851 	0.99714356 	0.99520526 	0.99998675 	0.99999942 	0.71437585 	0.99473107 	0.99773284 	0.99825237 	
0.99999955 	0.97811156 	0.99822518 	0.99999412 	0.59119347 	0.99933949 	0.99705954 	0.99999851 	0.99714356 	0.99520526 	0.99998933 	0.99999942 	0.71437585 	0.99473107 	0.99773284 	0.99825237 	
0.99999955 	0.97811156 	0.99822518 	0.99999412 	0.59119347 	0.99933949 	0.99705954 	0.99999851 	0.99714356 	0.99520526 	0.99998933 	0.99999942 	0.71437585 	0.99473107 	0.99773284 	0.99825237 	
0.99999955 	0.97811156 	0.99822518 	0.99999412 	0.59119347 	0.99933949 	0.99705954 	0.99999851 	0.99714356 	0.99520526 	0.99998933 	0.99999942 	0.71450809 	0.99473107 	0.99773284 	0.99825237 	
0.99999955 	0.97811156 	0.99822518 	0.99999412 	0.59119347 	0.99933949 	0.99705954 	0.99999851 	0.99714356 	0.99520526 	0.99998933 	0.99999942 	0.71450809 	0.99457603 	0.99773284 	0.99825237 	
0.99999955 	0.97811156 	0.99822518 	0.99999412 	0.59119347 	0.99933949 	0.99705954 	0.99999851 	0.99714356 	0.99520526 	0.99998933 	0.99999942 	0.71450809 	0.99457603 	0.99773284 	0.99825237 	
0.99999955 	0.97811156 	0.99822518 	0.99999412 	0.59119347 	0.99933949 	0.99705954 	0.99999851 	0.99714356 	0.99520526 	0.99998933 	0.99999942 	0.71450809 	0.99457603 	0.99773284 	0.99845023 	
0.99999955 	0.97811156 	0.99822518 	0.99999412 	0.59119347 	0.99933949 	0.99705954 	0.99999851 	0.99714356 	0.99520526 	0.99998933 	0.99999942 	0.71450809 	0.99457603 	0.99773284 	0.99845023 	
0.99999955 	0.97811816 	0.99822518 	0.99999412 	0.59119347 	0.99933949 	0.99705954 	0.99999851 	0.99714356 	0.99520526 	0.99998933 	0.99999942 	0.71450809 	0.99457603 	0.99773284 	0.99845023 	
0.99999955 	0.97811816 	0.99817492 	0.99999412 	0.59119347 	0.99933949 	0.99705954 	0.99999851 	0.99714356 	0.99520526 	0.99998933 	0.99999942 	0.71450809 	0.99457603 	0.99773284 	0.99845023 	
0.99999955 	0.97811816 	0.99817492 	0.99999412 	0.59119347 	0.99933949 	0.99705954 	0.99999851 	0.99714356 	0.99520526 	0.99998933 	0.99999942 	0.71450809 	0.99457603 	0.99773284 	0.99845023 	
0.99999955 	0.97811816 	0.99817492 	0.99999412 	0.59119347 	0.99933949 	0.99705954 	0.99999851 	0.99714356 	0.99520526 	0.99998933 	0.99999942 	0.71450809 	0.99457603 	0.99773284 	0.99845023 	
0.99999955 	0.97811816 	0.99817492 	0.99999412 	0.59119347 	0.99933949 	0.99705954 	0.99999851 	0.99714356 	0.99520526 	0.99998933 	0.99999942 	0.71450809 	0.99457603 	0.99773284 	0.99845023 	
0.99999955 	0.97811816 	0.99817492 	0.99999412 	0.59119347 	0.99933949 	0.99705954 	0.99999851 	0.99714356 	0.99520526 	0.99998933 	0.99999942 	0.71450809 	0.99457603 	0.99773284 	0.99845023 	
0.99999955 	0.97811816 	0.99817492 	0.99999412 	0.59119347 	0.99933949 	0.99705954 	0.99999982 	0.99714356 	0.99520526 	0.99998933 	0.99999942 	0.71450809 	0.99457603 	0.99773284 	0.99845023 	
0.99999955 	0.97811816 	0.99817492 	0.99999412 	0.59119347 	0.99933949 	0.99705954 	0.99999982 	0.99714356 	0.99520526 	0.99998933 	0.99999942 	0.71450809 	0.99457603 	0.99773284 	0.99845023 	
0.99999955 	0.97811816 	0.99817492 	0.99999412 	0.59119347 	0.99933949 	0.99705954 	0.99999982 	0.99714356 	0.99520328 	0.99998933 	0.99999942 	0.71450809 	0.99457603 	0.99773284 	0.99845023 	
0.99999955 	0.97811816 	0.99817492 	0.99999412 	0.59119347 	0.99933949 	0.99705954 	0.99999982 	0.99714356 	0.99520328 	0.99999934 	0.99999942 	0.71450809 	0.99457603 	0.99773284 	0.99845023 	
0.99999955 	0.97811816 	0.99817492 	0.99999412 	0.59119347 	0.99933949 	0.99705954 	0.99999982 	0.99714356 	0.99520328 	0.99999934 	0.99999942 	0.71450809 	0.99457603 	0.99773284 	0.99845023 	
0.99999955 	0.97811816 	0.99817492 	0.99999412 	0.59119347 	0.99933949 	0.99705954 	0.99999982 	0.99714356 	0.99520328 	0.99999934 	0.99999942 	0.71450809 	0.99457603 	0.99773284 	0.99845023 	
0.99999955 	0.97811816 	0.99817492 	0.99999412 	0.59119347 	0.99933949 	0.99705954 	0.99999982 	0.99714356 	0.99520328 	0.99999934 	0.99999942 	0.71450809 	0.99457603 	0.99773284 	0.99845023 	
0.99999955 	0.97811816 	0.99817492 	0.99999412 	0.59119347 	0.99933949 	0.99705954 	0.99999982 	0.99714356 	0.99520328 	0.99999934 	0.99999942 	0.71450809 	0.99457603 	0.99773248 	0.99845023 	
0.99999955 	0.97811816 	0.99817492 	0.99999412 	0.59119347 	0.99933949 	0.99705954 	0.99999982 	0.99714356 	0.99520328 	0.99999934 	0.99999942 	0.71450809 	0.99457603 	0.99773248 	0.99845023 	
0.99999955 	0.97811816 	0.99817492 	0.99999412 	0.59119347 	0.99933949 	0.99705954 	0.99999982 	0.99714356 	0.99520328 	0.99999934 	0.99999942 	0.71450809 	0.99457603 	0.99773248 	0.99845023 	
0.99999955 	0.97811816 	0.99817492 	0.99999412 	0.59119347 	0.99933949 	0.99705954 	0.99999982 	0.99714356 	0.99520328 	0.99999934 	0.99999942 	0.71450809 	0.99457603 	0.99773248 	0.99845023 	
0.99999955 	0.97811816 	0.99817492 	0.99999412 	0.59119347 	0.99933949 	0.99705954 	0.99999982 	0.99714356 	0.99520328 	0.99999934 	0.99999942 	0.71450809 	0.99457603 	0.99773248 	0.99845023 	
0.99999955 	0.97811816 	0.99817492 	0.99999412 	0.59119347 	0.99933949 	0.99705954 	0.99999982 	0.99714356 	0.99520328 	0.99999934 	0.99999942 	0.71450809 	0.99457603 	0.99773248 	0.99845023 	
0.99999955 	0.97811816 	0.99817492 	0.99999412 	0.59119347 	0.99933949 	0.99705954 	0.99999982 	0.99714356 	0.99520328 	0.99999934 	0.99999942 	0.71450809 	0.99457603 	0.99773248 	0.99845023 	
0.99999955 	0.97811816 	0.99817492 	0.99999412 	0.59119347 	0.99933849 	0.99705954 	0.99999982 	0.99714356 	0.99520328 	0.99999934 	0.99999942 	0.71450809 	0.99457603 	0.99773248 	0.99845023 	
0.99999955 	0.97811816 	0.99817492 	0.99999412 	0.59119347 	0.99933849 	0.99705954 	0.99999982 	0.99714356 	0.99520328 	0.99999934 	0.99999942 	0.71450809 	0.99457603 	0.99773248 	0.99845023 	
0.99999955 	0.97811816 	0.99817492 	0.99999412 	0.59119347 	0.99933849 	0.99705954 	0.99999988 	0.99714356 	0.99520328 	0.99999934 	0.99999942 	0.71450809 	0.99457603 	0.99773248 	0.99845023 	
0.99999955 	0.97811816 	0.99817492 	0.99999412 	0.59119347 	0.99933849 	0.99705954 	0.99999988 	0.99714356 	0.99520328 	0.99999934 	0.99999942 	0.71450809 	0.99457603 	0.99773248 	0.99845023 	
0.99999955 	0.97811816 	0.99817492 	0.99999412 	0.59119347 	0.99933849 	0.99705954 	0.99999988 	0.99714356 	0.99520328 	0.99999934 	0.99999942 	0.71450809 	0.99457603 	0.99773248 	0.99845023 	
0.99999955 	0.97811816 	0.99817492 	0.99999412 	0.59119347 	0.99933849 	0.99705954 	0.99999988 	0.99714356 	0.99520328 	0.99999934 	0.99999942 	0.71450809 	0.99457603 	0.99773248 	0.99845023 	
0.99999955 	0.97811816 	0.99817492 	0.99999412 	0.59119347 	0.99933849 	0.99705954 	0.99999988 	0.99714356 	0.99520328 	0.99999934 	0.99999942 	0.71450809 	0.99457603 	0.99773248 	0.99845023 	
0.99999955 	0.97811816 	0.99817492 	0.99999412 	0.59119347 	0.99933849 	0.99705954 	0.99999988 	0.99714356 	0.99520328 	0.99999934 	0.99999942 	0.71442985 	0.99457603 	0.99773248 	0.99845023 	
0.99999955 	0.97811816 	0.99817492 	0.99999412 	0.59119347 	0.99933849 	0.99705954 	0.99999988 	0.99714356 	0.99520328 	0.99999934 	0.99999942 	0.71442985 	0.99457603 	0.99773248 	0.99845023 	
0.99999955 	0.97811816 	0.99817492 	0.99999412 	0.59119347 	0.99933849 	0.99705954 	0.99999988 	0.99714356 	0.99520328 	0.99999934 	0.99999942 	0.71442985 	0.99457603 	0.99773248 	0.99845023 	
0.99999955 	0.97811816 	0.99817492 	0.99999412 	0.59119347 	0.99933849 	0.99705954 	0.99999988 	0.99714356 	0.99520328 	0.99999934 	0.99999942 	0.71442985 	0.99457603 	0.99773248 	0.99842980 	
0.99999955 	0.97811816 	0.99817492 	0.99999412 	0.59119347 	0.99933849 	0.99705954 	0.99999988 	0.99714356 	0.99520328 	0.99999934 	0.99999942 	0.71442985 	0.99457603 	0.99773248 	0.99842980 	
0.99999955 	0.97821994 	0.99817492 	0.99999412 	0.59119347 	0.99933849 	0.99705954 	0.99999988 	0.99714356 	0.99520328 	0.99999934 	0.99999942 	0.71442985 	0.99457603 	0.99773248 	0.99842980 	
0.99999955 	0.97821994 	0.99817492 	0.99999412 	0.59119347 	0.99933849 	0.99705954 	0.99999988 	0.99714356 	0.99520328 	0.99999934 	0.99999942 	0.71442985 	0.99457603 	0.99773248 	0.99842980 	
0.99999955 	0.97821994 	0.99817492 	0.99999433 	0.59119347 	0.99933849 	0.99705954 	0.99999988 	0.99714356 	0.99520328 	0.99999934 	0.99999942 	0.71442985 	0.99457603 	0.99773248 	0.99842980 	
0.99999955 	0.97821994 	0.99817492 	0.99999433 	0.59100971 	0.99933849 	0.99705954 	0.99999988 	0.99714356 	0.99520328 	0.99999934 	0.99999942 	0.71442985 	0.99457603 	0.99773248 	0.99842980 	
0.99999955 	0.97821994 	0.99817492 	0.99999433 	0.59100971 	0.99933849 	0.99705954 	0.99999988 	0.99714356 	0.99520328 	0.99999934 	0.99999942 	0.71442985 	0.99457603 	0.99773248 	0.99842980 	
0.99999955 	0.97821994 	0.99817492 	0.99999433 	0.59100971 	0.99933849 	0.99705954 	0.99999988 	0.99714356 	0.99520328 	0.99999934 	0.99999942 	0.71442985 	0.99457603 	0.99773248 	0.99842980 	
0.99999955 	0.97821994 	0.99817492 	0.99999433 	0.59100971 	0.99933849 	0.99705954 	1.00000000 	0.99714356 	0.99520328 	0.99999934 	0.99999942 	0.71442985 	0.99457603 	0.99773248 	0.99842980 	
0.99999955 	0.97821994 	0.99817492 	0.99999433 	0.59100971 	0.99933849 	0.99705954 	1.00000000 	0.99714356 	0.99520328 	0.99999934 	0.99999942 	0.71442985 	0.99457603 	0.99773248 	0.99842980 	
0.99999955 	0.97821994 	0.99817492 	0.99999433 	0.59100971 	0.99933849 	0.99705954 	1.00000000 	0.99714356 	0.99516131 	0.99999934 	0.99999942 	0.71442985 	0.99457603 	0.99773248 	0.99842980 	
0.99999955 	0.97821994 	0.99817492 	0.99999433 	0.59100971 	0.99933849 	0.99705954 	1.00000000 	0.99714356 	0.99516131 	0.99999934 	0.99999942 	0.71442985 	0.99457603 	0.99773248 	0.99842980 	
0.99999955 	0.97821994 	0.99817492 	0.99999433 	0.59100971 	0.99933849 	0.99705954 	1.00000000 	0.99714356 	0.99516131 	0.99999934 	0.99999942 	0.71442985 	0.99457603 	0.99773248 	0.99842980 	
0.99999955 	0.97821994 	0.99817492 	0.99999433 	0.59100971 	0.99933849 	0.99705954 	1.00000000 	0.99714356 	0.99516131 	0.99999934 	0.99999942 	0.71443379 	0.99457603 	0.99773248 	0.99842980 	
0.99999955 	0.97821994 	0.99817492 	0.99999433 	0.59100971 	0.99933849 	0.99705954 	1.00000000 	0.99714356 	0.99516131 	0.99999934 	0.99999942 	0.71443379 	0.99461898 	0.99773248 	0.99842980 	
0.99999955 	0.97821994 	0.99817492 	0.99999433 	0.59100971 	0.99933849 	0.99705954 	1.00000000 	0.99714356 	0.99516131 	0.99999934 	0.99999942 	0.71443379 	0.99461898 	0.99773248 	0.99842980 	
0.99999955 	0.97821994 	0.99817492 	0.99999433 	0.59100971 	0.99933849 	0.99705954 	1.00000000 	0.99714356 	0.99516131 	0.99999934 	0.99999942 	0.71443379 	0.99461898 	0.99773248 	0.99842980 	
0.99999955 	0.97821994 	0.99817492 	0.99999433 	0.59100971 	0.99933849 	0.99705954 	1.00000000 	0.99714356 	0.99516131 	0.99999934 	0.99999942 	0.71443379 	0.99461898 	0.99773248 	0.99842980 	
0.99999955 	0.97821994 	0.99817492 	0.99999433 	0.59100971 	0.99933849 	0.99705954 	1.00000000 	0.99714356 	0.99516131 	0.99999934 	0.99999942 	0.71443379 	0.99461898 	0.99773248 	0.99842980 	
0.99999955 	0.97821994 	0.99817492 	0.99999433 	0.59100971 	0.99933849 	0.99705954 	1.00000000 	0.99714356 	0.99516131 	0.99999934 	0.99999942 	0.71443379 	0.99461898 	0.99773248 	0.99842980 	
0.99999955 	0.97821994 	0.99817492 	0.99999433 	0.59100971 	0.99933849 	0.99705954 	1.00000000 	0.99714356 	0.99516131 	0.99999934 	0.99999942 	0.71443379 	0.99461898 	0.99773248 	0.99842980 	
0.99999955 	0.97821994 	0.99817492 	0.99999433 	0.59100971 	0.99933849 	0.99705954 	1.00000000 	0.99714356 	0.99516131 	0.99999934 	0.99999942 	0.71443379 	0.99461898 	0.99773248 	0.99842980 	
0.99999955 	0.97821994 	0.99817492 	0.99999433 	0.59100971 	0.99933849 	0.99705954 	1.00000000 	0.99714356 	0.99516131 	0.99999934 	0.99999942 	0.71443379 	0.99461898 	0.99773248 	0.99842980 	
0.99999955 	0.97821994 	0.99817492 	0.99999433 	0.59100971 	0.99933849 	0.99705954 	1.00000000 	0.99714356 	0.99516131 	0.99999934 	0.99999942 	0.71443379 	0.99461898 	0.99773248 	0.99842980 	
0.99999955 	0.97821994 	0.99817492 	0.99999433 	0.59100971 	0.99933849 	0.99705954 	1.00000000 	0.99714356 	0.99516131 	0.99999934 	0.99999942 	0.71443379 	0.99461898 	0.99773248 	0.99842980 	
0.99999955 	0.97821994 	0.99817492 	0.99999433 	0.59100971 	0.99933849 	0.99705954 	1.00000000 	0.99714356 	0.99516131 	0.99999934 	0.99999942 	0.71443379 	0.99461898 	0.99773248 	0.99842980 	
0.99999955 	0.97821994 	0.99817492 	0.99999433 	0.59100971 	0.99933849 	0.99705954 	1.00000000 	0.99714356 	0.99516090 	0.99999934 	0.99999942 	0.71443379 	0.99461898 	0.99773248 	0.99842980 	
0.99999955 	0.97821994 	0.99817492 	0.99999433 	0.59100971 	0.99933849 	0.99705954 	1.00000000 	0.99714356 	0.99516090 	0.99999938 	0.99999942 	0.71443379 	0.99461898 	0.99773248 	0.99842980 	
0.99999955 	0.97821994 	0.99817492 	0.99999433 	0.59100971 	0.99933849 	0.99705954 	1.00000000 	0.99714356 	0.99516090 	0.99999938 	0.99999942 	0.71443379 	0.99461898 	0.99773248 	0.99842980 	
0.99999955 	0.97821994 	0.99817492 	0.99999433 	0.59100971 	0.99933849 	0.99705954 	1.00000000 	0.99714356 	0.99516090 	0.99999938 	0.99999942 	0.71443379 	0.99461898 	0.99773248 	0.99842980 	
0.99999955 	0.97821994 	0.99817492 	0.99999433 	0.59100971 	0.99933849 	0.99705954 	1.00000000 	0.99714356 	0.99516090 	0.99999938 	0.99999942 	0.71443379 	0.99461898 	0.99773248 	0.99842980 	
0.99999955 	0.97821994 	0.99817492 	0.99999433 	0.59100971 	0.99933849 	0.99705954 	1.00000000 	0.99714356 	0.99516090 	0.99999938 	0.99999942 	0.71443379 	0.99461898 	0.99773248 	0.99842980 	
0.99999955 	0.97821994 	0.99817492 	0.99999433 	0.59100971 	0.99933849 	0.99705954 	1.00000000 	0.99714356 	0.99516090 	0.99999938 	0.99999942 	0.71443379 	0.99461898 	0.99773248 	0.99840707 	
0.99999955 	0.97821994 	0.99817492 	0.99999433 	0.59100971 	0.99933849 	0.99705954 	1.00000000 	0.99714356 	0.99516090 	0.99999938 	0.99999942 	0.71443379 	0.99461898 	0.99773248 	0.99840707 	
0.99999955 	0.97821994 	0.99817492 	0.99999433 	0.59100971 	0.99933849 	0.99705954 	1.00000000 	0.99714356 	0.99516090 	0.99999938 	0.99999942 	0.71443379 	0.99461898 	0.99773248 	0.99840707 	
0.99999955 	0.97821994 	0.99817492 	0.99999433 	0.59100971 	0.99933849 	0.99705954 	1.00000000 	0.99714356 	0.99516090 	0.99999938 	0.99999942 	0.71443379 	0.99461898 	0.99773248 	0.99840707 	
0.99999955 	0.97821994 	0.99817492 	0.99999847 	0.59100971 	0.99933849 	0.99705954 	1.00000000 	0.99714356 	0.99516090 	0.99999938 	0.99999942 	0.71443379 	0.99461898 	0.99773248 	0.99840707 	
0.99999955 	0.97821994 	0.99817492 	0.99999847 	0.59107765 	0.99933849 	0.99705954 	1.00000000 	0.99714356 	0.99516090 	0.99999938 	0.99999942 	0.71443379 	0.99461898 	0.99773248 	0.99840707 	
0.99999955 	0.97821994 	0.99817492 	0.99999847 	0.59107765 	0.99932917 	0.99705954 	1.00000000 	0.99714356 	0.99516090 	0.99999938 	0.99999942 	0.71443379 	0.99461898 	0.99773248 	0.99840707 	
0.99999955 	0.97821994 	0.99817492 	0.99999847 	0.59107765 	0.99932917 	0.99705954 	1.00000000 	0.99714356 	0.99516090 	0.99999938 	0.99999942 	0.71443379 	0.99461898 	0.99773248 	0.99840707 	
0.99999955 	0.97821994 	0.99817492 	0.99999847 	0.59107765 	0.99932917 	0.99705954 	1.00000000 	0.99714356 	0.99516090 	0.99999938 	0.99999942 	0.71443379 	0.99461898 	0.99773248 	0.99840707 	
0.99999955 	0.97821994 	0.99817492 	0.99999847 	0.59107765 	0.99932917 	0.99705954 	1.00000000 	0.99714356 	0.99516090 	0.99999938 	0.99999942 	0.71443379 	0.99461898 	0.99773248 	0.99840707 	
0.99999955 	0.97821994 	0.99817492 	0.99999847 	0.59107765 	0.99932917 	0.99705954 	1.00000000 	0.99714356 	0.99506400 	0.99999938 	0.99999942 	0.71443379 	0.99461898 	0.99773248 	0.99840707 	
0.99999955 	0.97821994 	0.99817492 	0.99999847 	0.59107765 	0.99932917 	0.99705954 	1.00000000 	0.99714356 	0.99506400 	0.99999938 	0.99999942 	0.71443379 	0.99461898 	0.99773248 	0.99840707 	
0.99999955 	0.97821994 	0.99817492 	0.99999847 	0.59107765 	0.99932917 	0.99705954 	1.00000000 	0.99714356 	0.99506400 	0.99999938 	0.99999942 	0.71443379 	0.99461898 	0.99773248 	0.99840707 	
0.99999955 	0.97821994 	0.99817492 	0.99999847 	0.59107765 	0.99932917 	0.99705954 	1.00000000 	0.99714356 	0.99506400 	0.99999938 	0.99999942 	0.71443390 	0.99461898 	0.99773248 	0.99840707 	
0.99999955 	0.97821994 	0.99817492 	0.99999847 	0.59107765 	0.99932917 	0.99705954 	1.00000000 	0.99714356 	0.99506400 	0.99999938 	0.99999942 	0.71443390 	0.99466381 	0.99773248 	0.99840707 	
0.99999955 	0.97821994 	0.99817492 	0.99999847 	0.59107765 	0.99932917 	0.99705954 	1.00000000 	0.99714356 	0.99506400 	0.99999938 	0.99999942 	0.71443390 	0.99466381 	0.99773248 	0.99840707 	
0.99999955 	0.97821994 	0.99817492 	0.99999847 	0.59107765 	0.99932917 	0.99705954 	1.00000000 	0.99714356 	0.99506400 	0.99999938 	0.99999942 	0.71443390 	0.99466381 	0.99773248 	0.99840707 	
0.99999957 	0.97821994 	0.99817492 	0.99999847 	0.59107765 	0.99932917 	0.99705954 	1.00000000 	0.99714356 	0.99506400 	0.99999938 	0.99999942 	0.71443390 	0.99466381 	0.99773248 	0.99840707 	
0.99999957 	0.97821994 	0.99817492 	0.99999847 	0.59107765 	0.99932917 	0.99705954 	1.00000000 	0.99714356 	0.99506400 	0.99999938 	0.99999942 	0.71443390 	0.99466381 	0.99773248 	0.99840707 	
0.99999957 	0.97821994 	0.99815245 	0.99999847 	0.59107765 	0.99932917 	0.99705954 	1.00000000 	0.99714356 	0.99506400 	0.99999938 	0.99999942 	0.71443390 	0.99466381 	0.99773248 	0.99840707 	
0.99999957 	0.97821994 	0.99815245 	0.99999847 	0.59107765 	0.99932917 	0.99705954 	1.00000000 	0.99714356 	0.99506400 	0.99999938 	0.99999942 	0.71443390 	0.99466381 	0.99773248 	0.99840707 	
0.99999957 	0.97821994 	0.99815245 	0.99999847 	0.59107765 	0.99932917 	0.99705954 	1.00000000 	0.99714356 	0.99506400 	0.99999938 	0.99999942 	0.71443390 	0.99466381 	0.99773248 	0.99840707 	
0.99999957 	0.97821994 	0.99815245 	0.99999847 	0.59107765 	0.99932917 	0.99705954 	1.00000000 	0.99714356 	0.99506400 	0.99999938 	0.99999942 	0.71443390 	0.99466381 	0.99773248 	0.99840707 	
0.99999957 	0.97821994 	0.99815245 	0.99999847 	0.59107765 	0.99932917 	0.99705954 	1.00000000 	0.99714356 	0.99506400 	0.99999938 	0.99999942 	0.71443390 	0.99466381 	0.99773248 	0.99840707 	
0.99999957 	0.97821994 	0.99815245 	0.99999847 	0.59107765 	0.99932917 	0.99705954 	1.00000000 	0.99714356 	0.99506400 	0.99999938 	0.99999942 	0.71443390 	0.99466381 	0.99773248 	0.99840707 	
0.99999957 	0.97821994 	0.99815245 	0.99999847 	0.59107765 	0.99932917 	0.99705954 	1.00000000 	0.99714356 	0.99506400 	0.99999938 	0.99999942 	0.71443390 	0.99466381 	0.99773248 	0.99840707 	
0.99999957 	0.97821994 	0.99815245 	0.99999847 	0.59107765 	0.99932917 	0.99705954 	1.00000000 	0.99714356 	0.99506400 	0.99999938 	0.99999942 	0.71443390 	0.99466381 	0.99773248 	0.99840707 	
0.99999957 	0.97821994 	0.99815245 	0.99999847 	0.59107765 	0.99932917 	0.99705954 	1.00000000 	0.99714356 	0.99506400 	0.99999938 	0.99999942 	0.71443390 	0.99466381 	0.99773248 	0.99840707 	
0.99999957 	0.97821994 	0.99815245 	0.99999847 	0.59107765 	0.99932917 	0.99705954 	1.00000000 	0.99714356 	0.99506400 	0.99999938 	0.99999942 	0.71443390 	0.99466381 	0.99773248 	0.99840707 	
0.99999957 	0.97821994 	0.99815245 	0.99999847 	0.59107765 	0.99932917 	0.99705954 	1.00000000 	0.99714356 	0.99506400 	0.99999938 	0.99999942 	0.71443390 	0.99466381 	0.99773248 	0.99840707 	
0.99999957 	0.97821994 	0.99815245 	0.99999847 	0.59107765 	0.99932917 	0.99705954 	1.00000000 	0.99714356 	0.99506400 	0.99999938 	0.99999942 	0.71443390 	0.99466381 	0.99773248 	0.99840707 	
0.99999957 	0.97821994 	0.99815245 	0.99999847 	0.59107765 	0.99932917 	0.99705954 	1.00000000 	0.99714356 	0.99506400 	0.99999938 	0.99999942 	0.71443390 	0.99466381 	0.99773248 	0.99840707 	
0.99999957 	0.97821994 	0.99815245 	0.99999847 	0.59107765 	0.99932917 	0.99705954 	1.00000000 	0.99714356 	0.99506400 	0.99999938 	0.99999942 	0.71443390 	0.99466381 	0.99773248 	0.99842577 	
0.99999957 	0.97821994 	0.99815245 	0.99999847 	0.59107765 	0.99932917 	0.99705954 	1.00000000 	0.99714356 	0.99506400 	0.99999938 	0.99999942 	0.71443390 	0.99466381 	0.99773248 	0.99842577 	
0.99999957 	0.97821994 	0.99815245 	0.99999847 	0.59107765 	0.99932917 	0.99705954 	1.00000000 	0.99714356 	0.99506400 	0.99999938 	0.99999942 	0.71443390 	0.99466381 	0.99773248 	0.99842577 	
0.99999957 	0.97821994 	0.99813586 	0.99999847 	0.59107765 	0.99932917 	0.99705954 	1.00000000 	0.99714356 	0.99506400 	0.99999938 	0.99999942 	0.71443390 	0.99466381 	0.99773248 	0.99842577 	
0.99999957 	0.97821994 	0.99813586 	0.99999847 	0.59107765 	0.99932917 	0.99705954 	1.00000000 	0.99714356 	0.99506400 	0.99999938 	0.99999942 	0.71443390 	0.99466381 	0.99773248 	0.99842577 	
0.99999957 	0.97821994 	0.99813586 	0.99999847 	0.59107765 	0.99932917 	0.99705954 	1.00000000 	0.99714356 	0.99506400 	0.99999938 	0.99999942 	0.71443390 	0.99466381 	0.99773248 	0.99842577 	
0.99999957 	0.97821994 	0.99813586 	0.99999847 	0.59107765 	0.99932841 	0.99705954 	1.00000000 	0.99714356 	0.99506400 	0.99999938 	0.99999942 	0.71443390 	0.99466381 	0.99773248 	0.99842577 	
0.99999957 	0.97821994 	0.99813586 	0.99999847 	0.59107765 	0.99932841 	0.99705954 	1.00000000 	0.99714356 	0.99506400 	0.99999938 	0.99999942 	0.71443390 	0.99466381 	0.99773248 	0.99842577 	
0.99999957 	0.97821994 	0.99813586 	0.99999847 	0.59107765 	0.99932841 	0.99705954 	1.00000000 	0.99714356 	0.99506400 	0.99999938 	0.99999942 	0.71443390 	0.99466381 	0.99773248 	0.99842577 	
0.99999957 	0.97821994 	0.99813586 	0.99999847 	0.59107765 	0.99932841 	0.99705954 	1.00000000 	0.99714356 	0.99506400 	0.99999938 	0.99999942 	0.71443390 	0.99466381 	0.99773248 	0.99842577 	
0.99999957 	0.97821994 	0.99813586 	0.99999847 	0.59107765 	0.99932841 	0.99705954 	1.00000000 	0.99714356 	0.99506400 	0.99999938 	0.99999942 	0.71443390 	0.99466381 	0.99773248 	0.99842577 	
0.99999957 	0.97821994 	0.99813586 	0.99999847 	0.59107765 	0.99932841 	0.99705954 	1.00000000 	0.99714356 	0.99506400 	0.99999938 	0.99999942 	0.71443390 	0.99466381 	0.99773248 	0.99842577 	
0.99999957 	0.97821994 	0.99813586 	0.99999847 	0.59107765 	0.99932841 	0.99705954 	1.00000000 	0.99714356 	0.99506400 	0.99999938 	0.99999942 	0.71443390 	0.99466381 	0.99773248 	0.99842577 	
0.99999957 	0.97821994 	0.99813586 	0.99999847 	0.59107765 	0.99932841 	0.99705954 	1.00000000 	0.99714356 	0.99506400 	0.99999938 	0.99999942 	0.71443390 	0.99466381 	0.99773248 	0.99842577 	
0.99999957 	0.97821994 	0.99813586 	0.99999847 	0.59107765 	0.99932841 	0.99705954 	1.00000000 	0.99714356 	0.99506400 	0.99999938 	0.99999942 	0.71443390 	0.99464713 	0.99773248 	0.99842577 	
0.99999957 	0.97821994 	0.99813586 	0.99999847 	0.59107765 	0.99932841 	0.99705954 	1.00000000 	0.99714356 	0.99506400 	0.99999938 	0.99999942 	0.71443390 	0.99464713 	0.99773248 	0.99842577 	
0.99999957 	0.97821994 	0.99813586 	0.99999847 	0.59107765 	0.99932841 	0.99705954 	1.00000000 	0.99714356 	0.99506400 	0.99999938 	0.99999942 	0.71443390 	0.99464713 	0.99773248 	0.99842577 	
0.99999957 	0.97821994 	0.99813586 	0.99999847 	0.59107765 	0.99932841 	0.99705954 	1.00000000 	0.99714356 	0.99506400 	0.99999938 	0.99999942 	0.71443390 	0.99464713 	0.99773248 	0.99842577 	
0.99999957 	0.97821994 	0.99813586 	0.99999847 	0.59107765 	0.99932841 	0.99705954 	1.00000000 	0.99714356 	0.99506400 	0.99999938 	0.99999942 	0.71443390 	0.99464713 	0.99773248 	0.99842577 	
0.99999957 	0.97821994 	0.99813586 	0.99999847 	0.59107765 	0.99932841 	0.99705954 	1.00000000 	0.99714356 	0.99506400 	0.99999938 	0.99999942 	0.71443390 	0.99464713 	0.99773248 	0.99842577 	
0.99999957 	0.97821994 	0.99813586 	0.99999847 	0.59107765 	0.99932841 	0.99705954 	1.00000000 	0.99714356 	0.99506400 	0.99999938 	0.99999942 	0.71443390 	0.99464713 	0.99773248 	0.99842577 	
0.99999957 	0.97821994 	0.99813586 	0.99999847 	0.59106479 	0.99932841 	0.99705954 	1.00000000 	0.99714356 	0.99506400 	0.99999938 	0.99999942 	0.71443390 	0.99464713 	0.99773248 	0.99842577 	
0.99999957 	0.97821994 	0.99813586 	0.99999847 	0.59106479 	0.99932839 	0.99705954 	1.00000000 	0.99714356 	0.99506400 	0.99999938 	0.99999942 	0.71443390 	0.99464713 	0.99773248 	0.99842577 	
0.99999957 	0.97821994 	0.99813586 	0.99999847 	0.59106479 	0.99932839 	0.99705954 	1.00000000 	0.99714356 	0.99506400 	0.99999938 	0.99999942 	0.71443390 	0.99464713 	0.99773248 	0.99842577 	
0.99999957 	0.97821994 	0.99813586 	0.99999847 	0.59106479 	0.99932839 	0.99705954 	1.00000000 	0.99714356 	0.99506400 	0.99999938 	0.99999942 	0.71443390 	0.99464713 	0.99773248 	0.99842577 	
0.99999957 	0.97821994 	0.99813586 	0.99999847 	0.59106479 	0.99932839 	0.99705954 	1.00000000 	0.99714356 	0.99506400 	0.99999938 	0.99999942 	0.71443390 	0.99464713 	0.99773248 	0.99842577 	
0.99999957 	0.97821994 	0.99813586 	0.99999847 	0.59106479 	0.99932839 	0.99705954 	1.00000000 	0.99714356 	0.99506400 	0.99999938 	0.99999942 	0.71443390 	0.99464713 	0.99773248 	0.99842577 	
0.99999957 	0.97821994 	0.99813586 	0.99999847 	0.59106479 	0.99932839 	0.99705954 	1.00000000 	0.99714356 	0.99506400 	0.99999938 	0.99999942 	0.71443390 	0.99464713 	0.99773248 	0.99842577 	
0.99999957 	0.97821994 	0.99813586 	0.99999847 	0.59106479 	0.99932839 	0.99705954 	1.00000000 	0.99714356 	0.99506400 	0.99999938 	0.99999942 	0.71443390 	0.99464713 	0.99773248 	0.99842577 	
0.99999957 	0.97821994 	0.99813586 	0.99999847 	0.59106479 	0.99932839 	0.99705954 	1.00000000 	0.99714356 	0.99506400 	0.99999938 	0.99999942 	0.71443390 	0.99464713 	0.99773248 	0.99842577 	
0.99999957 	0.97821994 	0.99813586 	0.99999847 	0.59106479 	0.99932839 	0.99705954 	1.00000000 	0.99714356 	0.99506400 	0.99999938 	0.99999942 	0.71443390 	0.99464713 	0.99773248 	0.99842577 	
0.99999957 	0.97821994 	0.99813586 	0.99999847 	0.59106479 	0.99932839 	0.99705954 	1.00000000 	0.99714356 	0.99506400 	0.99999938 	0.99999942 	0.71443390 	0.99464713 	0.99773248 	0.99842577 	
0.99999957 	0.97821994 	0.99813586 	0.99999847 	0.59106479 	0.99932839 	0.99705954 	1.00000000 	0.99714356 	0.99506400 	0.99999938 	0.99999942 	0.71443390 	0.99464713 	0.99773248 	0.99842577 	
