-1142314.43888383 
-992534.80214322 
-958770.75097148 
-854028.87737144 
-839997.54907123 
-781163.35511195 
-661033.51301047 
-557567.20525881 
-450857.85850617 
-444505.31290089 
-443934.78449992 
-443380.86262509 
-443130.76858695 
-366811.87837697 
-208984.01570975 
-195876.08599501 
-193806.19686115 
-191078.97922837 
-167047.09493918 
-167047.09493918 
-132070.63638894 
-132070.63638894 
-132070.63638894 
-132070.63638894 
-132070.63638894 
-125969.78865877 
-123830.53726026 
-123830.53726026 
-123062.64976365 
-123062.64976365 
-122457.04210306 
-122443.69169720 
-122443.69169720 
-121184.54139086 
-120906.01571615 
-118560.18598496 
-118436.69452182 
-118276.02746951 
-118276.02746951 
-118276.02746951 
-118276.02746951 
-118267.69040507 
-118120.85570940 
-118120.85570940 
-116520.50887691 
-116520.50887691 
-116520.50887691 
-116520.50887691 
-115964.94165407 
-115921.33285968 
-115734.11967827 
-115734.11967827 
-115734.11967827 
-115679.02917667 
-115426.62461011 
-115374.19541754 
-115343.32260920 
-114392.25576502 
-114175.34694517 
-114085.82707767 
-114085.82707767 
-114070.14888976 
-112580.29705573 
-112580.29705573 
-112382.93449649 
-112381.73072641 
-112016.24351298 
-112016.24351298 
-112014.10180572 
-112014.10180572 
-111821.68447201 
-111459.78391786 
-111459.78391786 
-111459.78391786 
-111379.65480091 
-111360.75447275 
-111240.79126217 
-111240.79126217 
-106845.42183715 
-106844.34530145 
-106844.34530145 
-106844.34530145 
-106812.16617877 
-106809.88338427 
-106809.88338427 
-106777.11631068 
-106547.74901018 
-106529.81611745 
-106526.41783422 
-106520.93535168 
-106472.13235180 
-106472.13235180 
-106461.66209650 
-106449.17334874 
-106449.17334874 
-106448.16489893 
-106403.94451108 
-106403.94451108 
-106395.94845479 
-106393.72079707 
-106393.72079707 
-106393.72079707 
-106032.61617757 
-106032.61617757 
-106032.30610373 
-106032.30610373 
-106032.30610373 
-105999.13066757 
-105991.69453364 
-105973.88484726 
-105973.88484726 
-105973.88484726 
-105973.88484726 
-105973.88484726 
-105971.48767025 
-105971.48767025 
-105971.47214343 
-105971.47214343 
-105968.86631471 
-105946.67873010 
-105946.66384291 
-105946.66384291 
-105946.66384291 
-105946.54521720 
-105940.98445989 
-105927.05678760 
-105580.91970856 
-105580.91970856 
-105566.50829992 
-105554.13351262 
-105554.02938964 
-105554.02291213 
-105554.01287011 
-105553.82014229 
-105540.00794331 
-105540.00794331 
-105539.99591434 
-105539.99591434 
-105539.64664675 
-105539.32892902 
-105518.30521886 
-105518.30521886 
-105135.02247646 
-105135.02247646 
-105131.27283068 
-105131.27283068 
-105131.27283068 
-105131.26126806 
-105130.34336681 
-105129.24837901 
-105128.75733905 
-105128.75733905 
-105128.75141190 
-105127.34493135 
-105127.34493135 
-105127.34493135 
-105127.34493135 
-105127.34493135 
-104904.82222704 
-104904.82222704 
-104904.82222704 
-104904.82222704 
-104904.82222704 
-104904.82222704 
-104904.82222704 
-104903.98596197 
-104903.97316064 
-104902.17500108 
-104902.17500108 
-104900.33831121 
-104900.33831121 
-104900.33831121 
-104899.90861693 
-104899.90861693 
-104890.46985148 
-104890.45620163 
-104890.45620163 
-104890.45620163 
-104890.45620163 
-104890.45620163 
-104889.38988924 
-104889.28377910 
-104889.28377910 
-104889.28377910 
-104889.28257143 
-104889.23441764 
-104888.98277291 
-104888.98277291 
-104888.89644713 
-104888.89644713 
-104888.89644713 
-104888.89644453 
-104881.97016045 
-104881.96201836 
-104881.96201836 
-104881.95923963 
-104881.95923963 
-104881.95671797 
-104881.95671797 
-104881.95671797 
-104881.95671797 
-104881.95671797 
-104881.94360215 
-104881.94291735 
-104881.85161313 
-104881.81310814 
-104881.35242283 
-104881.35242283 
-104880.81733707 
-104880.81733707 
-104880.81733707 
-104880.81733707 
-104880.81733707 
-104880.81733707 
-104880.81733707 
-104880.81733707 
-104880.81733707 
-104880.81733707 
-104880.81733707 
-104880.81733707 
-104880.81733707 
-104880.81733707 
-104880.63306683 
-104880.63306683 
-104878.22136771 
-104878.14387552 
-104878.14387552 
-104878.12277120 
-104878.09480444 
-104878.09457121 
-104878.09457121 
-104878.09457121 
-104878.09457121 
-104878.09457121 
-104877.96617803 
-104877.96617803 
-104877.42196942 
-104877.42196942 
-104877.27660946 
-104877.27660946 
-104877.27660946 
-104877.01145835 
-104877.01145835 
-104877.00830598 
-104877.00830598 
-104877.00383185 
-104877.00383185 
-104877.00383185 
-104877.00383185 
-104877.00383185 
-104877.00383185 
-104877.00383185 
-104876.98447531 
-104876.98447531 
-104876.84761767 
-104876.84761767 
-104875.75429314 
-104875.75429314 
-104875.75429314 
-104875.75429314 
-104875.75429314 
-104875.75429314 
-104875.75429314 
-104875.62842734 
-104875.62842734 
-104875.62766190 
-104875.62766190 
-104875.62766190 
-104875.62766190 
-104875.62766190 
-104875.61855802 
-104875.61782018 
-104875.61782018 
-104875.60467775 
-104875.59167731 
-104875.59167731 
-104875.58975604 
-104875.58975604 
-104875.58975604 
-104875.58975604 
-104875.58975604 
-104875.58975604 
-104875.58975604 
-104875.58975604 
-104875.58975604 
-104875.55008559 
-104875.49957094 
-104875.49957094 
-104874.99544872 
-104874.99544872 
-104874.99544872 
-104874.99248375 
-104874.99248375 
-104874.99248375 
-104874.99248375 
-104874.96925719 
-104874.96661031 
-104874.95579905 
-104874.95579905 
-104874.95579905 
-104874.77232212 
-104874.75017342 
-104874.75017342 
-104874.75017342 
-104874.75017342 
-104874.75017342 
-104874.75017342 
-104874.75006625 
-104874.75006625 
-104874.75006625 
-104874.75006625 
-104874.75006625 
-104874.75006625 
-104874.75006625 
-104874.72083889 
-104874.72083889 
-104874.72083889 
-104874.72083889 
-104874.72083889 
-104874.72083889 
-104874.72083889 
-104874.72083889 
-104874.72083889 
-104874.71256333 
-104874.71256333 
-104874.71242804 
-104874.71242804 
-104874.65081210 
-104874.65081210 
-104874.65081210 
-104874.65081210 
-104874.65081210 
-104874.65081210 
-104874.65081210 
-104874.65081210 
-104874.65081210 
-104874.65081210 
-104874.65081210 
-104874.65081210 
-104874.65081210 
-104874.65081210 
-104874.65081210 
-104874.65081210 
-104874.65081210 
-104874.65081210 
-104874.65081210 
-104874.65081210 
-104874.65081210 
-104874.65081210 
-104874.63933357 
-104874.63933357 
-104874.63933357 
-104874.60320007 
-104874.60320007 
-104874.60320007 
-104874.60320007 
-104874.60103656 
-104874.59800279 
-104874.59800279 
-104874.59800279 
-104874.59800279 
-104874.59800279 
-104874.59800279 
-104874.59800279 
-104874.59800279 
-104874.59800279 
-104874.59800279 
-104874.59800279 
-104874.59800279 
-104874.59800279 
-104874.59800279 
-104874.59800279 
-104874.59800279 
-104874.59800279 
-104874.59800279 
-104874.58207553 
-104874.58207553 
-104874.58207553 
-104874.58207553 
-104874.58207553 
-104874.58207553 
-104874.58207553 
-104874.58207553 
-104874.58207553 
-104874.58207553 
-104874.58207553 
-104874.50957217 
-104874.50957217 
-104874.50665617 
-104874.50665617 
-104874.50665617 
-104874.50665617 
-104874.50665617 
-104874.50665617 
-104874.50665617 
-104874.50665617 
-104874.50665617 
-104874.50665617 
-104874.50665617 
-104874.50665617 
