-1353810.17856791 
-1203082.53881436 
-1156509.07216925 
-1131203.12553096 
-1098679.95398248 
-881031.60338499 
-733808.19600212 
-730541.79107844 
-706944.22462631 
-510506.54050305 
-494339.51409911 
-420853.41503246 
-407767.16652007 
-306671.95469088 
-294358.65821635 
-294358.65821635 
-294358.65821635 
-292502.15404752 
-292502.15404752 
-292502.15404752 
-203217.94878215 
-203217.94878215 
-203217.94878215 
-197857.14264764 
-195994.37536350 
-185721.43730095 
-182500.67161894 
-182500.67161894 
-182277.64762578 
-176817.11459241 
-176799.29987966 
-175668.08795426 
-175433.88342976 
-175384.95061013 
-175182.93035011 
-172728.72306544 
-165363.82800184 
-165264.55336147 
-165232.53965571 
-146987.01385789 
-146987.01385789 
-146791.85058761 
-143720.13641687 
-142310.27684794 
-142310.27684794 
-140398.62355198 
-138999.70819888 
-138999.70819888 
-138993.08474513 
-138992.85684282 
-138992.85684282 
-138634.83832306 
-138634.83832306 
-138633.96819099 
-138633.96819099 
-137250.90516983 
-137129.51764219 
-117678.75126006 
-117654.60382860 
-117038.20821664 
-117015.22019665 
-115827.07697867 
-115817.10438453 
-115655.05494020 
-115655.05494020 
-115655.05494020 
-115652.96467080 
-115005.92493531 
-114997.49815991 
-114997.49815991 
-114917.33898053 
-114730.85255319 
-112731.87252324 
-112731.87252324 
-112668.24103293 
-112666.25988941 
-112666.25988941 
-112329.69667695 
-112275.17521562 
-112275.17521562 
-112274.16048336 
-112218.70838202 
-112214.32220574 
-112183.97796244 
-112180.89778465 
-112180.89778465 
-112097.96336338 
-112094.50587823 
-112094.50587823 
-111070.69781934 
-110984.53664625 
-110970.26277567 
-110969.27986294 
-110959.41516280 
-110953.35898867 
-110953.35898867 
-110953.35898867 
-110952.87707793 
-110929.09720922 
-110914.30223397 
-110912.14757736 
-110912.14757736 
-110908.25392454 
-110908.25392454 
-110652.23574504 
-110652.23574504 
-110539.33979780 
-110530.77016806 
-110524.50064943 
-110521.07212608 
-110520.43958703 
-110520.26107362 
-110520.18130250 
-110520.18130250 
-110480.20027840 
-110357.74097225 
-110357.74097225 
-110357.66541232 
-110356.57284846 
-110349.31463865 
-110336.56302828 
-110336.56302828 
-110297.78271486 
-110297.78271486 
-110297.40891708 
-110296.65980665 
-110296.65980665 
-110296.65980665 
-110296.65980665 
-110296.65980665 
-110254.74481197 
-110254.74481197 
-110254.74481197 
-110254.74481197 
-110253.50612049 
-110253.50612049 
-110251.97788117 
-110251.81894110 
-110111.17396818 
-110111.17396818 
-110111.17396818 
-110111.13689215 
-110111.13545906 
-110111.13528701 
-110111.13478515 
-110098.31262668 
-110098.31262668 
-110094.70656953 
-110094.70656953 
-110094.69789880 
-110094.69296820 
-110090.61890283 
-110089.98343465 
-110089.98343465 
-110089.98343465 
-110089.98343465 
-110089.55135436 
-110089.55135436 
-110089.52748473 
-110089.52743652 
-110089.52743652 
-110089.52743652 
-110042.79611555 
-110042.79611555 
-110042.79611555 
-110042.79608582 
-110042.79608582 
-110042.79608582 
-110042.79608582 
-110042.69288733 
-109998.36158338 
-109998.36158338 
-109998.36158338 
-109998.29167156 
-109997.84304759 
-109997.14344743 
-109997.14344743 
-109997.14344743 
-109995.19212171 
-109995.19212171 
-109995.19212171 
-109995.19212171 
-109995.13386833 
-109994.58878166 
-109994.58878166 
-109993.08069649 
-109993.08069649 
-109993.08069649 
-109993.08069649 
-109993.08069649 
-109993.08069649 
-109993.08002374 
-109993.08002374 
-109969.36622180 
-109966.49998658 
-109966.49998658 
-109966.49998658 
-109966.49998658 
-109966.49446032 
-109965.39289743 
-109965.38047929 
-109965.38047929 
-109955.97052601 
-109955.80101017 
-109955.44815977 
-109955.44815977 
-109955.43664939 
-109955.22649220 
-109955.22649220 
-109955.05069589 
-109954.74655113 
-109938.94420232 
-109936.77826942 
-109936.60854915 
-109936.60759740 
-109936.60759740 
-109936.60759740 
-109936.55420435 
-109936.50461606 
-109936.50461606 
-109936.42881603 
-109936.42881603 
-109936.42860664 
-109936.42860664 
-109936.42860664 
-109936.42860664 
-109936.42860664 
-109936.42860664 
-109936.42860664 
-109936.38474190 
-109936.38474190 
-109936.22337041 
-109936.22337041 
-109936.16374609 
-109930.33390956 
-109930.33390956 
-109930.24665760 
-109930.22826193 
-109930.22369206 
-109930.21880629 
-109930.21880629 
-109930.04550903 
-109930.04550903 
-109922.66850287 
-109922.66850287 
-109922.66850287 
-109922.66846154 
-109922.23766550 
-109922.23766550 
-109920.88664960 
-109920.88664960 
-109920.88664960 
-109920.87724550 
-109920.87724550 
-109920.87201310 
-109920.87201310 
-109920.87201310 
-109920.87201310 
-109920.87201310 
-109917.64035943 
-109917.61810575 
-109917.61810575 
-109917.61430446 
-109917.61430446 
-109917.61430446 
-109917.61430446 
-109917.55573194 
-109917.55573194 
-109917.55470101 
-109917.54513492 
-109917.54513492 
-109917.53830630 
-109917.53830630 
-109917.53398270 
-109917.51598448 
-109917.51598448 
-109917.51598448 
-109917.51598448 
-109917.51598448 
-109917.40664697 
-109917.40664697 
-109917.40425377 
-109917.17781480 
-109917.17781480 
-109917.17781480 
-109917.17781480 
-109917.17779779 
-109917.17779779 
-109917.17779779 
-109917.17779779 
-109917.17779779 
-109917.17779779 
-109917.17779779 
-109917.17746192 
-109917.17746192 
-109917.17187125 
-109917.17187125 
-109917.17187125 
-109917.17187125 
-109917.17187125 
-109917.16561884 
-109917.16561884 
-109917.16561884 
-109917.16020956 
-109917.16020956 
-109917.11012171 
-109917.11012171 
-109917.09104869 
-109917.05587603 
-109917.05587603 
-109917.05587603 
-109917.04610088 
-109917.04610088 
-109917.00391765 
-109917.00391765 
-109917.00391765 
-109917.00363408 
-109916.99681475 
-109916.99681475 
-109916.99681475 
-109916.99681475 
-109916.99681475 
-109916.99681475 
-109916.99681475 
-109916.99681475 
-109916.99681475 
-109916.99681475 
-109916.99681475 
-109916.99681475 
-109916.99647347 
-109916.99574735 
-109916.99574735 
-109916.99574735 
-109916.99574735 
-109916.99574735 
-109916.99491348 
-109916.99491348 
-109916.99491348 
-109916.99491348 
-109916.60167586 
-109916.59565621 
-109916.59465544 
-109916.59465544 
-109916.59465544 
-109916.59465544 
-109916.55584516 
-109916.55584516 
-109916.55584516 
-109916.55584061 
-109916.55580985 
-109916.55580985 
-109916.55580985 
-109916.55550104 
-109916.55550104 
-109916.55051992 
-109916.55051992 
-109916.55051992 
-109916.55051992 
-109916.55051992 
-109916.55051992 
-109916.55051992 
-109916.55051992 
-109916.55051992 
-109916.55051992 
-109916.55051992 
-109916.55051992 
-109916.55051992 
-109916.55023654 
-109916.55023654 
-109916.55023654 
-109916.54854970 
-109916.54854970 
-109916.54854970 
-109916.54848731 
-109916.54848731 
-109916.54848731 
-109916.54848731 
-109916.54848731 
-109916.54848731 
-109916.54848731 
-109916.54848731 
-109916.54805309 
-109916.54805309 
-109916.54805309 
-109916.54805309 
-109916.54805309 
-109916.54805309 
-109916.54805309 
-109916.54725789 
-109916.54725656 
-109916.54725656 
-109916.54725656 
-109916.54725656 
-109916.54725656 
-109916.54725656 
-109916.54725656 
-109916.54725656 
-109916.54725656 
-109916.54725656 
-109916.54725656 
