-1459889.75413975 
-1196248.07534458 
-1164124.24242253 
-1164124.24242253 
-1163032.65458433 
-954925.27936189 
-953617.02339486 
-914839.53800000 
-815558.19382389 
-718164.27505554 
-694883.95504189 
-685956.98146944 
-675488.15118546 
-653289.36153356 
-297629.23553844 
-291358.85630304 
-282803.09255567 
-282803.09255567 
-282803.09255567 
-282803.09255567 
-196545.25249539 
-196545.25249539 
-196545.25249539 
-196545.25249539 
-196545.25249539 
-196545.25249539 
-192000.13628644 
-191057.65937842 
-185631.80556459 
-185514.88551369 
-179024.95709554 
-174734.39394065 
-174734.39394065 
-174261.35879218 
-174261.35879218 
-174099.49438559 
-171194.81112361 
-168323.46048115 
-168249.75145225 
-168124.09761834 
-168124.09761834 
-168109.43827886 
-167970.68747481 
-167946.37026988 
-167946.37026988 
-167946.37026988 
-167780.93747131 
-167778.82853849 
-167778.82853849 
-165813.36266272 
-165145.04607880 
-165032.38647753 
-165031.42309590 
-165031.42309590 
-165031.42309590 
-165026.13634569 
-165023.17111676 
-164945.97557912 
-164945.97557912 
-164938.09526282 
-164938.09526282 
-164891.96776580 
-164379.03409234 
-164378.92536196 
-136451.34716413 
-136334.28731807 
-136028.01363276 
-136028.01363276 
-136023.46259460 
-134359.30987582 
-134344.06772189 
-134304.02504832 
-134232.13371712 
-134224.06119263 
-134210.06203940 
-134036.09041992 
-133319.96207215 
-133296.94756740 
-120054.30527979 
-120052.57006845 
-118580.93361009 
-117918.18502797 
-116394.27995470 
-116394.27995470 
-116342.24125495 
-116339.94632958 
-116302.73992566 
-116302.73992566 
-116302.73992566 
-116288.68665982 
-116248.57080784 
-116214.87535884 
-116204.27852284 
-116040.52547697 
-114585.17244557 
-114550.99383074 
-93142.44718605 
-92706.78992856 
-92706.78992856 
-92706.78992856 
-92567.75127122 
-92567.45427320 
-92545.76207052 
-92545.76207052 
-92407.67165535 
-92339.48614603 
-92332.55446828 
-92332.55446828 
-91960.54404642 
-91960.54404642 
-91564.41767630 
-91564.41767630 
-91564.41767630 
-91469.02352590 
-91469.02352590 
-91444.84790897 
-91444.84790897 
-91444.81910251 
-91438.03013075 
-91430.87258953 
-91377.24327285 
-91374.90279359 
-91373.41043076 
-91261.49059607 
-91261.49059607 
-91261.49059607 
-91260.65547559 
-91260.58834810 
-89929.97075844 
-89929.97075844 
-89927.34021847 
-89922.72960646 
-89918.18185845 
-89913.39394838 
-89909.91058785 
-89909.77625731 
-89909.77625731 
-89909.77625731 
-89909.77625731 
-89909.77625731 
-89888.85588367 
-89883.12243863 
-89854.83095736 
-89854.22251131 
-84325.65039238 
-84325.65039238 
-84325.63788299 
-84325.63788299 
-84317.96104336 
-84317.53126657 
-84314.47975026 
-84313.11803477 
-84308.05585138 
-84308.05585138 
-84308.05585138 
-84308.05585138 
-84193.88139131 
-84193.88139131 
-84193.88139131 
-84193.85973977 
-84193.85973977 
-84193.79778861 
-84193.79778861 
-84193.79778861 
-84193.52231116 
-84193.52231116 
-84193.49575445 
-84193.49575445 
-84189.63604696 
-84189.47241098 
-84189.47241098 
-84189.47241098 
-84178.56997419 
-84169.53709170 
-84169.53709170 
-84169.52434249 
-84169.52434249 
-84169.52434249 
-84169.28839774 
-84169.28839774 
-84168.52280006 
-84168.52280006 
-84168.46565365 
-84168.46565365 
-84168.46565365 
-84168.46565365 
-84168.17226182 
-84168.17226182 
-84168.17226182 
-84167.79255602 
-84158.95568142 
-84158.95568142 
-84140.79082932 
-84138.62141506 
-84137.84625038 
-84137.84625038 
-84137.79932230 
-84137.79932230 
-84137.77085952 
-84135.99561530 
-84135.99561530 
-84135.99561530 
-84135.99561530 
-84135.99561530 
-84129.38374194 
-84129.36424567 
-84129.36424567 
-84129.34219030 
-84129.34219030 
-84129.34219030 
-84129.34219030 
-84128.50090217 
-84128.50090217 
-84128.50090217 
-84128.50090217 
-84128.39687430 
-84127.45477505 
-84127.45477505 
-84127.45477505 
-84127.45477505 
-84127.45477505 
-84127.45477505 
-84122.34748155 
-84122.34748155 
-84122.34748155 
-84122.34748155 
-84122.34748155 
-84122.34748155 
-84122.34748155 
-84122.34748155 
-84122.33195286 
-84122.33195286 
-84122.33180984 
-84122.33180984 
-84122.24983981 
-84122.24983981 
-84122.24983981 
-84122.24983981 
-84122.24983981 
-84122.24983981 
-84117.09171814 
-84117.09171814 
-84117.09171814 
-84117.09171814 
-84117.09171814 
-84117.08642227 
-84117.08642227 
-84117.08642227 
-84117.08642227 
-84117.08642227 
-84117.08642227 
-84117.08642227 
-84117.08642227 
-84117.08642227 
-84117.06731501 
-84117.06731501 
-84117.06731501 
-84117.06731501 
-84116.97417961 
-84116.96223288 
-84116.81641842 
-84116.81641842 
-84116.81641842 
-84116.81641842 
-84116.81641842 
-84116.81641842 
-84116.77809085 
-84116.77809085 
-84116.77809085 
-84116.77809085 
-84116.77809085 
-84116.73087028 
-84116.73087028 
-84116.73087028 
-84116.73087028 
-84116.73087028 
-84116.73087028 
-84116.73087028 
-84116.73087028 
-84116.02980488 
-84116.02980488 
-84116.02980488 
-84116.02774961 
-84114.83265415 
-84114.83265415 
-84114.77591514 
-84114.76824835 
-84114.76824835 
-84114.76824835 
-84114.76824835 
-84114.76704617 
-84114.76704617 
-84114.76704617 
-84114.74866997 
-84114.74866997 
-84114.74866997 
-84114.74866997 
-84114.67448528 
-84114.66067544 
-84114.12554478 
-84114.12554478 
-84114.12554478 
-84114.12554478 
-84114.12554478 
-84111.36321131 
-84111.36321131 
-84111.18557973 
-84111.18557973 
-84111.18557973 
-84111.18557973 
-84111.18557973 
-84111.18557973 
-84111.18539733 
-84111.18539733 
-84111.18539733 
-84111.18539733 
-84111.18539733 
-84111.18539733 
-84111.17093196 
-84111.17093196 
-84111.17093196 
-84111.17093196 
-84111.16895975 
-84111.16895975 
-84111.16895975 
-84111.09506671 
-84111.09506671 
-84111.09506671 
-84111.09506671 
-84111.09506671 
-84111.09506671 
-84110.78848825 
-84110.78848825 
-84110.78848825 
-84110.77795763 
-84110.77795763 
-84110.77795763 
-84110.63356742 
-84110.63356742 
-84110.63356742 
-84110.63356742 
-84110.63356742 
-84110.63356742 
-84110.63356742 
-84110.63356742 
-84110.63356742 
-84110.63134358 
-84110.63134358 
-84110.63134358 
-84110.63134358 
-84110.62370401 
-84110.62370401 
-84110.41483856 
-84110.40947851 
-84110.40947851 
-84110.23166989 
-84109.97148243 
-84109.97148243 
-84109.97148243 
-84109.97148243 
-84109.97148243 
-84109.97148243 
-84109.97148243 
-84109.97148243 
-84109.97138075 
-84109.97138075 
-84109.97138075 
-84109.97138075 
-84109.97138075 
-84109.91528743 
-84109.91528743 
-84109.91528743 
-84109.91528743 
-84109.91528743 
-84109.91528743 
-84109.89921005 
-84109.89921005 
-84109.89921005 
-84109.89921005 
-84109.80815618 
-84109.80815618 
-84109.80815618 
-84109.80815618 
-84109.74514954 
-84109.74388930 
-84109.58425854 
-84109.58131945 
-84109.58131945 
-84109.58131945 
-84109.58131945 
-84109.58131945 
-84109.58131945 
-84109.58131945 
-84109.56361718 
-84109.53923173 
-84109.51974661 
-84109.21942523 
-84109.21942523 
-84109.21942523 
-84109.21942523 
