-1414917.68328472 
-1290896.39216636 
-1290896.39216636 
-1241994.93359104 
-1122655.76325524 
-1018954.22908857 
-882366.36775145 
-881023.45251909 
-846435.16866665 
-638855.99741538 
-635859.73949541 
-372140.38421924 
-344092.95553919 
-335059.16849760 
-307787.04825721 
-280511.54426210 
-280511.54426210 
-280511.54426210 
-278728.72365733 
-278728.72365733 
-226532.10322693 
-226532.10322693 
-222696.05562569 
-219355.34154030 
-219355.34154030 
-219355.34154030 
-211053.33309895 
-208393.76097685 
-208393.76097685 
-206998.06811809 
-205953.14881548 
-205687.85748875 
-205687.85748875 
-205256.57549532 
-205256.57549532 
-204878.91132918 
-204878.91132918 
-193624.98209218 
-183825.24582251 
-183499.66187769 
-183499.66187769 
-183438.86967854 
-183430.43442865 
-183120.30792886 
-183120.30792886 
-183018.50102368 
-172673.86330133 
-172508.57532449 
-172508.57532449 
-172268.13438671 
-172002.29125919 
-171882.63130524 
-171881.71710769 
-162167.20254116 
-162166.85371572 
-162159.19847977 
-162146.54342555 
-162146.54342555 
-162146.54342555 
-161715.20148872 
-161683.91095613 
-161664.19371675 
-161097.98973111 
-156069.99274635 
-155935.02410639 
-155935.02410639 
-155840.69542183 
-151306.30360324 
-151005.19224467 
-140987.06821560 
-140987.06821560 
-140987.06821560 
-140987.06821560 
-140985.31046388 
-140982.13085382 
-137853.86726622 
-137839.32031263 
-137839.32031263 
-131926.95065322 
-131660.82719223 
-131648.13683123 
-131648.13683123 
-131642.55666843 
-131496.46985851 
-131496.46985851 
-121963.05540322 
-121962.62340408 
-121962.62340408 
-121913.11470329 
-121868.64245982 
-121865.52477512 
-119875.39394253 
-119844.16978779 
-119843.14900988 
-116162.28955126 
-116084.46880475 
-116082.92549231 
-114385.25544768 
-114363.30952805 
-114358.52334029 
-113950.59698241 
-100158.65829760 
-100131.79636591 
-100129.11451694 
-100122.58905396 
-100117.45886579 
-100077.92829003 
-99976.73247374 
-99974.30216171 
-99972.11574053 
-99647.38692563 
-99647.38692563 
-99646.13960884 
-99542.84627894 
-99542.48236303 
-99535.89080132 
-99212.30455638 
-97352.21348876 
-97352.09971478 
-97352.05066619 
-97342.86804548 
-97342.86804548 
-97342.86804548 
-97191.06098864 
-97191.06098864 
-97191.00551375 
-96400.03091756 
-96377.48718088 
-96376.89878526 
-96376.89878526 
-96341.49463850 
-96340.18912912 
-96192.27604560 
-96180.33243856 
-96180.11638223 
-96180.00171057 
-96180.00171057 
-96180.00171057 
-96138.36317700 
-96138.36317700 
-96138.36317700 
-96136.31093042 
-96136.31093042 
-96127.22268710 
-96127.10404590 
-96127.10404590 
-96125.70265665 
-96125.70265665 
-96125.70265665 
-96043.68787814 
-96043.68787814 
-96043.68787814 
-96043.68787814 
-96043.68787814 
-96043.68787814 
-95095.88730089 
-95086.06943239 
-95086.06943239 
-95031.37952736 
-95031.37952736 
-95030.92569075 
-95030.92569075 
-95027.29606403 
-95027.29606403 
-95027.29606403 
-95014.06083896 
-95003.14678074 
-94994.90946414 
-94994.90946414 
-94994.72026105 
-94994.09773468 
-94994.09773468 
-94994.09773468 
-94994.09773468 
-94994.09773468 
-94991.08275796 
-94991.03308736 
-94980.96060185 
-94976.66083967 
-94976.66083967 
-94972.88312834 
-94972.28408915 
-94972.28408915 
-94965.60945980 
-94965.60945980 
-94965.28022365 
-94964.36823848 
-94964.36823848 
-94964.36823848 
-94961.52815803 
-94923.91873707 
-94923.91873707 
-94923.91873707 
-94922.37423259 
-94922.37423259 
-94922.37423259 
-94922.37423259 
-94922.37423259 
-94922.37423259 
-94921.40696063 
-94921.40696063 
-94921.40696063 
-94921.37806160 
-94921.05956435 
-94921.05956435 
-94921.05956435 
-94920.78307207 
-94920.43534027 
-94920.43534027 
-94906.53823195 
-94905.45164849 
-94905.45164849 
-94905.45164849 
-94905.42877358 
-94905.42859825 
-94905.42859825 
-94905.42859825 
-94905.42859825 
-94905.42063760 
-94905.42063760 
-94905.37308214 
-94905.37308214 
-94881.71681128 
-94881.35378787 
-94881.35269926 
-94879.30030861 
-94879.30030861 
-94879.30030861 
-94879.05811765 
-94879.05663379 
-94879.05663379 
-94879.05663379 
-94879.05663379 
-94879.05663379 
-94879.05525174 
-94878.54907967 
-94878.54907967 
-94878.09695598 
-94874.64037531 
-94874.64037531 
-94874.63635572 
-94874.63635572 
-94874.63635572 
-94874.61539371 
-94874.34810844 
-94874.34810844 
-94874.34810844 
-94874.23581273 
-94874.23581273 
-94874.23581273 
-94874.23581273 
-94857.40828708 
-94855.22654591 
-94855.01912074 
-94855.01912074 
-94854.62530735 
-94854.44473025 
-94854.36523441 
-94854.36523441 
-94854.36051667 
-94854.36051667 
-94854.36051667 
-94854.36051667 
-94854.18878106 
-94854.18878106 
-94854.18878106 
-94854.09133195 
-94852.81802234 
-94852.81802234 
-94852.81352275 
-94852.81352275 
-94852.81352275 
-94852.81352275 
-94852.57880687 
-94852.50258058 
-94852.50258058 
-94852.50258058 
-94852.50258058 
-94852.50176261 
-94852.42702446 
-94852.42702446 
-94852.42702446 
-94852.42492287 
-94851.83765224 
-94851.83765224 
-94847.17079039 
-94847.17079039 
-94846.89349008 
-94846.89349008 
-94846.89349008 
-94846.86914215 
-94846.86774139 
-94846.86774139 
-94846.86774139 
-94846.86774139 
-94846.73798925 
-94845.85592804 
-94845.85592804 
-94845.83971472 
-94845.83971472 
-94845.70822731 
-94845.65161073 
-94845.65161073 
-94845.65161073 
-94845.64997680 
-94845.57312963 
-94845.35870915 
-94845.35870915 
-94845.35870915 
-94845.35870915 
-94845.35870915 
-94845.34935618 
-94845.34935618 
-94845.34935618 
-94845.33594196 
-94845.33594196 
-94845.29147792 
-94845.29147792 
-94845.29147792 
-94845.29089287 
-94845.29089287 
-94845.29089287 
-94845.17554882 
-94845.17554882 
-94845.17554882 
-94845.17554882 
-94845.17554882 
-94845.17525843 
-94845.17525843 
-94845.17525843 
-94845.17308307 
-94845.17308307 
-94845.17308307 
-94843.69793105 
-94842.74298488 
-94842.73085756 
-94842.73085756 
-94842.73085756 
-94842.73085756 
-94842.73085756 
-94842.73085756 
-94842.73085756 
-94842.73085756 
-94842.73009769 
-94842.73009769 
-94842.73009769 
-94842.71643451 
-94842.71643451 
-94842.71643451 
-94842.71643451 
-94842.71643451 
-94842.71643451 
-94842.71643451 
-94842.71643451 
-94842.71643451 
-94842.71643451 
-94842.67420970 
-94842.67420970 
-94842.67420970 
-94842.67152727 
-94842.10691471 
-94842.10691471 
-94842.10691471 
-94842.10691471 
-94842.10691471 
-94841.67852693 
-94841.67852693 
-94841.67852693 
-94841.67807394 
-94841.67807394 
-94841.67807394 
-94841.67807394 
-94841.67807394 
-94841.67807394 
-94841.67807394 
-94841.67612304 
-94841.67612304 
-94841.67612304 
-94841.67612304 
-94841.67612304 
-94841.67612304 
-94841.67612304 
-94841.67612304 
-94841.67612304 
-94841.67612304 
-94841.67612304 
-94841.67612304 
-94841.67612304 
-94841.67612304 
-94841.67612304 
-94841.67612304 
-94841.67544077 
-94841.67544077 
-94841.67544077 
-94841.67202913 
-94841.67202913 
-94841.65988002 
-94841.65988002 
-94841.65988002 
-94841.65988002 
