-1449759.05470753 
-1363160.13133847 
-1314689.47538493 
-1294222.52908279 
-1293858.97749792 
-1289129.03699925 
-1258469.59051167 
-1138335.64434680 
-996260.88512102 
-902708.21578891 
-872976.01127150 
-868358.87676804 
-863452.50400754 
-697136.44013160 
-313998.88990319 
-221749.92114056 
-221749.92114056 
-213741.77864174 
-213649.97780577 
-213604.97366981 
-170429.72594650 
-170429.72594650 
-170429.72594650 
-170429.72594650 
-170429.72594650 
-170429.72594650 
-169571.21699676 
-169571.21699676 
-169485.53349324 
-168953.19796688 
-162608.92760284 
-162544.83955277 
-149460.60410430 
-149286.51151554 
-149286.51151554 
-147012.42500901 
-147012.42500901 
-147001.62930362 
-146707.57749230 
-143107.30916815 
-143107.30916815 
-136649.00424611 
-126322.01433166 
-123162.50690961 
-123162.50690961 
-121818.06539860 
-121691.55524953 
-121659.97852045 
-121659.97852045 
-121630.92366083 
-121630.92366083 
-121630.92366083 
-121630.92366083 
-121630.92366083 
-117962.36460476 
-112196.09128693 
-112196.09128693 
-112196.09128693 
-111687.33033146 
-111602.07695656 
-111590.66959986 
-111072.39013344 
-111072.39013344 
-111068.44787640 
-110664.67092854 
-110469.14902780 
-110465.91945763 
-110444.51516562 
-110444.51516562 
-110444.51516562 
-110132.60816733 
-103915.63597003 
-103899.30704474 
-103638.03325438 
-102766.23831482 
-102590.36510656 
-102518.43214999 
-102390.97145080 
-102371.23789017 
-102371.23789017 
-101522.55135827 
-101313.52055557 
-101310.83693982 
-101310.83693982 
-101301.44381560 
-101301.44381560 
-101301.44381560 
-98568.21405589 
-98568.21405589 
-98568.21405589 
-98568.21405589 
-98534.21076885 
-98502.17457465 
-98433.38882090 
-98433.38882090 
-98433.38882090 
-98365.77765276 
-98297.52333776 
-98297.52333776 
-98296.75559237 
-98296.75559237 
-98296.75559237 
-98256.55958487 
-97266.17857976 
-97266.17857976 
-97259.14504642 
-96813.35091843 
-96813.35091843 
-96813.35091843 
-96709.43529154 
-96709.21161027 
-96709.16188724 
-96453.79667779 
-96418.22429938 
-96418.22429938 
-96412.91930621 
-96404.76153026 
-96404.76153026 
-96393.42568922 
-96355.66247086 
-96355.66247086 
-96355.66247086 
-96126.62242294 
-96124.21887829 
-96124.21887829 
-96124.21887829 
-96124.21887829 
-96124.02741683 
-96124.02741683 
-96118.34856464 
-96118.34856464 
-96118.34758434 
-96118.34758434 
-96118.34758434 
-96118.34758434 
-96117.39280377 
-96117.39280377 
-96117.39280377 
-95583.75985519 
-95575.86424140 
-95573.67664656 
-95567.65443422 
-95567.57389860 
-95567.52834906 
-95567.28535000 
-95567.28535000 
-95567.28535000 
-95564.56236418 
-95564.56236418 
-95563.21253264 
-95563.21253264 
-95563.21253264 
-95563.19876270 
-95563.19876270 
-95526.52319568 
-95521.72447847 
-95521.72447847 
-95521.72447847 
-95521.62199998 
-95521.62199998 
-95521.61901530 
-95521.54588813 
-95521.26849369 
-95521.26849369 
-95514.36117635 
-95511.82227023 
-95511.82227023 
-95511.82227023 
-95511.77321310 
-95511.77321310 
-95410.00385867 
-95410.00385867 
-95410.00385867 
-95408.05740243 
-95408.05740243 
-95408.05740243 
-95408.00313384 
-95408.00313384 
-95407.99683957 
-95407.99683957 
-95407.99683957 
-95400.01432257 
-95400.01432257 
-95396.79995104 
-95396.75627045 
-95396.75627045 
-95396.75627045 
-95396.74848370 
-95396.71154473 
-95390.08947474 
-95390.08131910 
-95390.08131910 
-95390.06745201 
-95390.06745201 
-95390.06745201 
-95389.17180256 
-95389.17180256 
-95389.17180256 
-95388.06476720 
-95388.06476720 
-95388.04535023 
-95388.04535023 
-95388.04535023 
-95382.19404519 
-95382.19404519 
-95382.19404519 
-95382.17438819 
-95382.17438819 
-95382.12689350 
-95382.12689350 
-95382.07799454 
-95382.07799454 
-95381.71807794 
-95381.28005688 
-95379.84187746 
-95379.84187746 
-95379.84187746 
-95379.80428651 
-95379.80428651 
-95379.70488685 
-95379.70488685 
-95379.70488685 
-95379.70488685 
-95379.70488685 
-95379.61817921 
-95379.61817921 
-95379.60903490 
-95379.59433952 
-95379.59433952 
-95379.59433952 
-95379.59433952 
-95379.59433952 
-95379.59433952 
-95379.59433952 
-95376.67490558 
-95374.98754071 
-95374.98693855 
-95374.98693855 
-95374.98693855 
-95374.98693855 
-95374.98459430 
-95374.98205653 
-95374.98205653 
-95374.85035837 
-95374.85035837 
-95374.85035837 
-95374.85035837 
-95374.85035837 
-95374.85035837 
-95374.79298034 
-95374.79298034 
-95374.72951144 
-95374.72951144 
-95374.72951144 
-95374.72951144 
-95374.72858252 
-95374.72858252 
-95374.72622705 
-95374.69178736 
-95374.69178736 
-95374.69178736 
-95374.69178736 
-95374.69178736 
-95374.69178736 
-95374.65140628 
-95374.65140628 
-95374.65140628 
-95373.19282748 
-95373.19282748 
-95373.19282748 
-95373.19282748 
-95373.19187333 
-95373.18533764 
-95373.18242553 
-95373.18242553 
-95373.17603747 
-95373.17603747 
-95373.11774399 
-95373.11774399 
-95373.11774399 
-95373.11774399 
-95373.11774399 
-95373.11774399 
-95373.01545477 
-95373.01545477 
-95373.01545477 
-95373.01545477 
-95373.01319030 
-95372.99495241 
-95372.99057246 
-95372.94449210 
-95372.94146106 
-95372.93366977 
-95372.93366977 
-95372.93366977 
-95372.93366977 
-95372.93366977 
-95372.83702900 
-95372.83702900 
-95372.83702900 
-95372.83702900 
-95372.83702900 
-95372.83702900 
-95372.83283830 
-95372.83283830 
-95372.83283830 
-95372.83283830 
-95372.83283830 
-95372.74310947 
-95372.74310947 
-95372.74310947 
-95372.70835963 
-95372.70835963 
-95372.70835963 
-95372.70835963 
-95372.53495922 
-95372.53495922 
-95372.53495922 
-95372.53495922 
-95372.53495922 
-95372.53495922 
-95372.53495922 
-95372.53495922 
-95372.53495922 
-95372.53495922 
-95372.53495922 
-95372.53495922 
-95372.53495922 
-95372.53495922 
-95372.45525406 
-95372.45285075 
-95372.45285075 
-95372.45285075 
-95372.45285075 
-95372.45285075 
-95372.45285075 
-95372.45269875 
-95372.45269875 
-95372.45269875 
-95372.45269875 
-95372.45269875 
-95372.45170007 
-95372.45170007 
-95372.43672167 
-95372.43672167 
-95372.23511385 
-95372.23511385 
-95372.23511385 
-95372.23511385 
-95370.84254537 
-95370.84254537 
-95370.84254537 
-95370.84254537 
-95370.84254537 
-95370.84254537 
-95370.84254537 
-95370.84254537 
-95370.84254537 
-95370.84254537 
-95370.84254537 
-95370.83867374 
-95370.83867374 
-95370.83867374 
-95370.83867374 
-95370.83867374 
-95370.30911949 
-95370.30911949 
-95370.30911949 
-95370.30911949 
-95370.30911949 
-95370.30911949 
-95370.30911949 
-95370.30868936 
-95370.30864200 
-95370.30864200 
-95370.30864200 
-95370.30864200 
-95370.29543239 
-95370.29543239 
-95370.29543239 
-95370.29543239 
-95370.29543239 
-95370.29543239 
-95370.29543239 
-95370.29543239 
-95370.29543239 
-95370.29543239 
-95370.29543239 
-95370.29543239 
-95370.29543239 
-95370.29543239 
-95370.29543239 
-95370.29543239 
-95370.15358510 
-95370.14943459 
-95370.14943459 
-95370.14943459 
-95370.10213706 
-95370.10213706 
-95370.10213706 
