-1365580.35940934 
-1335632.12799453 
-1278642.90377337 
-1223906.56517020 
-1191515.31949200 
-1169653.46022590 
-1154885.03871509 
-1099564.50098168 
-1092466.76001962 
-1015353.25556553 
-1000392.32120350 
-959213.82378014 
-932944.56984458 
-822095.80398641 
-796208.71979126 
-779834.07308666 
-757797.07332613 
-757768.82125002 
-729589.83636572 
-709008.41083167 
-708993.72853663 
-708957.67340551 
-703029.50030029 
-679299.62998292 
-632901.54152986 
-605766.66542026 
-571015.03673620 
-571015.03673620 
-550912.77166651 
-549802.42849715 
-543709.30734004 
-483440.15723112 
-327301.11340100 
-327301.11340100 
-218033.92740902 
-197534.27793658 
-194121.89325350 
-193440.15532326 
-193440.15532326 
-193440.15532326 
-192901.25061740 
-189666.51024439 
-189574.58202852 
-189574.58202852 
-189574.58202852 
-189574.58202852 
-182258.99615429 
-181315.53983257 
-181315.53983257 
-180083.22234899 
-177810.50499374 
-176921.95911592 
-176921.95911592 
-174499.71054240 
-167397.93283322 
-167286.54527238 
-164093.00508033 
-163962.20518811 
-163959.75901476 
-163959.75901476 
-163959.75901476 
-163959.75901476 
-163748.23807972 
-163748.23807972 
-163558.47547369 
-163550.32364631 
-163550.32364631 
-163550.32364631 
-163550.32364631 
-163550.32364631 
-161996.12535076 
-161519.26721417 
-161519.26721417 
-159814.18863562 
-152629.34457502 
-152629.34457502 
-151508.46825478 
-151039.41162941 
-150957.90683009 
-150031.81870343 
-150031.81870343 
-150031.81870343 
-149952.95619430 
-149952.95619430 
-149659.43897227 
-147974.03618343 
-146027.82028265 
-146027.82028265 
-141363.36064023 
-141363.36064023 
-141363.36064023 
-141333.37823956 
-140716.26863520 
-140682.07218135 
-140678.74586021 
-139430.63202997 
-139181.18161962 
-139181.18161962 
-139135.32625769 
-139135.32625769 
-139133.29161479 
-139125.28037011 
-139125.28037011 
-139068.62127487 
-138430.44196545 
-138430.44196545 
-138430.44196545 
-137961.02162484 
-137958.67697930 
-137758.37311902 
-137758.37311902 
-133947.81473149 
-133946.17737759 
-128731.58286331 
-128051.52306320 
-128051.52306320 
-127990.08449482 
-127981.91271134 
-127697.04039141 
-127697.04039141 
-127445.62861673 
-127445.62861673 
-127438.16960878 
-127384.34645815 
-121068.66274748 
-121053.72101150 
-120967.14909483 
-120848.67844931 
-120848.63741606 
-120833.52093752 
-120833.12588196 
-120633.58217173 
-120141.25471307 
-119735.89231060 
-119630.69750565 
-118557.33587629 
-118556.57208245 
-118548.10004856 
-118548.10004856 
-118193.76162608 
-118193.76162608 
-118034.49112683 
-117943.70763108 
-117662.65902454 
-117660.22183122 
-117656.87515434 
-114872.35945397 
-111072.76750622 
-111072.76750622 
-111072.76750622 
-111072.76750622 
-110625.97187451 
-110610.32562322 
-109641.81269767 
-109641.81269767 
-109598.06486235 
-109598.06486235 
-108940.56020417 
-108921.42150504 
-108921.42150504 
-107277.17295315 
-107276.25703700 
-106968.91726085 
-106968.42830950 
-106772.09540944 
-106772.09540944 
-106753.37289545 
-106684.99408852 
-106669.55195732 
-106491.17048666 
-106137.09486868 
-105234.32464663 
-105225.47844930 
-105225.47844930 
-105225.47844930 
-105212.78837611 
-105210.22345991 
-105210.22345991 
-105179.20703197 
-105178.78115812 
-105178.78115812 
-105178.78115812 
-104330.23583327 
-104330.23583327 
-104330.23565117 
-99817.39207840 
-99817.39207840 
-99817.39207840 
-99811.62648177 
-99803.78184424 
-95736.32827855 
-95732.42540913 
-95732.42540913 
-95435.48238037 
-95435.48238037 
-95367.82884817 
-93862.54168540 
-93862.54168540 
-93862.54168540 
-93841.57354154 
-93691.09986170 
-93650.90049030 
-93650.88183235 
-93627.51890227 
-93627.51890227 
-93108.33485715 
-93068.83328294 
-92374.37972416 
-92374.37972416 
-92374.07224101 
-92371.10363757 
-92364.10568479 
-92364.10568479 
-92351.35315975 
-92294.40266580 
-92292.90729964 
-92284.28479125 
-92283.72962903 
-90451.89616171 
-90281.46229101 
-90281.46229101 
-87918.71781540 
-87893.26363453 
-87893.26363453 
-87885.22230977 
-87879.10676153 
-87850.37791275 
-87850.25823891 
-87850.25823891 
-86243.87658101 
-86231.68734855 
-86231.68734855 
-85247.24548869 
-85241.22114190 
-85235.17649474 
-85235.17649474 
-85103.99179966 
-85103.99179966 
-85102.24804480 
-85102.04242633 
-85100.91829115 
-85100.91829115 
-85100.91829115 
-85070.86915634 
-85069.88116168 
-85069.88116168 
-85069.61098819 
-85069.59445682 
-85069.08448621 
-85069.05533056 
-85065.78168879 
-85065.50682240 
-85045.13372311 
-85043.37231354 
-85040.46727553 
-85040.46727553 
-85040.46727553 
-84122.36221376 
-84121.67927912 
-84114.42007936 
-84114.41372560 
-84108.65540123 
-84082.73572499 
-84082.73572499 
-84062.95273863 
-83816.08637661 
-83816.08637661 
-83731.63757432 
-83657.32983312 
-83656.91882942 
-83656.91882942 
-83637.99992720 
-83629.10600834 
-83629.10600834 
-83626.37631445 
-83626.02094102 
-83624.61085829 
-83624.61085829 
-83624.61085829 
-83593.77979791 
-83592.68391134 
-83592.68391134 
-83592.68391134 
-83592.26555839 
-83591.07364996 
-83591.07165048 
-83589.50883683 
-83589.50883683 
-83587.06953788 
-83586.91970604 
-83585.48642326 
-83585.48642326 
-83581.21974583 
-83460.48465312 
-83460.48418396 
-83460.19705444 
-83460.19705444 
-83460.19705444 
-83452.35696671 
-83451.31894183 
-83451.31894183 
-83227.65558211 
-83227.65207754 
-83224.55653538 
-83169.67213544 
-83166.74650205 
-83166.19342269 
-83166.19342269 
-83165.28057170 
-83165.19989750 
-83165.19989750 
-83165.19440795 
-83165.19440795 
-82912.13044609 
-82912.13044609 
-82875.15634888 
-82874.99578565 
-82874.99578565 
-82874.99578565 
-82866.47491521 
-82866.39087647 
-82866.39087647 
-82866.26016691 
-82866.22441682 
-82866.22441682 
-82866.22441682 
-82866.22441682 
-82866.22441682 
-82866.16300953 
-82861.56288679 
-82858.82968053 
-82857.46999658 
-82857.46999658 
-82856.19443077 
-82814.84578360 
-82814.59827733 
-82811.29233697 
-82777.97306433 
-82777.97306433 
-82776.75691572 
-82776.75691572 
-82776.75691572 
-82776.75691572 
-82769.91677335 
-82767.20758743 
-82767.16620766 
-82767.16620766 
-82767.02123502 
-82766.23133625 
-82471.35009608 
-82471.29621516 
-82469.96297443 
-82469.74346373 
-82469.74346373 
-82469.74095374 
-82460.04993870 
-82460.03918630 
-82460.03918630 
-82460.03211843 
-82455.55515053 
-82455.55515053 
-82455.55515053 
-82455.07580924 
-82455.07580924 
-82454.99336164 
-82438.26089481 
-82437.08118659 
-82437.08118659 
-82437.06246887 
-82437.03320825 
-82429.94979362 
-82429.94979362 
-82429.94979362 
-82420.82901345 
-82420.82901345 
-82420.59424406 
-82420.59424406 
-82420.57087720 
-82420.41594169 
-82420.41594169 
-82420.41594169 
-82420.20265980 
-82420.20265980 
-82420.20265980 
-82420.18936493 
-82277.17650388 
-82277.17650388 
-82276.21605409 
-82276.21605409 
-82275.99282829 
-82275.99282829 
-82242.33460936 
-82242.33460936 
-82242.20824349 
-82242.18869982 
-82241.11883543 
-82240.33186897 
-82240.33186897 
-82240.33186897 
-82240.33186897 
-82240.33186897 
-82178.64654087 
-82177.56391573 
-82177.56391573 
-82177.56360237 
-82177.56360237 
-82177.56360237 
-82177.56360237 
-82177.56360237 
-82177.56360237 
-82177.48654341 
-82177.48654341 
-82177.48654341 
-82177.48654341 
-82177.48654341 
-82177.48654341 
-82177.22080445 
-82177.22080445 
-82177.22080445 
-82177.20054103 
-82173.71620791 
-82173.71620791 
-82173.55886490 
-82169.21500943 
-82169.21500943 
-82169.16432212 
-82169.16432212 
-82169.16432212 
-82169.16432212 
-82169.16432212 
-82169.16432212 
-82169.03876400 
-82169.03876400 
-82169.03876400 
-82169.03876400 
-82169.01282987 
-82169.01282987 
-82167.71722525 
-82167.66241475 
-82165.51576402 
-82165.51576402 
-82165.47159589 
-82164.92156402 
-82164.70516804 
-82164.70516804 
-82164.70516804 
-82164.70516804 
-82164.42035515 
-82164.42035515 
-82164.42035515 
-82164.42035515 
-82164.42035515 
-82164.35304684 
-82164.35304684 
-82164.29550547 
-82164.29520654 
-82164.27132129 
-82164.27132129 
-82164.27132129 
-82162.53078420 
-82162.53078420 
-82162.53078420 
-82162.53078420 
-82161.93786432 
-82161.93421468 
-82161.93421468 
-82161.92038690 
-82161.92038690 
-82161.83443906 
-82161.80292906 
-82161.80292906 
-82161.80292906 
-82161.80292906 
-82161.80292906 
-82161.17492391 
-82161.17492391 
-82161.17492391 
-82161.17492391 
-82161.17297170 
-82161.17297170 
-82161.17297170 
-82160.85771692 
-82160.85771692 
-82160.85771692 
-82160.85771692 
-82160.85771692 
-82160.85771692 
-82160.85771692 
-82160.85771692 
-82160.85771692 
-82160.85771692 
-82160.79145593 
-82160.11476413 
-82146.54692886 
-82146.54692886 
-82145.73583957 
-82145.73583957 
-82145.73583957 
-82145.73583957 
-82145.73583957 
-82145.73583957 
-82145.73583957 
-82145.73583957 
-82145.73583957 
-82145.73583957 
-82145.62543252 
-82145.62543252 
-82145.62543252 
-82145.50080236 
-82138.59209322 
-82138.57459644 
-82138.48410630 
-82138.48380230 
-82138.48040017 
-82138.48040017 
-82138.47942186 
-82138.47942186 
-82138.47942186 
-82138.47942186 
-82138.47942186 
-82138.47089818 
-82138.47089818 
-82138.47089818 
-82135.31786789 
-82135.31786789 
-82135.31786789 
-82135.31756771 
-82135.31756771 
-82135.31756771 
-82135.31756771 
-82135.31756771 
-82135.31756771 
-82135.31756771 
-82135.31756771 
-82135.31756771 
-82135.31756771 
-82135.31756771 
-82135.31756771 
-82135.31756771 
-82135.30669312 
-82135.30669312 
-82135.30669312 
-82135.10714234 
-82135.10714234 
-82135.10714234 
-82135.10714234 
-82135.08341440 
-82135.08341440 
-82135.08341440 
-82135.08278182 
-82135.08278182 
-82135.04722121 
-82135.04722121 
-82135.04722121 
-82135.04722121 
-82135.04722121 
-82135.04722121 
-82135.04722121 
-82135.04722121 
-82135.04722121 
-82135.04722121 
-82135.04395323 
-82135.04395323 
-82135.04376146 
-82135.04376146 
-82135.04376146 
-82135.04376146 
-82135.04376146 
-82135.04376146 
-82135.04376146 
-82135.04331936 
-82135.03365033 
-82135.03365033 
-82135.03365033 
-82135.03365033 
-82135.03365033 
-82135.03365033 
-82135.03365033 
-82135.03365033 
-82135.03365033 
-82135.03365033 
-82134.61677395 
-82134.61204403 
-82134.61204403 
-82134.61204403 
-82134.61198580 
-82134.61198580 
-82134.61198580 
-82134.61198580 
-82133.26894106 
-82133.26894106 
-82133.26894106 
-82133.26894106 
-82133.26894106 
-82133.26894106 
-82131.01136750 
-82131.01136750 
-82131.01136750 
-82131.01009040 
-82131.01008578 
-82131.01008578 
-82131.01008578 
-82131.01008578 
-82131.01008578 
-82131.01008578 
-82130.94436595 
-82130.94436595 
-82130.94436595 
-82130.94436595 
-82130.94436595 
-82130.94421987 
-82130.94421987 
-82130.93383736 
-82130.23557777 
-82130.23557777 
-82130.23557777 
-82130.23557777 
-82129.71742993 
-82129.71742993 
-82129.71110195 
-82129.71110195 
-82129.71110195 
-82129.71110195 
-82129.71110195 
-82129.70535660 
-82129.70535660 
-82129.70535660 
-82129.70535660 
-82129.70535660 
-82129.70535660 
-82129.70535660 
-82129.70535660 
-82129.70535660 
-82129.70535660 
-82129.70535660 
-82129.70535660 
-82129.70535660 
-82129.64418645 
-82129.64418645 
-82129.64418645 
-82129.64418645 
-82129.64418645 
-82129.64418645 
-82129.64418645 
-82129.64418645 
-82129.64418645 
-82129.64418645 
-82129.64418645 
-82129.64418645 
-82129.64418645 
-82129.64418645 
-82129.64418645 
-82129.64418645 
-82129.64418645 
-82129.64418645 
-82129.63921280 
-82129.63565276 
-82129.63565276 
-82129.63565276 
-82129.63565276 
-82129.63565276 
-82129.63517764 
-82129.63517764 
-82129.63517764 
-82129.63517764 
-82129.63517764 
-82129.63517764 
-82129.63517764 
-82129.63517764 
-82129.63517764 
-82129.63517764 
-82129.63517764 
-82129.63517764 
-82129.61793422 
-82129.61793422 
-82129.61793422 
-82129.61793422 
-82129.61385008 
-82129.61385008 
-82129.61208123 
-82129.61208123 
-82129.61208123 
-82129.61208123 
-82129.61208123 
-82129.61208123 
-82129.52637299 
-82129.42966400 
-82129.05311331 
-82129.05311331 
-82128.62702557 
-82128.62702557 
-82128.62702557 
-82128.62702557 
-82128.62702557 
-82128.62702557 
-82128.62702557 
-82128.62702557 
-82128.30285697 
-82128.30285697 
-82128.30050432 
-82128.30050432 
-82128.30050432 
-82128.30050432 
-82128.30050432 
-82128.15592419 
-82128.15592419 
-82128.15592419 
-82128.15592419 
-82128.15592419 
-82128.15592419 
-82128.15592419 
-82128.15592419 
-82128.15500902 
-82128.15500902 
-82128.15500902 
-82128.15500902 
-82128.15491666 
-82128.15491666 
-82128.15491666 
-82128.15491666 
-82128.15288939 
-82128.15288939 
-82128.15288939 
-82128.07007893 
-82128.07007893 
-82128.07007893 
-82128.07007893 
-82128.07007893 
-82128.07007893 
-82128.07007893 
-82128.07007893 
-82128.07007893 
-82128.07007893 
-82127.97630911 
-82127.97630911 
-82127.97630911 
-82127.97630911 
-82127.97591782 
-82127.97591782 
-82127.97376576 
-82127.96042186 
-82127.96042186 
-82127.96042186 
-82127.96042186 
-82127.96042186 
-82127.93422667 
-82127.93422667 
-82127.93422667 
-82127.93422667 
-82127.93422667 
-82127.93422667 
-82127.93422667 
-82127.93422667 
-82127.93422667 
-82127.93422667 
-82127.93422667 
-82127.76994004 
-82127.76994004 
-82127.76994004 
-82127.76794062 
-82127.76794062 
-82127.39261050 
-82127.39261050 
-82127.39261050 
-82127.39021534 
-82127.39021534 
-82127.35740393 
-82127.35740393 
-82127.35083345 
-82127.11103363 
-82127.10568264 
-82127.10568264 
-82127.10568264 
-82127.10568264 
-82127.10568264 
-82127.10568264 
-82127.10568264 
-82127.10568264 
-82127.10568264 
-82127.10568264 
-82127.10568264 
-82127.10526125 
-82127.10526125 
-82127.10526125 
-82127.09222158 
-82127.09222158 
-82127.09222158 
-82127.09222158 
-82127.09222158 
-82127.09222158 
-82127.09222158 
-82127.09222158 
-82127.09222158 
-82127.09222158 
-82127.09222158 
-82127.06033726 
-82127.06033726 
-82127.05757055 
-82127.05757055 
-82127.05757055 
-82127.05757055 
-82127.05757055 
-82127.05757055 
-82127.05757055 
-82127.05757055 
-82127.05757055 
-82127.05757055 
-82127.05757055 
-82127.04973022 
-82127.04859458 
-82127.04859458 
-82127.04859458 
-82126.96477563 
-82126.96477563 
-82126.96477563 
-82126.96477563 
-82126.96477563 
-82126.96135193 
-82126.96135193 
-82126.82107501 
-82126.82107501 
-82126.82107501 
-82126.82107501 
-82126.82107501 
-82126.82107501 
-82126.82107501 
-82126.82107501 
-82126.82107501 
-82126.82107501 
-82126.82107501 
-82126.82107501 
-82126.82107501 
-82126.82107501 
-82126.82107501 
-82126.82107501 
-82126.82107501 
-82126.81911561 
-82126.81911561 
-82126.81911561 
-82126.81911561 
-82126.81911561 
-82126.81726411 
-82126.81726411 
-82126.81726411 
-82126.81726411 
-82126.81726411 
-82126.81726411 
-82126.81726411 
-82126.81726411 
-82126.81726411 
-82126.81726411 
-82126.81726411 
-82126.78551979 
-82126.78368443 
-82126.78368443 
-82126.78368443 
-82126.78368443 
-82126.78368443 
-82126.78368443 
-82126.78368443 
-82126.78367936 
-82126.78367936 
-82126.78367936 
-82126.78367936 
-82126.78367936 
-82126.78367936 
-82126.78367936 
-82126.78367936 
-82126.78367936 
-82126.78367936 
-82126.78367936 
-82126.78367936 
-82126.78367936 
-82126.78367936 
-82126.78367936 
-82126.78367936 
-82126.78367936 
-82126.78367936 
-82126.78367936 
-82126.78367936 
-82126.78367936 
-82126.78367936 
-82126.78367936 
-82126.78367936 
-82126.78367663 
-82126.78367663 
-82126.78367663 
-82126.78367663 
-82126.74579876 
-82126.74579876 
-82126.74579876 
-82126.74579876 
-82126.74579876 
-82126.74579876 
-82126.74579876 
-82126.74442270 
-82126.74442270 
-82126.74442270 
-82126.74442270 
-82126.74442270 
