-1420693.39585064 
-1420693.39585064 
-1408196.49632411 
-1343977.35057533 
-1324896.24795815 
-1316770.66191266 
-1308413.17147123 
-1306108.51117506 
-1240404.24643292 
-1165746.41561180 
-1113517.41226490 
-1036527.61046551 
-1028227.82913542 
-1027540.85888429 
-986811.20645187 
-975781.73996323 
-968048.25477182 
-922760.48054741 
-850150.12253585 
-844917.98176177 
-844790.79569136 
-801719.88848229 
-791991.15538469 
-754309.35710676 
-743107.94027559 
-741773.20138527 
-740530.91687521 
-726700.99236287 
-723467.57904970 
-577575.63855253 
-576109.69221892 
-566228.70611668 
-506681.48532223 
-382584.00087910 
-303021.91681259 
-243359.93462393 
-241186.60609554 
-240891.21078407 
-240891.21078407 
-239251.17519908 
-235973.67071301 
-231362.63356496 
-231136.95625942 
-231136.95625942 
-231136.95625942 
-231136.95625942 
-231136.95625942 
-229885.45710005 
-229885.45710005 
-229885.45710005 
-229885.45710005 
-229885.45710005 
-229660.24794010 
-227609.17393707 
-227609.17393707 
-225506.07270870 
-222897.48318778 
-222897.48318778 
-222897.48318778 
-222870.69926483 
-222870.69926483 
-222103.17341230 
-222103.17341230 
-221802.77334222 
-221630.61838072 
-220934.02053797 
-212392.18653120 
-212392.18653120 
-211693.11059696 
-211693.11059696 
-207387.44954652 
-206846.83234610 
-206700.72107245 
-205966.69646028 
-193830.37751933 
-189352.50513955 
-183204.40946702 
-183204.40946702 
-183195.98140123 
-181610.11720360 
-178336.41233927 
-178118.96527179 
-177763.06275106 
-176052.01770357 
-175751.51002308 
-175751.51002308 
-171544.31753301 
-171490.93024759 
-171448.55863814 
-171448.55863814 
-167166.31110288 
-167166.31110288 
-164698.96151326 
-164672.94878130 
-160268.53278329 
-160087.80998247 
-160087.80998247 
-160087.80998247 
-160083.05609383 
-160083.05609383 
-159643.98016689 
-159632.88619214 
-159523.78900298 
-159046.81040683 
-159011.22972672 
-157029.65302691 
-155903.84616184 
-155903.84616184 
-155811.76900747 
-155811.76900747 
-150150.46914509 
-148088.58361458 
-145238.68169011 
-145238.68169011 
-145130.40978775 
-145130.40978775 
-145130.40978775 
-144513.93822989 
-143047.60762926 
-143040.90556808 
-142850.79197854 
-138208.98424984 
-138208.98424984 
-138131.50317511 
-138131.50317511 
-137915.76525423 
-137746.18597560 
-137435.60749460 
-137435.60749460 
-137421.14540685 
-137421.14540685 
-137421.14540685 
-137413.59431488 
-137250.46071028 
-137230.28734980 
-137230.28734980 
-137230.28734980 
-137230.28734980 
-135756.07815225 
-135099.42189678 
-135095.31975077 
-134456.29259976 
-134022.04745779 
-133871.55173930 
-133868.84771854 
-133864.52154899 
-133864.52154899 
-133802.61321351 
-133802.61321351 
-133313.58899128 
-133178.39549106 
-133026.65770645 
-133026.65770645 
-133026.65770645 
-133017.63704152 
-132992.04563619 
-132980.99265898 
-129577.85057087 
-124007.32428237 
-123862.53710408 
-123842.76579321 
-123839.90536249 
-123839.90536249 
-123839.90536249 
-123839.90536249 
-123836.18676886 
-123042.81133073 
-123042.81133073 
-123042.80571172 
-122996.55573367 
-122995.17583344 
-122988.63369985 
-122966.89783354 
-122966.89783354 
-122966.89783354 
-122938.75895630 
-122938.75895630 
-122938.75895630 
-122874.93850475 
-122874.93850475 
-122873.04881913 
-122873.04881913 
-122568.22359288 
-122380.99277146 
-122199.07740532 
-118005.13572705 
-118005.13572705 
-117789.53016032 
-116285.72692046 
-116187.12078964 
-116129.86319171 
-116129.86319171 
-116129.43041078 
-115529.15501872 
-113819.40435903 
-113818.23272019 
-113818.23272019 
-113818.23272019 
-113818.23272019 
-113708.16086425 
-113686.65282605 
-113678.69667482 
-113678.69667482 
-113678.69667482 
-113676.48936643 
-113676.48936643 
-113672.70100941 
-113672.65170889 
-113668.76623046 
-113441.91328625 
-101892.21113335 
-101891.19624129 
-101891.19624129 
-101877.41974163 
-101875.81246259 
-101875.81246259 
-101875.81246259 
-101799.49928433 
-101799.49928433 
-101212.99388750 
-101212.99388750 
-101212.99388750 
-101212.99388750 
-101212.11467071 
-100977.55000987 
-100977.55000987 
-100977.55000987 
-100971.74756407 
-100966.76545849 
-99402.72231031 
-99279.06314512 
-99279.06314512 
-99277.28613301 
-99275.18970077 
-99135.31780923 
-99135.31780923 
-99111.62697214 
-99093.06547503 
-99075.01271699 
-99075.01271699 
-99073.59011875 
-99073.59011875 
-99073.59011875 
-99069.42540916 
-99069.42540916 
-99037.34052358 
-98968.00165860 
-98963.71032813 
-98958.26844894 
-98908.12763707 
-98908.12763707 
-98873.37227569 
-98870.26574642 
-98862.36292385 
-98848.66392448 
-98441.68360225 
-98441.68360225 
-98370.39835122 
-98370.10610306 
-98357.65636362 
-98299.53625170 
-98298.89590917 
-98298.89590917 
-98286.22588427 
-98284.56708055 
-98000.48228476 
-98000.48228476 
-98000.18992488 
-98000.18453942 
-98000.18453942 
-97982.49036537 
-97895.64246147 
-97893.85029978 
-97887.74186268 
-97063.24479878 
-97063.24479878 
-97062.76029877 
-97062.63152309 
-97062.62530820 
-97061.89021609 
-97061.82257225 
-97059.15001765 
-96917.06465589 
-96917.06465589 
-96917.06465589 
-96915.32723026 
-96906.88887289 
-96902.93295120 
-96901.66441113 
-96900.32129707 
-96896.66271927 
-96854.36004010 
-96848.41149869 
-96835.36967322 
-96834.73112438 
-96824.95118440 
-96816.62882177 
-96809.63349334 
-96804.36101215 
-96803.13996971 
-96802.88006877 
-96155.99598856 
-96155.89895979 
-96155.89895979 
-96155.89895979 
-96155.89895979 
-96155.89895979 
-96144.65336221 
-96136.70733077 
-96136.58462113 
-96132.49687650 
-96124.11810640 
-96123.78208229 
-96123.78208229 
-96123.78208229 
-96123.77016762 
-96123.61061862 
-96123.61061862 
-95981.37971537 
-95980.64734899 
-95979.96015565 
-95979.96015565 
-95978.17041121 
-95978.17041121 
-95977.79098749 
-95975.08627782 
-95973.59627999 
-95973.59627999 
-95952.35576393 
-95952.35576393 
-95952.35576393 
-95952.19629546 
-95950.98382925 
-95950.98382925 
-95949.85729153 
-95947.11419924 
-95946.98157839 
-95942.88498724 
-95932.24363824 
-95932.24363824 
-95931.58690874 
-95931.58690874 
-95914.59987592 
-95911.82591995 
-95911.82591995 
-95911.64949230 
-95889.36475116 
-95886.12575298 
-95886.09564625 
-95885.32390194 
-95884.12411532 
-95884.03093544 
-95884.03093544 
-95879.29582842 
-95842.72381794 
-95842.34680841 
-95842.34680841 
-95842.34680841 
-95842.11149983 
-95830.90790761 
-95830.90790761 
-95830.90790761 
-95830.12490117 
-95820.53797119 
-95818.55639962 
-95818.55639962 
-95818.23286098 
-95818.23286098 
-95818.23286098 
-95818.23286098 
-95814.58206102 
-95814.58206102 
-95814.44510604 
-95814.34103658 
-95814.34103658 
-95814.30050927 
-95814.30050927 
-95812.17484126 
-95807.92626403 
-95807.92626403 
-95804.21977714 
-95803.11513475 
-95783.43992481 
-95783.06770362 
-95782.96404010 
-95782.84135172 
-95782.72762714 
-95782.62985499 
-95782.62985499 
-95782.20481097 
-95769.42362662 
-95769.42362662 
-95769.42362662 
-95769.42362662 
-95768.42797228 
-95768.42117275 
-95768.32601737 
-95768.23555413 
-95768.22859010 
-95768.22859010 
-95768.14864447 
-95767.15658471 
-95767.15658471 
-95767.15658471 
-95766.43911562 
-95766.43911562 
-95764.08771778 
-95764.08771778 
-95764.08771778 
-95760.77561549 
-95760.31489587 
-95760.31489587 
-95760.25102717 
-95758.52486867 
-95741.65970614 
-95741.65970614 
-95741.57466470 
-95741.35623431 
-95741.35623431 
-95741.26292012 
-95741.26292012 
-95741.26292012 
-95741.26292012 
-95740.97536464 
-95740.94317753 
-95733.13546237 
-95727.49825608 
-95727.46598740 
-95727.43990068 
-95726.90775719 
-95726.90587791 
-95726.90587791 
-95726.89937775 
-95726.89937775 
-95726.89937775 
-95726.89937775 
-95726.89937775 
-95726.89937775 
-95726.89937775 
-95726.64899281 
-95726.64899281 
-95726.15860057 
-95725.50750244 
-95725.50750244 
-95725.50750244 
-95724.80253975 
-95724.80253975 
-95724.72780833 
-95724.58682726 
-95724.58682726 
-95722.11770365 
-95722.11770365 
-95722.07682919 
-95722.01732254 
-95722.01732254 
-95722.01682973 
-95722.00528167 
-95721.91479382 
-95721.86416062 
-95721.86416062 
-95721.86416062 
-95716.92602566 
-95716.89825781 
-95716.84891935 
-95716.84891935 
-95716.59266541 
-95716.59242742 
-95715.69992764 
-95715.69992764 
-95715.69992764 
-95715.63614155 
-95715.63614155 
-95714.85486449 
-95714.73374997 
-95714.73374997 
-95714.73374997 
-95714.73374997 
-95714.73374997 
-95714.73374997 
-95714.73374997 
-95714.73374997 
-95714.71730445 
-95714.71730445 
-95714.71730445 
-95714.71730445 
-95713.69763475 
-95710.53403456 
-95709.57266340 
-95709.49889656 
-95709.49889656 
-95709.02168434 
-95709.02168434 
-95709.02168434 
-95709.02111855 
-95709.02111855 
-95709.02111855 
-95709.02111855 
-95709.02111855 
-95708.60779569 
-95708.60143631 
-95708.60143631 
-95708.60143631 
-95708.58588649 
-95708.58588649 
-95708.58588649 
-95708.58588649 
-95708.58588649 
-95706.90262051 
-95706.90262051 
-95706.90262051 
-95706.88997850 
-95706.88997850 
-95706.71595402 
-95706.62528657 
-95706.55183948 
-95706.55183948 
-95706.55183948 
-95706.55183948 
-95706.30580102 
-95706.30580102 
-95706.30580102 
-95706.30580102 
-95704.94840932 
-95702.33769846 
-95702.33769846 
-95702.32653479 
-95702.32653479 
-95701.87358881 
-95701.87358881 
-95701.87358881 
-95701.87358881 
-95701.87358881 
-95701.87235509 
-95701.07390148 
-95701.07390148 
-95701.07390148 
-95701.07390148 
-95700.59696372 
-95700.59696372 
-95700.59696372 
-95700.59696372 
-95700.59696372 
-95700.59696372 
-95700.59696372 
-95700.56596522 
-95700.56596522 
-95700.55238886 
-95700.55238886 
-95700.52468029 
-95700.52468029 
-95700.52468029 
-95700.52468029 
-95700.52468029 
-95700.48256809 
-95699.97567953 
-95699.97567953 
-95699.97567953 
-95699.97567953 
-95699.97567953 
-95698.91630201 
-95698.91630201 
-95698.91216836 
-95698.86857669 
-95698.86857669 
-95698.86857669 
-95698.86857669 
-95698.86857669 
-95698.86857669 
-95698.86857669 
-95698.63314585 
-95698.63314585 
-95698.63314585 
-95698.60785325 
-95698.60785325 
-95698.60785325 
-95698.58770836 
-95698.58770836 
-95698.58770836 
-95698.58770836 
-95698.04545481 
-95698.04545481 
-95698.03839853 
-95698.03839853 
-95698.03839853 
-95698.03820202 
-95698.03820202 
-95698.03820202 
-95698.03820202 
-95698.03431936 
-95698.03431936 
-95698.03431936 
-95698.03431936 
-95698.03431936 
-95697.93932300 
-95697.93932300 
-95697.93932300 
-95697.75761745 
-95697.71563337 
-95697.71563337 
-95697.70841856 
-95697.69484089 
-95697.69484089 
-95697.69484089 
-95697.69484089 
-95697.69482425 
-95697.29466670 
-95697.29466670 
-95697.29466670 
-95697.29466670 
-95697.25381751 
-95697.25356935 
-95697.23830101 
-95697.23830101 
-95697.23830101 
-95697.23830101 
-95697.22745258 
-95697.17064653 
-95697.17064653 
-95697.17064653 
-95697.16092048 
-95697.16092048 
-95697.16092048 
-95696.91300748 
-95696.91300748 
-95696.91300748 
-95696.91278956 
-95696.90081228 
-95696.84674079 
-95696.84674079 
-95696.79398813 
-95696.79398813 
-95696.77467262 
-95696.77467262 
-95696.77467262 
-95696.77467262 
-95696.71007252 
-95696.71007252 
-95696.70676316 
-95696.69521825 
-95696.69307335 
-95696.68756489 
-95696.64833090 
-95696.61973574 
-95696.61973574 
-95696.61973574 
-95696.61973574 
-95696.61959826 
-95696.61959826 
-95696.61959826 
-95696.61959826 
-95696.61959826 
-95694.46067417 
-95693.49655008 
-95693.49655008 
-95693.49655008 
-95693.49655008 
-95693.49655008 
-95693.49655008 
-95693.49655008 
-95693.49655008 
-95693.49655008 
-95693.49655008 
-95693.49655008 
-95693.49655008 
-95693.49655008 
-95693.47209316 
-95693.21352890 
-95692.64430538 
-95692.60660132 
-95692.60660132 
-95692.60660132 
-95692.60660132 
-95692.60660132 
-95692.60660132 
-95692.60660132 
-95692.60660132 
-95692.60034196 
-95692.60034196 
-95692.60034196 
-95692.60034196 
-95692.60034196 
-95692.60034196 
-95692.60034196 
-95692.60034196 
-95692.59966888 
-95692.59966888 
-95692.59966888 
-95692.59966888 
-95692.56583825 
-95692.56583825 
-95692.56197623 
-95692.56197623 
-95692.56197623 
-95692.54755973 
-95692.54755973 
-95692.54755973 
-95692.54755973 
-95692.53798028 
-95692.53798028 
-95692.48290058 
-95692.48290058 
-95692.48290058 
-95692.48290058 
-95692.40307684 
-95692.39246459 
-95692.39246459 
-95692.39246459 
-95692.38434634 
-95692.38434634 
-95692.38434634 
-95692.38434634 
-95692.38426070 
-95692.38426070 
-95692.38426070 
-95692.38426070 
-95692.38426070 
-95692.38426070 
-95692.32447944 
-95692.32397929 
-95692.32397929 
-95692.32397929 
-95692.32397929 
-95692.32397929 
-95692.32397929 
-95692.28521435 
-95692.28157750 
-95692.28157750 
-95692.27324790 
-95692.14740965 
-95692.14740965 
-95692.14740965 
-95692.14740965 
-95692.14740965 
-95692.14740965 
-95692.14740965 
-95692.14740965 
-95692.14740965 
-95692.12743184 
-95692.12743184 
-95692.11920708 
-95692.11920708 
-95692.11920708 
-95692.11920708 
-95691.95836228 
-95691.95836228 
-95691.95836228 
-95691.95836228 
-95691.95836228 
-95691.95484814 
-95691.95484814 
-95691.95484814 
-95691.95484814 
-95691.95484814 
-95691.95484814 
-95691.95484814 
-95691.95484814 
-95691.95484814 
-95691.95484814 
-95691.95484814 
-95691.95484814 
-95691.95484814 
-95691.95484814 
-95691.95464110 
-95691.94944690 
-95691.66946782 
-95691.66946782 
-95691.66946782 
-95691.66946782 
-95691.66946782 
-95691.66946782 
-95691.66946782 
-95691.66102515 
-95691.66102515 
-95691.66102515 
-95691.66102515 
-95691.64805685 
-95691.64805685 
-95691.64805685 
-95691.63648324 
-95691.63648324 
-95691.63423808 
-95691.63406048 
-95691.63406048 
-95691.63406048 
-95691.63406048 
-95691.63161578 
-95691.62745636 
-95691.62745636 
-95691.62745636 
-95691.62196990 
-95691.62196990 
-95691.62196990 
-95691.62196990 
-95691.62196990 
-95691.62196990 
-95691.62196990 
-95691.54784828 
-95691.54784828 
-95691.54784828 
-95691.54784828 
-95691.54784828 
-95691.54784828 
-95691.54784828 
-95691.54750681 
-95691.54750681 
-95691.54498353 
-95691.54498353 
-95691.54498353 
-95691.54498353 
-95691.54498353 
-95691.52880240 
-95691.52880240 
-95691.52845430 
-95691.52845430 
-95691.50623226 
-95691.50623226 
-95691.50623226 
-95691.50623226 
-95691.50623226 
-95691.50623226 
-95691.50623226 
-95691.50623226 
-95691.50623226 
-95691.50623226 
-95691.50623226 
-95691.50623226 
-95691.50623226 
-95691.50623226 
-95691.50623226 
-95691.50623226 
-95691.50623226 
-95691.50623226 
-95691.50623226 
-95691.50544369 
-95691.50544369 
-95691.48323615 
-95691.48323615 
-95691.48323615 
-95691.48323615 
-95691.48323615 
-95691.48323615 
-95691.48189323 
-95691.48189323 
-95691.48189323 
-95691.48189323 
-95691.48189323 
-95691.48189323 
-95691.48189323 
-95691.48189323 
-95691.48189323 
-95691.48189323 
-95691.48189323 
-95691.48189323 
-95691.48189323 
-95691.48189323 
-95691.48189323 
-95691.48189323 
-95691.48189323 
-95691.47492665 
-95691.47492665 
-95691.47492665 
-95691.47492665 
-95691.47492665 
-95691.47382837 
-95691.47382837 
-95691.47382837 
-95691.47382837 
-95691.47382837 
-95691.47382837 
-95691.46809550 
-95691.46809550 
-95691.46809550 
-95691.46809550 
-95691.46809550 
-95691.46809550 
-95691.46504932 
-95691.46504932 
-95691.46500552 
-95691.46500552 
-95691.46500552 
-95691.46500552 
-95691.46500552 
-95691.46500552 
-95691.46500552 
-95691.46500552 
-95691.46500552 
-95691.46500552 
-95691.46500552 
-95691.46500552 
-95691.46500552 
-95691.46500552 
-95691.46500552 
-95691.46488600 
-95691.46488600 
-95691.45813053 
-95691.45813053 
-95691.45813053 
-95691.45813053 
-95691.45813053 
-95691.45813053 
