-1409164.96075677 
-1372880.20884332 
-1340269.65150172 
-1319937.29736963 
-1293592.47821460 
-1276363.76751033 
-1208781.75782247 
-1208558.42949154 
-1203870.30615610 
-1175259.79233573 
-1160947.61373877 
-1158523.73937449 
-1152364.77133633 
-1150044.69555227 
-1145159.94474646 
-1130453.72963247 
-1126742.22986123 
-1116757.68959364 
-825790.08124942 
-825475.68512104 
-795001.30791525 
-772661.09690914 
-746026.83927801 
-676318.86632073 
-645907.20574358 
-632843.57119398 
-601245.65036629 
-601245.65036629 
-559413.15841390 
-458273.40735991 
-437917.70026737 
-376691.90265761 
-375964.61564298 
-313553.19586956 
-297638.62298851 
-265379.23909674 
-265379.23909674 
-263097.88348330 
-252504.48397325 
-252504.48397325 
-252298.86166836 
-249838.23606404 
-249838.23606404 
-248391.81047531 
-248036.24789775 
-248036.24789775 
-248036.24789775 
-248036.24789775 
-248036.24789775 
-247852.79977786 
-247852.79977786 
-247830.72994847 
-247830.72994847 
-247785.88527530 
-244495.95841363 
-244428.66729890 
-243682.75151524 
-243682.75151524 
-243682.75151524 
-243682.75151524 
-243655.88299319 
-243635.90705311 
-243378.38405960 
-243357.41849891 
-243294.84082546 
-243294.84082546 
-238693.95771866 
-238344.28287245 
-237851.99693479 
-237374.59518970 
-236824.12711238 
-236320.68300348 
-235461.98214859 
-227859.05006476 
-227131.43430415 
-214172.51932096 
-214172.51932096 
-214035.48328748 
-213304.32505758 
-213304.32505758 
-213179.33328750 
-212893.35066342 
-211283.81774321 
-211069.26382956 
-211063.14436826 
-210622.52824763 
-210408.94997454 
-204318.03403631 
-204318.03403631 
-204318.03403631 
-204288.61879530 
-204288.61879530 
-202843.79245221 
-202843.79245221 
-202843.79245221 
-202748.54261397 
-202748.54261397 
-202748.48661433 
-202210.42142443 
-202210.42142443 
-201912.72686398 
-201411.34779483 
-201411.34779483 
-200940.59878075 
-200919.93766671 
-200558.25285497 
-199530.55047793 
-199530.55047793 
-182960.69080588 
-182535.74107448 
-182535.74107448 
-178729.31513842 
-178729.31513842 
-176206.09089037 
-176206.09089037 
-175146.33667262 
-174044.58370889 
-174010.64966745 
-174010.64966745 
-173314.47585545 
-173313.52962054 
-172051.86000843 
-171603.47678827 
-168270.03509100 
-168270.03509100 
-168270.03509100 
-168191.56266358 
-168191.56266358 
-168191.56266358 
-168191.56266358 
-168191.56266358 
-167932.18659404 
-167177.49096911 
-167177.03696075 
-167143.21669742 
-167143.21669742 
-167143.21669742 
-166408.76371277 
-161445.91208618 
-161046.10526074 
-161046.10526074 
-160495.69026719 
-160340.06869491 
-160340.06869491 
-160340.06869491 
-159064.73243662 
-159064.73243662 
-145410.47977687 
-145410.47977687 
-145410.47977687 
-145409.80435829 
-145409.80435829 
-145406.27185166 
-145406.27185166 
-145358.42062810 
-145204.49412637 
-145197.54053298 
-145197.54053298 
-145197.54053298 
-145197.54053298 
-145048.21709095 
-145048.21709095 
-144280.12283842 
-144276.77475585 
-144276.77475585 
-143746.97036861 
-143746.97036861 
-143720.15092847 
-143720.15092847 
-143719.83882500 
-143623.18791584 
-143621.91772089 
-143621.91772089 
-142088.60359404 
-139825.56641093 
-139825.56641093 
-139825.56641093 
-139354.59698511 
-138272.10646567 
-138272.10646567 
-138272.10646567 
-133631.54745193 
-133508.82987130 
-124076.64583684 
-124076.64583684 
-122490.69107616 
-122484.40045801 
-122484.40045801 
-122471.17300418 
-122424.47380299 
-122424.47380299 
-122345.39603517 
-122345.39603517 
-122144.63941533 
-122124.19886850 
-122124.19886850 
-122049.89612586 
-122049.35466863 
-121914.51114543 
-121909.24925617 
-121909.24925617 
-120712.48390379 
-120712.48390379 
-120677.80447875 
-120296.54657022 
-120296.38855307 
-120242.61120279 
-120235.70020995 
-120206.10074844 
-120206.10074844 
-119621.83024600 
-119487.70037106 
-119487.70037106 
-119452.26508000 
-118305.74867718 
-118305.74867718 
-115929.69280401 
-115883.71638119 
-115222.47265863 
-115222.47265863 
-115222.37330336 
-114709.98578567 
-114709.98578567 
-114709.60879824 
-114709.60879824 
-114700.45945489 
-114700.45945489 
-114700.45945489 
-114698.49537962 
-114698.49537962 
-114698.49537962 
-114483.10487350 
-114468.22957085 
-114468.22957085 
-114466.88096537 
-114466.88096537 
-114460.58052656 
-114460.58052656 
-114432.03878815 
-114429.65743023 
-114429.65743023 
-114429.57534472 
-114405.20580398 
-114401.78605529 
-114401.56235820 
-114376.54753247 
-114376.54753247 
-114338.00166686 
-114338.00166686 
-114338.00166686 
-114338.00166686 
-114337.47250129 
-114337.47250129 
-114223.05825171 
-114174.83417316 
-109352.52019264 
-109352.52019264 
-109127.95471140 
-109127.95471140 
-109127.95471140 
-109127.94518767 
-109127.94518767 
-109103.72063483 
-109103.72063483 
-109103.51067604 
-108981.29821291 
-108981.29821291 
-108849.34091541 
-108710.07951352 
-108709.19532068 
-108706.17370880 
-108705.78542663 
-108692.34649275 
-108692.34649275 
-108687.97701782 
-108685.74314106 
-108685.74314106 
-108685.74314106 
-108576.24762577 
-108576.09130411 
-108576.09130411 
-108575.69240141 
-108336.93080297 
-108336.93080297 
-108336.54826284 
-108268.46503878 
-108173.27262770 
-108171.36232681 
-108167.78585919 
-107914.77617093 
-107904.91668963 
-107844.17122826 
-107843.93438427 
-107819.09982066 
-107817.95668967 
-107817.95668967 
-107817.95668967 
-107815.51713006 
-107815.51713006 
-107804.35084487 
-107801.18190090 
-107799.76876223 
-107799.67957621 
-107176.43208165 
-107046.61949902 
-107046.61949902 
-107043.22887513 
-107043.22887513 
-107043.22887513 
-106986.48551384 
-106986.48551384 
-106986.13811807 
-106986.13811807 
-106986.13811807 
-106976.08795403 
-106976.08795403 
-106976.04951499 
-106976.04951499 
-106974.43204899 
-106974.35870856 
-106974.35870856 
-106967.44423264 
-106967.44423264 
-106965.71604937 
-106965.71604937 
-106919.84516210 
-106919.39744126 
-106919.39744126 
-106919.39744126 
-106919.39744126 
-106919.35937991 
-106918.98020834 
-106918.96745309 
-106918.92350949 
-106913.89290064 
-106913.89290064 
-106913.89290064 
-106899.55291163 
-106899.55291163 
-106892.62771973 
-106882.91960570 
-106882.91960570 
-106882.91960570 
-106882.91960570 
-106882.91960570 
-106882.91960570 
-106873.71530164 
-106873.71530164 
-106873.71530164 
-106873.71530164 
-106873.71530164 
-106873.71530164 
-106873.71530164 
-106873.71530164 
-106732.28980925 
-106732.28980925 
-106732.28973435 
-106732.28973435 
-106710.43770227 
-106709.81734112 
-106709.81734112 
-106686.40486835 
-106686.40486835 
-106649.34781785 
-106649.34781785 
-106649.34781785 
-106649.30567961 
-106649.22910739 
-106649.22910739 
-106649.18965917 
-106649.18965917 
-106649.18965917 
-106649.18965917 
-106646.64871065 
-106646.55223085 
-106543.75526065 
-106543.75526065 
-106543.75526065 
-106543.75526065 
-106543.18729432 
-106543.18729432 
-106543.18729432 
-106542.22243629 
-106542.22243629 
-106542.22243629 
-106542.22243629 
-106542.22243629 
-106542.21984339 
-106542.18342348 
-106542.18342348 
-106542.18342348 
-106539.21179640 
-106539.14729343 
-106532.27863798 
-106532.27863798 
-106532.20778574 
-106528.59552260 
-106528.59552260 
-106528.59552260 
-106528.59552260 
-106528.59552260 
-106517.17251175 
-106517.17251175 
-106517.17251175 
-106517.15259252 
-106516.94310275 
-106516.94310275 
-106516.94310275 
-106516.94310275 
-106516.94310275 
-106516.94310275 
-106499.11146496 
-106498.98283234 
-106498.29091456 
-106498.29091456 
-106498.29091456 
-106498.27102472 
-106498.27102472 
-106498.27102472 
-106498.27102472 
-106498.27102472 
-106498.27102472 
-106498.27102472 
-106498.27102472 
-106498.27023888 
-106498.27023888 
-106476.76650778 
-106476.76650778 
-106476.53740063 
-106474.00418694 
-106474.00418694 
-106472.83095091 
-106471.68718793 
-106446.66018315 
-106446.66018315 
-106446.66018315 
-106446.66018315 
-106439.99644126 
-106439.89194522 
-106439.89194522 
-106439.89194522 
-106439.89194522 
-106439.89194522 
-106439.89194522 
-106439.84868448 
-106439.32050835 
-106439.32050835 
-106439.32050835 
-106439.09747696 
-106439.09747696 
-106439.08081368 
-106435.90017824 
-106435.80852028 
-106435.72512164 
-106435.68803140 
-106435.68803140 
-106435.57299717 
-106435.57299717 
-106434.13649588 
-106434.13649588 
-106434.12789050 
-106434.12789050 
-106353.45076335 
-106353.45076335 
-106353.43357789 
-106353.28379441 
-106352.82906692 
-106352.82906692 
-106352.82906692 
-106335.03344474 
-106335.03344474 
-106334.97429050 
-106334.97429050 
-106334.97429050 
-106334.97429050 
-106334.97429050 
-106334.97429050 
-106334.77425073 
-106334.74140123 
-106334.74140123 
-106334.74140123 
-106334.74140123 
-106334.74140123 
-106334.74140123 
-106334.23560472 
-106334.23560472 
-106334.23560472 
-106333.57154117 
-106333.57154117 
-106333.43588610 
-106333.43588610 
-106333.43588610 
-106332.39165754 
-106332.39165754 
-106332.22838516 
-106332.22585407 
-106332.22585407 
-106332.22585407 
-106312.42444125 
-106312.42444125 
-106312.40740431 
-106312.39047290 
-106306.79436460 
-106306.79436460 
-106305.92910265 
-106305.15192785 
-106305.15192785 
-106305.15192785 
-106305.15192785 
-106305.15192785 
-106305.15192785 
-106305.15192785 
-106305.15155424 
-106305.13083372 
-106303.75760077 
-106303.75760077 
-106303.75760077 
-106303.75760077 
-106303.74150492 
-106303.74150492 
-106303.74150492 
-106303.58448999 
-106303.58448999 
-106303.58448999 
-106303.58448999 
-106303.33856215 
-106303.21080017 
-106303.21080017 
-106303.21080017 
-106303.21080017 
-106303.04998151 
-106303.04910273 
-106303.04690125 
-106303.04690125 
-106303.04690125 
-106303.04690125 
-106302.99921777 
-106302.99921777 
-106302.78922950 
-106302.78922950 
-106302.78922950 
-106302.78922950 
-106302.78922950 
-106301.48137919 
-106301.48137919 
-106301.29891188 
-106301.29891188 
-106301.29891188 
-106301.29883492 
-106301.29883492 
-106301.15302146 
-106299.91496019 
-106299.91496019 
-106299.91110511 
-106299.90541410 
-106299.90541410 
-106299.90541410 
-106299.90516565 
-106299.90516565 
-106299.90516565 
-106299.80382937 
-106299.80382937 
-106299.74179462 
-106299.74179462 
-106299.40719896 
-106299.40719896 
-106299.40719896 
-106299.40719896 
-106299.40719896 
-106299.32365969 
-106299.25713990 
-106299.25713990 
-106299.23596502 
-106299.19718574 
-106299.01793368 
-106299.01793368 
-106299.01793368 
-106298.70357188 
-106298.70357188 
-106298.70357188 
-106298.70357188 
-106296.88726980 
-106296.88726980 
-106296.88726980 
-106296.88680732 
-106296.86226505 
-106292.71657545 
-106292.71657545 
-106292.71657545 
-106292.71657545 
-106292.71657545 
-106292.71657545 
-106292.71657545 
-106292.71657545 
-106292.71657545 
-106292.71657545 
-106292.71286717 
-106292.71145023 
-106292.71145023 
-106292.51168826 
-106292.34622345 
-106292.34622345 
-106292.34622345 
-106292.34622345 
-106292.34609692 
-106292.34609692 
-106291.47954796 
-106291.30786428 
-106291.30786428 
-106291.30442120 
-106291.30442120 
-106291.30442120 
-106291.29913616 
-106291.29913616 
-106291.29913616 
-106286.84913400 
-106286.84913400 
-106286.84913400 
-106286.84913400 
-106286.84913400 
-106286.84913400 
-106286.84913400 
-106286.53834092 
-106286.53834092 
-106286.53834092 
-106286.53834092 
-106286.53824025 
-106286.53824025 
-106286.53824025 
-106286.53824025 
-106286.53824025 
-106286.53824025 
-106286.53824025 
-106286.53824025 
-106286.53646662 
-106286.53646662 
-106286.53646662 
-106286.53646662 
-106286.53646662 
-106286.53627523 
-106286.53626293 
-106286.53626293 
-106286.53626293 
-106286.53626293 
-106286.52689706 
-106286.52383101 
-106286.52383101 
-106286.52383101 
-106286.52347461 
-106286.52347461 
-106286.52347461 
-106286.09832121 
-106286.09832121 
-106286.09832121 
-106286.02126019 
-106285.94391903 
-106285.94391903 
-106285.93453042 
-106285.32248420 
-106285.32248420 
-106285.32248420 
-106285.32248420 
-106285.32248420 
-106284.43934554 
-106284.43934554 
-106284.43934554 
-106284.43934554 
-106284.41844612 
-106284.41833981 
-106284.41575664 
-106284.41575664 
-106284.41575664 
-106284.41575664 
-106284.41575664 
-106284.41575664 
-106284.39918163 
-106284.39918163 
-106284.39918163 
-106284.37828370 
-106284.37828370 
-106284.37828370 
-106284.37630467 
-106283.76588149 
-106283.73573288 
-106283.73573288 
-106283.73573288 
-106283.73573288 
-106283.73573288 
-106283.73573288 
-106283.73573288 
-106283.73573288 
-106283.57897527 
-106283.57884792 
-106283.57884792 
-106282.85682517 
-106282.85682517 
-106282.85682517 
-106282.85682517 
-106282.85682517 
-106282.41304553 
-106282.41229481 
-106282.41229481 
-106282.41229481 
-106282.41229481 
-106282.41227083 
-106282.41227083 
-106282.41227083 
-106282.41227083 
-106282.41227083 
-106282.41227083 
-106282.41227083 
-106282.41227083 
-106282.41227083 
-106282.41227083 
-106282.41062540 
-106282.40538988 
-106282.38635446 
-106282.38635446 
-106282.38635446 
-106282.38635446 
-106282.38635446 
-106282.21573432 
-106282.21573432 
-106282.21573432 
-106282.21573432 
-106282.10023317 
-106282.10023317 
-106281.80194073 
-106281.80194073 
-106281.80194073 
-106281.76864836 
-106281.76864836 
-106281.76864836 
-106281.76069327 
-106281.76069327 
-106281.76069327 
-106281.76069327 
-106281.76069327 
-106281.76069327 
-106281.70818165 
-106281.70818165 
-106281.70818165 
-106281.70818165 
-106281.70818165 
-106281.70493332 
-106281.70493332 
-106281.70493332 
-106281.70424431 
-106281.70424431 
-106281.70424431 
-106281.70214144 
-106281.70214144 
-106281.68666543 
-106281.68666543 
-106281.68666543 
-106281.68666543 
-106281.68666543 
-106281.68666543 
-106281.68666543 
-106281.68666543 
-106281.68666543 
-106281.68666543 
-106281.68666543 
-106281.68666543 
-106281.68666543 
-106281.68666543 
-106281.68666543 
-106281.58136580 
-106281.58136580 
-106281.58136580 
-106281.58136580 
-106281.58136580 
-106281.58136580 
-106281.58136580 
-106281.58136580 
-106281.58136580 
-106281.58136580 
-106281.58136580 
-106281.58136580 
-106281.58136580 
-106281.58136580 
-106281.58136580 
-106281.58136580 
-106281.58136580 
-106281.58136580 
-106281.58136580 
-106281.58136580 
-106281.58136580 
-106281.58080575 
-106281.58080575 
-106281.58080575 
-106281.58080575 
-106281.58080575 
-106281.58080575 
-106281.58080575 
-106281.28793339 
-106281.28793339 
-106281.20563248 
-106281.20563248 
-106281.20563248 
-106281.20563248 
-106281.20563248 
-106281.20563248 
-106280.89684091 
-106280.89684091 
-106280.89684091 
-106280.89684091 
-106280.89684091 
-106280.89684091 
-106280.89684091 
-106280.89684091 
-106280.89684091 
-106280.89684091 
-106280.89684091 
-106280.89684091 
-106280.89684091 
-106280.86960855 
-106280.86960855 
-106280.86960855 
-106280.86893842 
-106280.86893842 
-106280.86893842 
-106280.86893842 
-106280.86893842 
-106280.86893842 
-106280.86893842 
-106280.86061941 
-106280.85604607 
-106280.85604607 
-106280.85604607 
-106280.85604607 
-106280.85604607 
-106280.85604607 
-106280.85604607 
-106280.84853500 
-106280.84853500 
-106280.84853500 
-106280.84853500 
-106280.79188287 
-106280.51790110 
-106280.51790110 
-106280.51790110 
-106280.51790110 
-106280.51790110 
-106280.51790110 
-106280.51790110 
-106280.51790110 
-106280.51790110 
-106280.51790110 
-106280.50806624 
-106280.50806624 
-106280.50806624 
-106280.49787429 
-106280.49787429 
-106280.47500024 
-106280.47500024 
-106280.47500024 
-106280.47500024 
-106280.47500024 
-106280.47500024 
-106280.47500024 
-106280.47498180 
-106280.47498180 
-106280.46336514 
-106280.46336514 
-106280.46336514 
-106280.46336514 
-106279.81346955 
-106279.81346955 
-106279.81190413 
-106279.81190413 
-106279.81190413 
-106279.81190413 
-106279.81190413 
-106279.81190413 
-106279.81190413 
-106279.80225452 
-106279.80225452 
-106279.80225452 
-106279.79978567 
-106279.79978567 
-106279.79978567 
-106279.79978567 
-106279.79978567 
-106279.79978567 
-106279.79978567 
-106279.79978567 
-106279.78407894 
-106279.78407894 
-106279.78407894 
-106279.78111362 
-106279.78111362 
-106279.78111362 
-106279.78111362 
-106279.78111362 
-106279.78111362 
-106279.78111362 
-106279.78111362 
-106279.78111362 
-106279.78111362 
