-1300290.40183593 
-1276319.80185532 
-1260712.14163632 
-1256303.77389360 
-1228926.16045874 
-1227955.44738584 
-1186827.73040676 
-1123204.50910239 
-1081591.68746011 
-997184.26119582 
-955358.10466144 
-955358.10466144 
-948741.21513310 
-932560.14496959 
-828580.46803835 
-702510.22308251 
-681499.06138578 
-664238.06326835 
-660040.55824027 
-594497.74654271 
-564218.96487848 
-489308.56552923 
-487928.36388581 
-483426.88366371 
-456559.02433158 
-456492.42117831 
-425560.34859388 
-405374.76695336 
-363781.62539936 
-360565.01071568 
-337089.16432762 
-315412.64699966 
-300272.24327621 
-236784.42190136 
-236681.94490923 
-224171.64763517 
-223929.15957484 
-222286.61251766 
-221482.69102853 
-220498.72748447 
-220498.72748447 
-220498.72748447 
-220334.84077761 
-219045.71777396 
-219045.71777396 
-218890.38776678 
-218890.38776678 
-215514.26327520 
-215060.23836507 
-215060.23836507 
-215060.23836507 
-215060.23836507 
-215060.23836507 
-215027.31305192 
-214616.50782583 
-213491.61502673 
-209185.86876953 
-208872.41515467 
-208650.68364445 
-206433.18261080 
-205224.37096157 
-205188.90506074 
-205188.90506074 
-205188.90506074 
-204736.89645558 
-204736.89645558 
-201808.51676846 
-201808.51676846 
-201808.51676846 
-201178.80972037 
-201178.80972037 
-201169.21958732 
-201058.02336822 
-199902.86049433 
-199817.73105559 
-199817.73105559 
-198209.27073041 
-196748.02374433 
-196748.02374433 
-195065.53175281 
-195065.53175281 
-194766.71207793 
-194766.71207793 
-194766.71207793 
-194683.42251553 
-190924.22556128 
-187569.97203296 
-187560.23632587 
-187473.83394229 
-187231.71178182 
-187184.91799977 
-175007.13438422 
-174989.88470339 
-174970.11668739 
-174811.13147417 
-168998.03469055 
-168998.03469055 
-168989.81928704 
-168989.81928704 
-168917.08735025 
-168870.00005349 
-168565.92634321 
-167903.06253057 
-167455.09211793 
-162545.52411407 
-161795.38205924 
-161764.84216502 
-161734.84975117 
-161734.84975117 
-161289.65809024 
-161289.65809024 
-161243.87419181 
-159536.98647355 
-159450.11701035 
-159449.68749875 
-159219.03057995 
-157896.64962549 
-154969.30959148 
-153218.42907890 
-152446.72747418 
-152377.35149259 
-152377.35149259 
-148115.74897612 
-148115.74897612 
-148115.74897612 
-148036.96263175 
-147996.02441641 
-147437.88262934 
-147293.09273722 
-147250.51311105 
-147250.51311105 
-141410.31978900 
-140125.38457545 
-140125.38457545 
-137921.83532016 
-137570.25844260 
-137570.19029514 
-137570.02706653 
-137570.02706653 
-137205.02952876 
-132589.62276397 
-132589.62276397 
-132589.62276397 
-132583.45321119 
-132563.80863005 
-132408.49100859 
-132408.49100859 
-132408.49100859 
-132216.21681926 
-131071.27334332 
-131061.50097065 
-131061.50097065 
-129924.12882712 
-129822.67915282 
-129420.31952476 
-129413.70796602 
-128889.69095663 
-128780.68995236 
-128780.68995236 
-128773.47149758 
-128752.10917943 
-128716.66310831 
-128716.66310831 
-128183.16766294 
-128059.51443087 
-128027.99313448 
-128008.43526501 
-128008.43526501 
-128008.43526501 
-128008.43526501 
-127991.56332065 
-127986.91480768 
-127986.91480768 
-127986.91480768 
-127855.65926356 
-127855.65926356 
-127855.65926356 
-127848.61598792 
-127848.61598792 
-127847.44333050 
-127844.56255333 
-127784.69700733 
-127784.69700733 
-127784.36146130 
-127765.14215548 
-127765.14215548 
-127695.54544549 
-127687.43501483 
-127632.22268018 
-127632.22268018 
-127621.61943058 
-127614.97989320 
-127614.97989320 
-127609.66765435 
-122112.00016477 
-122111.75995619 
-122105.06422834 
-122087.40674835 
-122087.40674835 
-122075.18336883 
-122075.15495338 
-122075.15495338 
-122069.66156770 
-119782.32635868 
-119782.32635868 
-119782.32635868 
-119782.32635868 
-119782.32635868 
-119781.77347396 
-119781.56948978 
-119580.73965560 
-119580.73965560 
-119580.73965560 
-119572.23039772 
-119572.13518878 
-119569.58907660 
-119543.26102740 
-119525.04703864 
-119521.32453954 
-119521.32453954 
-119512.88623322 
-119400.19080367 
-119394.76846802 
-119394.76846802 
-119394.76846802 
-119394.76846802 
-119394.76846802 
-119394.76846802 
-119332.46036736 
-119321.10902525 
-117518.69525092 
-117518.69525092 
-117518.69525092 
-117517.63629931 
-117517.63629931 
-117450.29334041 
-117450.29334041 
-117450.29334041 
-117450.29334041 
-116934.76224626 
-116907.58911088 
-116907.34765624 
-116907.34765624 
-116903.17397154 
-116901.30463816 
-116901.02552632 
-116901.02552632 
-116896.50692713 
-116560.94840656 
-116560.94840656 
-116560.81786941 
-116557.77614879 
-116557.77614879 
-116557.44019827 
-116557.44019827 
-116557.44019827 
-116549.28268965 
-116549.28268965 
-116548.45065639 
-116548.45065639 
-116548.45065639 
-116532.63770509 
-116532.63770509 
-116481.26656277 
-116458.22718680 
-116457.05533500 
-112524.84672838 
-112524.84641802 
-112516.03099286 
-112516.03099286 
-112516.02114470 
-112515.91888351 
-112515.91888351 
-112515.91888351 
-112515.91888351 
-111925.65732107 
-111925.65732107 
-111925.65732107 
-111914.75070693 
-111914.75070693 
-111911.65808587 
-111911.45025582 
-111890.79415595 
-111823.18939712 
-111454.34780687 
-111452.23083652 
-111449.40640638 
-111443.14962313 
-111443.14962313 
-111421.36001177 
-111421.36001177 
-111421.36001177 
-111421.36001177 
-111421.36001177 
-111418.08019529 
-111417.96668313 
-111417.96668313 
-111417.96668313 
-111417.96668313 
-111417.96668313 
-111417.96668313 
-111376.11103166 
-111180.66920598 
-111180.66920598 
-111179.79237316 
-111179.79237316 
-111176.34668935 
-111172.82112912 
-111172.82112912 
-111167.87444859 
-111167.87444859 
-111167.87444859 
-111163.82432847 
-111163.82432847 
-111163.82432847 
-111163.82079945 
-111163.82079945 
-111163.52410528 
-111101.83795610 
-111101.83795610 
-111030.76462115 
-111030.76462115 
-111030.50111973 
-111029.20377654 
-111006.99719671 
-111006.02316707 
-111006.02316707 
-111004.66063984 
-111004.24590799 
-111004.24590799 
-111003.63697489 
-111003.62940402 
-111003.62940402 
-110993.28234709 
-110991.96705084 
-110991.96705084 
-110991.96705084 
-110991.96705084 
-110991.96705084 
-110991.96705084 
-110991.76460999 
-110991.76460999 
-110991.76460999 
-110991.76460999 
-110991.76028480 
-110991.76028480 
-110991.76028480 
-110980.95196384 
-110980.44353863 
-110980.31322382 
-110978.74235477 
-110978.74235477 
-110977.82279125 
-110977.76530391 
-110899.73319207 
-110899.73319207 
-110899.73319207 
-110899.73319207 
-110899.72934653 
-110899.72934653 
-110899.72934653 
-110899.72934653 
-110899.72934653 
-110899.71299199 
-110899.71299199 
-110899.71299199 
-110899.71299199 
-110899.71299199 
-110894.65891160 
-110885.04554832 
-110884.69405566 
-110883.52478977 
-110883.40905199 
-110883.40905199 
-110844.54357605 
-110844.54357605 
-110844.54357605 
-110844.54357605 
-110844.54357605 
-110844.34731323 
-110844.34731323 
-110844.34731323 
-110844.34731323 
-110842.89049002 
-110842.89049002 
-110842.89049002 
-110841.23461083 
-110841.23461083 
-110841.22469661 
-110841.19518204 
-110746.60829221 
-110743.28113689 
-110726.10275860 
-110726.10275860 
-110725.88963690 
-110722.19693800 
-110722.19693800 
-110722.19693800 
-110722.19693800 
-110722.19475175 
-110722.19475175 
-110720.98644588 
-110720.85364587 
-110720.85364587 
-110719.07697788 
-110719.07697788 
-110719.07697788 
-110719.07697788 
-110714.19428921 
-110714.19428921 
-110687.94807614 
-110687.94807614 
-110687.94807614 
-110687.94807614 
-110687.93026776 
-110687.60227336 
-110687.36402417 
-110687.36402417 
-110687.36402417 
-110687.16886578 
-110686.98720020 
-110686.92866700 
-110686.80864147 
-110686.80864147 
-110686.80864147 
-110686.80234772 
-110669.01798951 
-110669.01798951 
-110669.01798951 
-110669.01798951 
-110669.01511214 
-110669.01511214 
-110666.62222093 
-110666.60525241 
-110666.60525241 
-110666.60525241 
-110666.58324772 
-110665.85436866 
-110665.80670784 
-110665.80670784 
-110665.80670784 
-110661.52900836 
-110661.52900836 
-110661.52900836 
-110660.42917420 
-110660.42917420 
-110660.34801575 
-110660.27806705 
-110660.27806705 
-110660.27805534 
-110659.79411251 
-110659.79411251 
-110659.79411251 
-110659.79411251 
-110659.79411251 
-110659.30000229 
-110659.30000229 
-110659.30000229 
-110659.07607131 
-110659.07607131 
-110659.07607131 
-110659.07607131 
-110659.07607131 
-110659.07607131 
-110655.91566557 
-110655.91566557 
-110655.91327311 
-110655.91327311 
-110653.75926273 
-110653.38644619 
-110653.38644619 
-110653.27930580 
-110653.27930580 
-110653.27930580 
-110653.27856618 
-110653.27856618 
-110653.27856618 
-110650.95945882 
-110650.73590050 
-110650.73590050 
-110650.73590050 
-110649.77575628 
-110615.61528717 
-110615.46777829 
-110615.46777829 
-110615.43114191 
-110615.42670468 
-110615.42542517 
-110615.42542517 
-110615.42542517 
-110615.42542517 
-110615.42542517 
-110615.42542517 
-110615.42542517 
-110615.42284804 
-110615.42284804 
-110615.42284804 
-110615.42284804 
-110602.90499779 
-110602.90499779 
-110602.90499779 
-110602.90394246 
-110602.90394246 
-110602.87083866 
-110602.87083866 
-110602.87083866 
-110602.65725346 
-110602.65725346 
-110602.62667862 
-110602.62667862 
-110602.62667862 
-110602.62667862 
-110602.62188209 
-110600.91804975 
-110600.84257799 
-110600.84257799 
-110600.84257799 
-110600.84257799 
-110597.18029531 
-110597.18029531 
-110597.18029531 
-110597.17983877 
-110597.17983877 
-110597.17822188 
-110597.17822188 
-110597.17822188 
-110596.91444127 
-110596.42416839 
-110596.42416839 
-110596.42416839 
-110596.42416839 
-110596.42416839 
-110596.42416839 
-110596.42051728 
-110596.42051728 
-110596.33477504 
-110594.53333443 
-110594.52107719 
-110594.52107719 
-110594.14560738 
-110594.14560738 
-110594.06029722 
-110594.04898970 
-110594.02774123 
-110594.02774123 
-110594.02774123 
-110594.02774123 
-110594.02774123 
-110593.78031183 
-110593.78031183 
-110593.78031183 
-110593.78031183 
-110593.78031183 
-110593.78031183 
-110591.14245225 
-110591.10218746 
-110591.10218746 
-110591.10218746 
-110591.10218746 
-110591.10218746 
-110591.10218746 
-110591.08170449 
-110589.61216563 
-110589.61216563 
-110589.60531351 
-110589.60531351 
-110589.59372390 
-110589.59372390 
-110589.59372390 
-110589.58729029 
-110588.08916021 
-110588.08916021 
-110588.08916021 
-110588.08726701 
-110588.07891389 
-110588.07891389 
-110588.07891389 
-110588.06576711 
-110588.06576711 
-110588.06576711 
-110588.02191898 
-110588.02191898 
-110588.02191898 
-110588.02191898 
-110588.02191898 
-110588.02191898 
-110588.02191898 
-110588.02191898 
-110588.01894035 
-110588.01894035 
-110587.33050222 
-110587.33050222 
-110587.24030269 
-110587.24030269 
-110587.24030269 
-110587.24030269 
-110587.24030269 
-110587.10313561 
-110586.95286199 
-110586.95286199 
-110586.95286199 
-110586.95286199 
-110586.92209396 
-110586.92209396 
-110586.92209396 
-110586.92049696 
-110586.34612304 
-110586.34612304 
-110584.95024685 
-110584.93121075 
-110584.93121075 
-110584.50877248 
-110584.50877248 
-110584.50877248 
-110584.50877248 
-110584.50877248 
-110584.50384469 
-110584.50384469 
-110584.50384469 
-110584.50384469 
-110584.50384469 
-110584.50384469 
-110584.50384469 
-110584.50384469 
-110584.50384469 
-110584.17471749 
-110584.17471749 
-110584.17249706 
-110584.17249706 
-110584.17225399 
-110584.17225399 
-110584.17225399 
-110583.92323234 
-110583.92323234 
-110583.89982689 
-110583.89982689 
-110583.89982689 
-110583.89982689 
-110583.89982689 
-110583.89982689 
-110583.89982689 
-110583.89982689 
-110583.89982689 
-110583.89982689 
-110583.89982689 
-110583.89982689 
-110583.89982689 
-110583.89982689 
-110583.89982689 
-110583.43093563 
-110583.26405401 
-110583.17002869 
-110583.17002869 
-110583.15938290 
-110583.15938290 
-110583.15938290 
-110583.15938290 
-110583.15938290 
-110583.15687284 
-110583.15687284 
-110583.11204469 
-110583.11204469 
-110581.92188207 
-110581.92188207 
-110581.92188207 
-110581.92188207 
-110581.92188207 
-110581.92188207 
-110581.92188207 
-110581.92188207 
-110581.90467205 
-110581.90467205 
-110581.90467205 
-110581.90467205 
-110581.90467205 
-110581.90467205 
-110581.90467205 
-110581.90467205 
-110581.90467205 
-110581.90467205 
-110581.84109142 
-110581.84022029 
-110581.84022029 
-110581.84022029 
-110581.84022029 
-110581.84022029 
-110581.84022029 
-110581.81027105 
-110581.81027105 
-110581.81027105 
-110581.81004291 
-110581.81004291 
-110581.81004291 
-110581.81004291 
-110581.81004291 
-110581.74568092 
-110581.74568092 
-110581.74568092 
-110581.74568092 
-110581.72317170 
-110581.72317170 
-110581.72313732 
-110581.72313732 
-110581.72313732 
-110581.70879191 
-110581.70019928 
-110581.70019928 
-110581.70019928 
-110581.70019928 
-110581.68328571 
-110581.68328571 
-110581.68328571 
-110581.68328571 
-110581.68328571 
-110581.61787687 
-110581.61787687 
-110581.61787687 
-110581.60829462 
-110581.60829462 
-110581.60829462 
-110581.60829462 
-110581.60829462 
-110581.60829462 
-110581.60829462 
-110581.60502043 
-110581.60502043 
-110581.60502043 
-110581.60502043 
-110581.50098551 
-110581.49031060 
-110581.49031060 
-110581.43139399 
-110581.43139399 
-110581.43139399 
-110581.32492032 
-110581.32492032 
-110581.32492032 
-110581.32492032 
-110581.32492032 
-110581.32487447 
-110581.27743546 
-110581.27353098 
-110581.27353098 
-110581.27353098 
-110581.27353098 
-110581.27353098 
-110581.22825123 
-110581.22825123 
-110581.22825123 
-110581.22825123 
-110581.22825123 
-110581.22825123 
-110581.04127053 
-110581.04062295 
-110581.04062295 
-110581.04062295 
-110581.04062295 
-110581.04062295 
-110581.04062295 
-110581.04062295 
-110581.04062295 
-110581.03264862 
-110581.03194044 
-110581.03194044 
-110581.03194044 
-110581.03194044 
-110581.03194044 
-110581.03194044 
-110581.03194044 
-110581.03194044 
-110581.03194044 
-110581.03194044 
-110581.03194044 
-110581.03194044 
-110581.03172575 
-110581.03172575 
-110581.03172575 
-110581.03172575 
-110581.03172575 
-110580.90203870 
-110580.90203870 
-110580.90203870 
-110580.90043346 
-110580.90043346 
-110580.90043346 
-110580.90043346 
-110580.90043346 
-110580.90043346 
-110580.90043346 
-110580.90043346 
-110580.90040646 
-110580.90040646 
-110580.90040646 
-110580.90040646 
-110580.90040646 
-110580.90040646 
-110580.90040646 
-110580.87293393 
-110580.87293393 
-110580.87293393 
-110580.87293393 
-110580.87293393 
-110580.87293393 
-110580.87293393 
-110580.87293393 
-110580.87293393 
-110580.87293393 
-110580.80560675 
-110580.80560675 
-110580.80560675 
-110580.80560675 
-110580.80560675 
-110580.80560675 
-110580.80560675 
-110580.80560675 
-110580.80560675 
-110580.80560675 
-110580.80560675 
-110580.80560675 
-110580.80560675 
-110580.80560675 
-110580.80560675 
-110580.80560675 
-110580.80560675 
-110580.77176890 
-110580.77122677 
-110580.77120800 
-110580.77120800 
-110580.77120800 
-110580.74200170 
-110580.74200170 
-110580.74200170 
-110580.74200170 
-110580.74200170 
-110580.74200170 
-110580.74200170 
-110580.74200170 
-110580.74200170 
-110580.74200170 
-110580.74200170 
-110580.74200170 
-110580.74200170 
-110580.73618139 
-110580.73618139 
-110580.73618139 
-110580.73618139 
-110580.73618139 
-110580.73618139 
-110580.73618139 
-110580.73618139 
-110580.73618139 
-110580.73618139 
-110580.73315851 
-110580.73315851 
-110580.73315851 
-110580.73117017 
-110580.73117017 
-110580.73117017 
-110580.73117017 
-110580.73117017 
-110580.64264475 
-110580.64264475 
-110580.64264438 
-110580.64264438 
-110580.64257429 
-110580.60074953 
-110580.60074953 
-110580.60074953 
-110580.60074953 
-110580.60074953 
-110580.60074953 
-110580.60074953 
-110580.60074953 
-110580.58255520 
-110580.58255520 
-110580.58255520 
-110580.56042628 
-110580.56042628 
-110580.56042628 
-110580.56042628 
-110580.56042628 
-110580.56042628 
-110580.56042628 
-110580.56042628 
-110580.56042628 
-110580.55972513 
-110580.55972513 
-110580.55972513 
-110580.55972513 
-110580.55972513 
-110580.55972513 
-110580.55972513 
-110580.55972513 
-110580.55972513 
-110580.55972513 
-110580.55972513 
-110580.53016708 
-110580.53016708 
-110580.53016708 
-110580.53016708 
