-1441035.63949958 
-1428266.02150883 
-1163565.17760439 
-1136047.33352887 
-1136047.33352887 
-1129685.47061646 
-1129672.98077807 
-1125465.90215194 
-1049206.35518447 
-977515.84559112 
-968629.02896885 
-870639.77516477 
-864064.02118006 
-847445.50990445 
-831332.20180607 
-821977.77468440 
-791772.97759783 
-776732.33943249 
-768018.89143447 
-768018.89143447 
-758379.71768332 
-758334.28278270 
-715136.94983204 
-589321.16982893 
-556452.70569570 
-524075.67033653 
-514142.37486347 
-491956.38446303 
-488692.90066561 
-409144.92196102 
-311505.87200932 
-306020.86725726 
-295731.70721607 
-272727.47818283 
-243966.58975444 
-235368.51763403 
-234879.86006797 
-234879.86006797 
-226671.37490846 
-220971.03303664 
-220967.90004247 
-215833.71590020 
-214106.59528858 
-214106.59528858 
-200377.63701482 
-200377.63701482 
-197125.82770597 
-197125.82770597 
-197125.82770597 
-196977.10672183 
-196977.10672183 
-196977.10672183 
-196687.88143917 
-196681.92393265 
-195563.02016752 
-194648.23485060 
-190848.38714838 
-190848.38714838 
-190607.80887999 
-189345.19008370 
-189141.28013330 
-189141.28013330 
-189075.19681439 
-189074.02911647 
-189069.59386548 
-189069.59386548 
-185505.16327502 
-179430.31321038 
-178546.47512762 
-178546.47512762 
-177491.23010125 
-176039.65516151 
-176039.65516151 
-176039.65516151 
-176039.65516151 
-168086.54584734 
-168080.50757174 
-167781.56715803 
-167778.47791291 
-167778.47791291 
-164324.36105893 
-162933.08903638 
-162824.69439244 
-162820.20652373 
-162129.14757630 
-156941.92464711 
-156941.92464711 
-156941.92464711 
-156930.61545918 
-156930.61545918 
-156921.22403057 
-156796.03869268 
-156796.03869268 
-156620.64627342 
-155976.90038303 
-155976.90038303 
-155540.30364963 
-154626.69991423 
-153275.83126550 
-153275.83126550 
-152796.72695827 
-152796.72695827 
-151246.10085613 
-149700.95885188 
-149700.95885188 
-149492.89331873 
-149492.89331873 
-149492.89331873 
-149492.89331873 
-149205.66917285 
-149205.66917285 
-149205.66917285 
-149205.66917285 
-147641.77918612 
-132892.68650959 
-132736.11351319 
-132736.11351319 
-132725.81533731 
-132218.28068995 
-132218.28068995 
-132136.89449779 
-132009.67103728 
-131404.01027714 
-131404.01027714 
-131404.01027714 
-131401.06976456 
-131399.32302011 
-131394.20834611 
-131380.63501723 
-131372.47796207 
-131372.47796207 
-131372.47796207 
-131369.80331595 
-131168.89792799 
-130681.02749176 
-130666.84354113 
-130666.84354113 
-130069.78386553 
-130066.86658668 
-130066.86658668 
-130066.86658668 
-130066.86658668 
-129891.38115812 
-129889.03415204 
-129653.71551744 
-129653.71551744 
-129653.71551744 
-120571.43366064 
-120571.43366064 
-120571.43366064 
-117942.39576060 
-117173.95597747 
-117159.61203685 
-117095.83694729 
-116082.69176380 
-115667.72055863 
-115667.72055863 
-115122.74031462 
-115067.30505389 
-114886.70612191 
-114886.56902107 
-114873.60885676 
-114873.60885676 
-114870.60901550 
-114866.40866707 
-114858.78534304 
-114763.55947671 
-114763.26451441 
-114763.26451441 
-114763.26451441 
-114763.26451441 
-114763.26451441 
-114763.26451441 
-114660.94940198 
-114627.20233808 
-114627.20233808 
-114627.20233808 
-114627.20233808 
-114627.20233808 
-114624.14888268 
-114624.14888268 
-114624.14888268 
-114613.07028324 
-114306.53922934 
-114306.53922934 
-114241.05881523 
-114241.05881523 
-114241.05881523 
-107957.13693221 
-107957.13693221 
-107760.76356673 
-107760.76356673 
-107759.48771535 
-106492.30551799 
-106472.12686894 
-106472.12686894 
-106458.31745134 
-106458.31745134 
-106458.31745134 
-106456.72258292 
-106456.72258292 
-106456.72258292 
-106448.12425854 
-106448.12425854 
-106448.10213856 
-106149.58567741 
-105292.80664763 
-105292.80664763 
-105292.80664763 
-103495.93306291 
-103477.12855298 
-103471.45411721 
-103471.45411721 
-103471.45411721 
-103421.49402361 
-103421.49402361 
-103410.33539583 
-103407.87668656 
-103407.87668656 
-103347.56705973 
-103344.71099023 
-103342.70202694 
-103099.98703730 
-102917.07553663 
-102879.73207393 
-102879.73207393 
-102224.78653880 
-102152.87777321 
-102152.87777321 
-101929.14214591 
-101929.14214591 
-101875.74600294 
-101867.29279967 
-101867.29279967 
-101867.29279967 
-101867.29279967 
-101858.88627033 
-101858.88627033 
-101630.32188879 
-101623.93376217 
-101623.23503191 
-101553.27000320 
-101532.09224502 
-101532.09224502 
-101528.19373334 
-96685.62632034 
-96639.61072371 
-96639.61072371 
-96447.16685590 
-96433.14555643 
-96426.43465806 
-96426.43465806 
-96426.43465806 
-96426.43465806 
-96325.14128998 
-95604.63713865 
-95604.63713865 
-95604.41128075 
-95458.49380082 
-95458.49380082 
-95384.55018329 
-95384.38512042 
-95353.54631469 
-95353.54631469 
-95353.54631469 
-95208.26462820 
-95205.78841495 
-95205.76140866 
-95204.70584595 
-95204.70584595 
-95202.33062969 
-95202.33062969 
-95182.17500488 
-95182.17500488 
-95178.44832825 
-95171.36416226 
-95170.77857995 
-95152.66322777 
-95099.54622915 
-95099.51348591 
-95099.51348591 
-95020.25557839 
-95020.25557839 
-95018.17580897 
-95016.06129382 
-95016.06129382 
-95002.22284237 
-95002.21812549 
-95002.21812549 
-95002.21812549 
-94987.54000354 
-94978.64122970 
-94978.64122970 
-94978.51680439 
-94928.87359064 
-94633.24525974 
-94613.99400717 
-94608.03216168 
-94536.20973999 
-94531.97040663 
-94531.97031035 
-94522.49002389 
-94522.49002389 
-94522.28183816 
-94517.83841370 
-94517.83841370 
-94517.83841370 
-94517.69326750 
-94507.84710556 
-94507.84710556 
-94466.22673694 
-94466.11393845 
-94465.90307485 
-94465.90307485 
-94464.78586981 
-94464.77820898 
-94460.78769765 
-94460.78769765 
-94457.76506970 
-94454.45915579 
-94454.45915579 
-94454.45915579 
-94454.45915579 
-94454.45915579 
-94453.60793319 
-94452.72732696 
-94452.72732696 
-94441.91291771 
-94441.91291771 
-94441.60561149 
-94441.16083915 
-94349.94918061 
-94342.90947679 
-94342.90947679 
-94311.13153385 
-94311.13153385 
-94311.13153385 
-94310.95399231 
-94308.46062187 
-94308.31859409 
-94308.31859409 
-94307.94023683 
-94307.83128801 
-94306.17397323 
-94306.17397323 
-94306.17397323 
-94296.97295561 
-94296.97295561 
-94296.60127459 
-94296.60127459 
-94296.60127459 
-94296.60127459 
-94296.55910697 
-93983.97567245 
-93983.94717854 
-93983.06841275 
-93982.05455345 
-93981.97925113 
-93978.57342272 
-93978.57342272 
-93978.57342272 
-93973.52935332 
-93973.52548557 
-93973.52548557 
-93973.52548557 
-93973.50906448 
-93973.50906448 
-93935.44414475 
-93932.57674994 
-93932.57674994 
-93919.69037949 
-93887.24293120 
-93887.24293120 
-93885.55236171 
-93885.41201775 
-93885.16725451 
-93885.16225584 
-93885.16225584 
-93885.16225584 
-93885.16225584 
-93885.16225584 
-93885.16225584 
-93871.37783245 
-93871.37783245 
-93871.35419359 
-93871.29695785 
-93871.27884337 
-93871.26856250 
-93869.33070570 
-93645.23706649 
-93644.77078949 
-93642.19453238 
-93640.18401462 
-93640.18401462 
-93640.18401462 
-93640.18401462 
-93640.18401462 
-93640.09428287 
-93640.09428287 
-93640.04934920 
-93638.32259339 
-93638.32259339 
-93636.71229145 
-93636.71229145 
-93631.23113963 
-93631.23113963 
-93631.23113963 
-93631.23113963 
-93631.23113963 
-93631.23113963 
-93631.23113963 
-93630.79994347 
-93630.79072540 
-93630.50679026 
-93630.45268178 
-93630.45268178 
-93629.73122948 
-93629.73122948 
-93628.87748607 
-93628.87748607 
-93628.84338529 
-93628.74499431 
-93628.60418440 
-93628.60380551 
-93628.60380551 
-93614.56795514 
-93614.56795514 
-93613.65545603 
-93612.75450338 
-93612.75450338 
-93609.99677886 
-93609.99677886 
-93609.99677886 
-93609.99677886 
-93609.99677886 
-93608.64135182 
-93608.39091430 
-93608.37732471 
-93608.37732471 
-93607.68900982 
-93598.33693069 
-93597.14574673 
-93597.14574673 
-93595.11680676 
-93595.11680676 
-93595.08106931 
-93595.08106931 
-93595.01980478 
-93595.01972852 
-93594.79591881 
-93594.78300168 
-93594.78300168 
-93592.94499173 
-93592.94499173 
-93592.94499173 
-93592.94499173 
-93592.94307021 
-93592.94307021 
-93592.94307021 
-93592.94307021 
-93592.85633949 
-93592.85633949 
-93592.85633949 
-93592.72534385 
-93592.45401583 
-93592.45401583 
-93591.41481749 
-93591.41481749 
-93591.41481749 
-93591.41481749 
-93591.41234193 
-93591.41234193 
-93591.41234193 
-93591.41234193 
-93590.38794797 
-93590.30999493 
-93588.75384994 
-93587.48926514 
-93587.48926514 
-93587.46852539 
-93587.45863175 
-93587.45863175 
-93587.40524361 
-93587.40524361 
-93587.40465637 
-93587.40465637 
-93587.40332214 
-93587.37655652 
-93587.37655652 
-93587.37655652 
-93587.23868375 
-93587.23868375 
-93587.22506139 
-93587.21583522 
-93587.17166785 
-93587.17166785 
-93587.17166785 
-93583.11922033 
-93582.86357689 
-93582.86357689 
-93582.86357689 
-93582.71682433 
-93582.71682433 
-93582.71682433 
-93582.71682433 
-93582.71682433 
-93582.71682433 
-93582.71682433 
-93582.71682433 
-93582.71682433 
-93582.71682433 
-93582.71577532 
-93582.71577532 
-93582.46324875 
-93582.46324875 
-93581.81694074 
-93581.81694074 
-93581.81694074 
-93581.81694074 
-93581.81694074 
-93581.81694074 
-93581.66737117 
-93581.66737117 
-93581.66737117 
-93581.66737117 
-93581.66737117 
-93581.66737117 
-93581.66737117 
-93581.66737117 
-93581.66737117 
-93581.66737117 
-93581.66737117 
-93581.60349848 
-93575.22970224 
-93575.22970224 
-93575.00992955 
-93575.00992955 
-93574.98086252 
-93574.84994063 
-93574.84994063 
-93574.71146456 
-93574.71146456 
-93574.71146456 
-93574.58999811 
-93574.58999811 
-93574.58881293 
-93574.31834523 
-93574.31834523 
-93574.11543497 
-93573.00314168 
-93573.00314168 
-93572.98508760 
-93572.98508760 
-93572.46184355 
-93572.46184355 
-93572.46121118 
-93572.45894410 
-93572.45894410 
-93572.45894410 
-93572.45493582 
-93572.14180957 
-93572.14180957 
-93572.14180957 
-93572.14180957 
-93572.10902034 
-93572.10902034 
-93572.10882993 
-93572.10882993 
-93572.10882993 
-93572.10882993 
-93572.10882993 
-93572.10882993 
-93572.10882993 
-93572.10882993 
-93572.10882993 
-93572.10198692 
-93572.10198692 
-93572.09985094 
-93572.09985094 
-93571.78976057 
-93571.78976057 
-93571.78976057 
-93571.72762970 
-93571.72762970 
-93571.72762970 
-93571.72762970 
-93571.72725187 
-93571.72725187 
-93571.72725187 
-93571.60450377 
-93571.47210171 
-93571.47210171 
-93571.47210171 
-93571.47210171 
-93571.47210171 
-93571.47210171 
-93571.47210171 
-93571.47210171 
-93571.47210171 
-93571.47210171 
-93571.47210171 
-93571.47210171 
-93571.46813623 
-93571.46813623 
-93571.46813623 
-93571.45202254 
-93571.43687851 
-93571.19218122 
-93571.01741179 
-93571.01741179 
-93570.99167870 
-93570.97213537 
-93570.97213537 
-93570.97213537 
-93570.97190669 
-93566.22033602 
-93566.22033602 
-93566.22014034 
-93566.22014034 
-93566.22014034 
-93566.12450231 
-93566.10938193 
-93564.08501425 
-93564.08501425 
-93564.08501425 
-93564.07659888 
-93564.07659888 
-93564.07659888 
-93564.07659888 
-93564.02279648 
-93564.00800781 
-93564.00794849 
-93564.00794849 
-93564.00794849 
-93564.00794849 
-93564.00794849 
-93564.00794849 
-93564.00794849 
-93564.00626764 
-93564.00626764 
-93564.00626764 
-93563.90871201 
-93563.90871201 
-93563.90871201 
-93563.90871201 
-93563.90871201 
-93563.90871201 
-93563.90871201 
-93563.90871201 
-93563.90871201 
-93563.90871201 
-93563.90871201 
-93563.90871201 
-93563.90871201 
-93563.90871201 
-93563.90871201 
-93563.88708050 
-93563.88708050 
-93563.88708050 
-93563.88708050 
-93563.88708050 
-93563.88708050 
-93563.88431586 
-93563.88431586 
-93563.88431586 
-93563.88285022 
-93563.87688721 
-93563.87438072 
-93563.87438072 
-93563.87438072 
-93563.87019772 
-93563.87019772 
-93563.87019772 
-93563.87019772 
-93563.86108896 
-93563.86108896 
-93563.86037367 
-93563.86037367 
-93563.86037367 
-93563.84277006 
-93563.83609516 
-93563.83609516 
-93563.73021606 
-93563.70856386 
-93563.70856386 
-93563.70856386 
-93563.70856386 
-93563.70856386 
-93563.70856386 
-93563.70856386 
-93563.70856386 
-93563.70856386 
-93563.64865000 
-93563.62402095 
-93563.62402095 
-93563.62402095 
-93563.62402095 
-93563.62402095 
-93563.61929294 
-93563.61929294 
-93563.61929294 
-93563.61929294 
-93563.61929294 
-93563.61929294 
-93563.61929294 
-93563.61929294 
-93563.61929294 
-93563.61929294 
-93563.61929294 
-93563.61929294 
-93563.61929294 
-93563.61893025 
-93563.61893025 
-93563.61893025 
-93563.61893025 
-93563.61890846 
-93563.61510805 
-93563.61510805 
-93563.61510805 
-93563.61510805 
-93563.61510805 
-93563.61510805 
-93563.61510805 
-93563.61510805 
-93563.61510805 
-93563.61469709 
-93563.61469709 
-93563.61469709 
-93563.60826063 
-93563.60826063 
-93563.60826063 
-93563.60784173 
-93563.60784173 
-93563.60784173 
-93563.58765288 
-93563.58765288 
-93563.58765288 
-93563.58765288 
-93563.58765288 
-93563.58765288 
-93563.58765288 
-93563.54277088 
-93563.48635457 
-93563.44429620 
-93563.44429620 
-93563.44429620 
-93563.44274689 
-93563.44274689 
-93563.44274689 
-93563.44274689 
-93563.44274689 
-93563.44274689 
-93563.44274689 
-93563.44274689 
-93563.44274689 
-93563.44274689 
-93563.44274689 
-93563.44274157 
-93563.44267323 
-93563.44267323 
-93563.44267323 
-93563.44267323 
-93563.44267323 
-93563.44209166 
-93563.37621925 
-93563.37621925 
-93563.37621925 
-93563.37621925 
-93563.37621202 
-93563.37621202 
-93563.37621202 
-93563.37621202 
-93563.37621202 
-93563.37621202 
-93563.37621202 
-93563.37621202 
-93563.37621202 
-93563.37621202 
-93563.35040613 
-93563.32742037 
-93563.32742037 
-93563.32742037 
-93563.32742037 
-93563.32742037 
-93563.32742037 
-93563.32742037 
-93563.32369194 
-93563.32369194 
-93563.32369194 
-93563.32369194 
-93563.32369194 
-93563.32369194 
-93563.32369194 
-93563.32369194 
-93563.32369194 
-93563.31031442 
-93563.31031442 
-93563.30890137 
-93563.30890137 
-93563.30877414 
-93563.30877414 
-93563.30877414 
-93563.30877414 
-93563.30877414 
-93563.30866726 
-93563.30866726 
-93563.30866726 
-93563.30866726 
-93563.30866726 
-93563.30866726 
-93563.30866726 
-93563.30866726 
-93563.30169995 
-93563.30154520 
-93563.30154520 
-93563.28371922 
-93563.28357961 
-93563.28357961 
-93563.28109473 
-93563.28109473 
-93563.28109473 
-93563.28109473 
-93563.28049307 
-93563.28049307 
-93563.28049307 
-93563.28049307 
-93563.23369455 
-93563.23369455 
-93563.23369455 
-93563.23369455 
-93563.23369455 
-93563.23369455 
-93563.23369455 
-93563.23369455 
-93563.22773598 
-93563.22773598 
-93563.22773598 
-93563.22773598 
-93563.22773598 
-93563.22773598 
-93563.22760770 
-93563.22760770 
-93563.22628236 
-93563.22310126 
-93563.22310126 
-93563.22310126 
-93563.20137463 
-93563.20137463 
-93563.20137463 
-93563.20137463 
-93563.18570094 
-93563.18570094 
-93563.18570094 
-93563.18570094 
-93563.18570094 
-93563.18570094 
-93563.18570094 
-93563.18570094 
-93563.18131323 
-93563.18131323 
-93563.18131323 
-93563.18131323 
-93563.18131323 
-93563.18131323 
-93563.18131323 
-93563.18131323 
-93563.17870446 
-93563.17870446 
-93563.17870446 
-93563.17870446 
-93563.17870446 
-93563.17868943 
-93563.17868943 
-93563.17868943 
-93563.17868943 
-93563.17868943 
-93563.17868943 
-93563.17868943 
-93563.17868943 
-93563.17853349 
-93563.17853349 
-93563.17853349 
-93563.17853349 
-93563.17853349 
-93563.17853349 
-93563.17853349 
-93563.17853349 
-93563.17853349 
-93563.17853349 
-93563.17853349 
-93563.17853349 
-93563.17853349 
-93563.17853349 
-93563.17853349 
-93563.17853349 
-93563.17853349 
-93563.17853349 
-93563.17853349 
-93563.14073199 
-93563.14073199 
