-1328225.46961669 
-1267642.80809803 
-1252361.02725782 
-1244694.91655964 
-1244694.91655964 
-1179419.54007697 
-1178980.21458318 
-1123508.29003614 
-1075979.28030095 
-1075979.28030095 
-1031060.01974079 
-945943.84360927 
-925816.10726487 
-925816.10726487 
-842848.64330245 
-833377.04084493 
-784016.40344898 
-784016.40344898 
-773719.97464569 
-770124.01643202 
-756507.91416218 
-708393.23751803 
-685901.29115061 
-680620.50424475 
-680328.86998823 
-672843.29099993 
-634646.80309091 
-633489.77415995 
-632132.20516511 
-490993.08592914 
-482821.90272332 
-419064.90266452 
-390357.08614809 
-349942.72274239 
-329553.38671624 
-275992.01416513 
-274254.95294568 
-268209.80600831 
-268209.80600831 
-267849.71206032 
-267503.92705990 
-265850.38314134 
-265850.38314134 
-265832.47108013 
-265805.49931599 
-265805.49931599 
-265630.23142717 
-265630.23142717 
-265367.52972244 
-265295.35018525 
-265105.62049909 
-257878.76930084 
-257878.76930084 
-257225.64156013 
-257192.72277180 
-254670.54629919 
-254670.54629919 
-254670.54629919 
-254662.99270961 
-254662.99270961 
-254293.94158711 
-253189.74805220 
-253134.96799982 
-251086.48325272 
-251057.38597965 
-251057.38597965 
-249989.69454402 
-249989.69454402 
-249989.69454402 
-249910.51159526 
-249734.56378542 
-249636.56388717 
-249119.03422515 
-201056.94359856 
-201005.20514799 
-201005.20514799 
-200767.15892999 
-191564.06004547 
-191564.06004547 
-191564.06004547 
-186448.95947572 
-186421.27441495 
-186280.73432559 
-186160.90033121 
-186160.90033121 
-186154.98592493 
-186153.22072305 
-186153.22072305 
-185187.90743644 
-183505.36121487 
-182430.92532384 
-179775.47238498 
-179708.74371039 
-179472.05908183 
-179290.63627401 
-179171.86020957 
-178882.97507653 
-178792.18658158 
-178771.18572686 
-178695.30116620 
-178695.30116620 
-177543.74762609 
-177543.74762609 
-177535.89023798 
-177456.96122107 
-177456.96122107 
-177359.24414352 
-177347.04731760 
-175111.92014608 
-175111.92014608 
-169976.12971054 
-169971.58797619 
-169805.23268155 
-169805.23268155 
-169665.69505876 
-169665.69505876 
-158704.77636772 
-158681.93057211 
-158557.58547230 
-155745.08317496 
-155663.76714841 
-155663.54186287 
-155626.63457715 
-155619.19950349 
-155619.19950349 
-155619.19950349 
-155445.90209358 
-155194.56010257 
-154170.22902555 
-154170.22902555 
-154005.30943464 
-154005.30943464 
-154005.30943464 
-153895.06007180 
-153878.46278503 
-153789.63284826 
-153784.16501794 
-153784.16501794 
-153643.88912941 
-153559.73050001 
-153409.96272597 
-153296.41925491 
-152990.93299873 
-152990.93299873 
-151763.82003281 
-135017.31242409 
-133658.25787222 
-133560.46384228 
-133558.25300617 
-133482.47186542 
-133445.11419261 
-133358.00912760 
-132942.75973928 
-132939.67449780 
-132939.67449780 
-132865.12311205 
-132865.12311205 
-132865.12311205 
-132857.93201893 
-130144.40138276 
-127478.68536721 
-127474.59142482 
-127474.59142482 
-126039.71459246 
-125887.49494709 
-125887.49494709 
-125251.36838012 
-125239.20514993 
-125238.12009752 
-125237.25213726 
-125231.53021653 
-124872.20305552 
-124872.20305552 
-124450.97206944 
-124419.07557560 
-124419.07557560 
-124241.36445127 
-124241.36445127 
-122239.05128608 
-122219.06204622 
-118198.59625501 
-117960.45356862 
-117878.15712739 
-117878.15712739 
-117878.13012142 
-117858.38117001 
-117851.61214074 
-117851.61214074 
-117851.61214074 
-117851.56780527 
-117702.95586789 
-116778.83615068 
-116778.83615068 
-116778.83615068 
-116775.67254801 
-115277.58829114 
-115277.58829114 
-115231.25709630 
-115231.25709630 
-115210.48343013 
-115210.48343013 
-115183.50667276 
-115159.21839143 
-115159.21839143 
-115152.21660963 
-115152.21660963 
-115152.21660963 
-115008.67006472 
-115008.58484724 
-114862.05343365 
-114633.03029306 
-114523.40234933 
-114523.40234933 
-114485.03233797 
-114484.10983362 
-114484.10983362 
-114484.10983362 
-110306.32986037 
-110294.82508989 
-110294.29999392 
-110294.29999392 
-109636.81736624 
-109628.84138009 
-109628.84138009 
-109077.79354324 
-109076.12411415 
-109066.38334810 
-109066.38334810 
-109066.29252282 
-109066.12341130 
-109066.06465025 
-108317.02664805 
-108317.02664805 
-108299.33361182 
-108299.33361182 
-108108.17522362 
-108108.17522362 
-108104.55162090 
-108102.30007616 
-108072.16271940 
-108072.16271940 
-108072.02331919 
-108072.02331919 
-108072.02331919 
-108072.02331919 
-107997.17321788 
-107984.71127066 
-107984.71127066 
-107977.06029893 
-107968.70298285 
-107770.95396922 
-107770.95396922 
-107770.95396922 
-105813.15435488 
-105799.41365712 
-105799.41365712 
-105789.98600678 
-105777.08105284 
-105777.08105284 
-105777.06428665 
-105761.60386066 
-105761.37867177 
-105624.84528485 
-105546.32245309 
-105545.87166527 
-105545.84895901 
-105545.65993274 
-105544.79152071 
-105255.10861496 
-105244.62728759 
-105244.62728759 
-105222.27463792 
-105222.27463792 
-105222.19554604 
-105221.19686039 
-105221.19686039 
-105214.32692245 
-105214.32692245 
-105213.84960125 
-105213.64445703 
-105213.28635905 
-105213.15343706 
-105213.15343706 
-105198.05086622 
-105197.00318048 
-105197.00318048 
-105158.50989306 
-105157.80881051 
-105157.80881051 
-105157.80881051 
-105157.32040489 
-105115.88682540 
-105113.80048940 
-104958.02732716 
-104958.02732716 
-104958.00759083 
-104956.21627783 
-104956.05029740 
-104951.20265878 
-104904.20493419 
-104904.20493419 
-104903.64554172 
-104903.43417138 
-104903.33876769 
-103678.01565132 
-103671.27549805 
-103656.14334145 
-103648.81003193 
-103648.02473566 
-103648.02473566 
-103648.01807712 
-103648.01807712 
-103648.01807712 
-103648.01807712 
-103647.76213655 
-103646.49061277 
-103646.49061277 
-103646.49061277 
-103645.55305173 
-103645.55305173 
-103645.55305173 
-103645.55305173 
-103604.96708719 
-103604.96708719 
-103604.96708719 
-103601.69010751 
-103601.51717550 
-103600.03093901 
-103597.56148544 
-103567.17471854 
-103566.71096986 
-103566.56925728 
-103563.67549611 
-103560.81678693 
-103560.81678693 
-103560.81678693 
-103560.81678693 
-103559.35040717 
-103551.51792762 
-103545.48807428 
-103545.48807428 
-103543.53388045 
-103543.53388045 
-103540.01741649 
-103540.01741649 
-103536.66064484 
-103536.66064484 
-103536.66064484 
-103536.66064484 
-103536.66064484 
-103536.66064484 
-103536.66064484 
-103536.65384165 
-103532.94377855 
-103532.94377855 
-103532.94377855 
-103527.78267728 
-103527.15435978 
-103527.15435978 
-103526.62770974 
-103526.62770974 
-103505.33246433 
-103505.33246433 
-103505.33246433 
-103505.18923570 
-103494.10160679 
-103494.10160679 
-103493.99986541 
-103493.99986541 
-103493.99986541 
-103492.02482471 
-103481.51608839 
-103481.51608839 
-103481.51608839 
-103481.50071546 
-103480.41112757 
-103480.41112757 
-103480.41112757 
-103480.41112757 
-103480.41112757 
-103477.43739202 
-103477.43739202 
-103477.02750056 
-103476.58895374 
-103476.58895374 
-103475.94511802 
-103475.93192695 
-103475.93192695 
-103475.93192695 
-103472.46340701 
-103470.16217042 
-103468.74595526 
-103468.17804449 
-103468.17804449 
-103466.38625037 
-103466.35002050 
-103466.35002050 
-103439.27930572 
-103439.04236774 
-103439.04236774 
-103438.29557986 
-103420.01181795 
-103420.01181795 
-103420.01181795 
-103420.01181795 
-103420.01181795 
-103420.01181795 
-103409.89107792 
-103409.89107792 
-103404.71004160 
-103404.71004160 
-103404.71004160 
-103310.24342451 
-103308.57199763 
-103308.57199763 
-103308.57199763 
-103307.38707854 
-103307.38707854 
-103307.29372732 
-103306.91102348 
-103306.91102348 
-103306.85315093 
-103306.85315093 
-103306.85315093 
-103306.85315093 
-103305.64535141 
-103305.64535141 
-103305.64535141 
-103305.64535141 
-103305.64535141 
-103305.64535141 
-103305.61532426 
-103305.61532426 
-103305.61532426 
-103305.61532426 
-103305.61532426 
-103305.61512521 
-103305.61512521 
-103305.61512521 
-103305.60498332 
-103302.49448370 
-103302.40863268 
-103302.40863268 
-103289.87266330 
-103289.87266330 
-103289.36510355 
-103289.35845903 
-103286.05173064 
-103286.05173064 
-103286.05173064 
-103280.67320209 
-103280.67320209 
-103280.66954099 
-103280.66954099 
-103280.66954099 
-103280.66954099 
-103280.66954099 
-103280.66178469 
-103280.66178469 
-103280.57962365 
-103280.57651782 
-103280.43583677 
-103280.43583677 
-103280.42930523 
-103280.39464809 
-103280.39464809 
-103279.50576183 
-103279.50576183 
-103279.50576183 
-103279.20426572 
-103279.10420931 
-103278.61559348 
-103278.61559348 
-103278.61559348 
-103278.61559348 
-103278.60606188 
-103277.45188337 
-103277.45105387 
-103277.09524192 
-103277.09524192 
-103277.09524192 
-103277.09524192 
-103277.09524192 
-103277.09524192 
-103132.67880149 
-103132.67880149 
-103132.67880149 
-103127.98798700 
-103127.98798700 
-103127.98474216 
-103127.96710957 
-103127.87631930 
-103127.13939567 
-103127.13447011 
-103127.13447011 
-103125.38710024 
-103125.38427789 
-103125.38427789 
-103125.38427789 
-103125.38427789 
-103125.38427789 
-103125.38427789 
-103125.29362327 
-103124.98248494 
-103124.98248494 
-103124.95521651 
-103124.95521651 
-103124.95521651 
-103124.95521651 
-103124.41716539 
-103124.41716539 
-103124.40186225 
-103124.40186225 
-103124.34717240 
-103124.24472407 
-103124.24472407 
-103124.24472407 
-103124.16502250 
-103124.16502250 
-103123.96106872 
-103123.96106872 
-103123.96106872 
-103123.96106872 
-103123.96106872 
-103123.96106872 
-103123.94679954 
-103123.93639212 
-103123.93639212 
-103123.93639212 
-103123.93639212 
-103123.93639212 
-103123.66070946 
-103123.66070946 
-103123.66070946 
-103123.66070946 
-103123.31721255 
-103123.31721255 
-103123.31721255 
-103122.30415006 
-103122.30415006 
-103122.30415006 
-103122.30415006 
-103122.30415006 
-103122.30415006 
-103122.30415006 
-103122.30415006 
-103122.30415006 
-103122.30339631 
-103120.83996711 
-103120.83996711 
-103120.83996711 
-103120.83996711 
-103120.83996711 
-103117.96690531 
-103117.69604418 
-103117.69604418 
-103117.69604418 
-103117.69604418 
-103117.69604418 
-103117.69604418 
-103117.69604418 
-103117.69604418 
-103117.67764084 
-103117.63661759 
-103117.22525683 
-103117.10627592 
-103117.10627592 
-103117.10627592 
-103117.10627592 
-103117.10627592 
-103117.10627592 
-103117.10627592 
-103117.10627592 
-103117.10627592 
-103115.66436375 
-103115.66436375 
-103115.66436375 
-103115.66436375 
-103115.66436375 
-103115.66436375 
-103115.66436375 
-103115.66288359 
-103115.66288359 
-103115.65826661 
-103115.55952490 
-103115.51042975 
-103115.51042975 
-103115.51042975 
-103115.51042975 
-103115.51042975 
-103114.69446568 
-103114.69446568 
-103114.69446568 
-103114.69446568 
-103114.69446568 
-103114.69446568 
-103114.69446568 
-103114.44194110 
-103114.42048050 
-103113.92487118 
-103113.92487118 
-103113.92477960 
-103113.92477960 
-103113.92477960 
-103113.92477960 
-103113.85598065 
-103113.85598065 
-103113.68871836 
-103113.68871836 
-103113.68871836 
-103113.39161768 
-103113.38963289 
-103112.23467219 
-103112.23467219 
-103112.19761959 
-103112.13766460 
-103112.11973989 
-103112.11973989 
-103112.11973989 
-103112.11973989 
-103112.11973989 
-103111.74277016 
-103111.74122528 
-103111.74122528 
-103111.74122528 
-103111.74122528 
-103111.52922927 
-103111.52922927 
-103111.21262374 
-103111.21262374 
-103111.21262374 
-103111.21262374 
-103111.19959638 
-103111.19959638 
-103111.19334336 
-103111.19334336 
-103111.17474770 
-103111.17474770 
-103111.17474770 
-103111.10976285 
-103111.10976285 
-103111.10976285 
-103111.10976285 
-103110.79525954 
-103110.72129717 
-103110.72129717 
-103110.72129717 
-103110.72129717 
-103110.72129717 
-103110.72129717 
-103110.72129717 
-103110.72129717 
-103110.72129717 
-103110.72129717 
-103110.72129717 
-103110.72129717 
-103110.69378660 
-103110.69378660 
-103110.69378660 
-103110.69378660 
-103110.69378660 
-103110.69378660 
-103109.75697984 
-103109.75697984 
-103109.65384920 
-103109.56320478 
-103109.56320478 
-103109.56320478 
-103109.56320478 
-103109.56320478 
-103109.56320478 
-103109.56320478 
-103109.54473622 
-103109.54356539 
-103109.54356539 
-103109.54356539 
-103109.54356539 
-103109.54356539 
-103109.54356539 
-103109.54313811 
-103109.54313811 
-103109.54313811 
-103109.54313811 
-103109.54313811 
-103109.54313811 
-103109.54313811 
-103109.54313811 
-103109.54313811 
-103109.54301759 
-103109.46134346 
-103109.46134346 
-103109.46134346 
-103109.46134346 
-103109.46134346 
-103109.46134346 
-103109.46134346 
-103109.46134346 
-103109.46134346 
-103109.17269443 
-103109.17269443 
-103109.17147156 
-103109.16570066 
-103109.16570066 
-103109.16570066 
-103108.99513058 
-103108.98453282 
-103108.98453282 
-103108.98453282 
-103108.96131638 
-103108.96131638 
-103108.96131638 
-103108.96131638 
-103108.96131638 
-103108.96131638 
-103108.94418800 
-103108.94418800 
-103108.94418800 
-103108.94418800 
-103108.94418800 
-103108.94418800 
-103108.94418800 
-103108.94418800 
-103108.94418800 
-103108.94418800 
-103108.94411544 
-103108.94411544 
-103108.94411544 
-103108.94411544 
-103108.58598147 
-103108.58598147 
-103108.58598147 
-103108.43131529 
-103108.43131529 
-103108.43131529 
-103108.42660471 
-103108.42660471 
-103108.42660471 
-103108.42660471 
-103108.42660471 
-103108.42660471 
-103108.42660471 
-103108.42660471 
-103108.42660471 
-103108.42660471 
-103108.39523682 
-103108.39523682 
-103108.39523682 
-103108.39523682 
-103108.39523682 
-103108.39523682 
-103108.39523682 
-103108.39523682 
-103108.39523682 
-103108.39523682 
-103108.39523682 
-103108.39523682 
-103108.39522706 
-103108.39522706 
-103108.39522706 
-103108.39522706 
-103108.39522706 
-103108.39483015 
-103108.39483015 
-103108.39483015 
-103108.39483015 
-103108.39483015 
-103108.39483015 
-103108.39483015 
-103108.39483015 
-103108.39483015 
-103108.39483015 
-103108.39483015 
-103108.39482002 
-103108.39482002 
-103108.39482002 
-103108.35413384 
-103108.35413384 
-103108.33569667 
-103108.33569667 
-103108.33569667 
-103108.31331425 
-103108.30339179 
-103108.30339179 
-103108.30229414 
-103108.30229414 
-103108.30229414 
-103108.30229414 
-103108.30229414 
-103108.30229414 
-103108.30229414 
-103108.30229414 
-103108.30229414 
-103108.30229414 
-103108.27196275 
-103108.27104693 
-103108.27104693 
-103108.27104693 
-103108.27104693 
-103108.27104693 
-103108.27104693 
-103108.27104693 
-103108.27104693 
-103108.27104693 
-103108.27104693 
-103108.27104693 
-103108.27031198 
-103108.20951089 
-103108.05260087 
-103108.04107243 
-103108.03771848 
-103108.01040935 
-103107.98265434 
-103107.98265434 
-103107.97924773 
-103107.97911859 
-103107.97911859 
-103107.97510832 
-103107.97460122 
-103107.96904677 
-103107.96904677 
-103107.96904677 
-103107.95564716 
-103107.95564716 
-103107.95501597 
-103107.95501597 
-103107.95501597 
-103107.95501597 
-103107.95501597 
-103107.95501597 
-103107.95501597 
-103107.93577088 
-103107.93577088 
-103107.93573080 
-103107.93472603 
-103107.93472603 
-103107.93312761 
-103107.93312761 
-103107.93312761 
-103107.92698098 
-103107.92698098 
-103107.92698098 
-103107.92698098 
-103107.91110043 
-103107.86067263 
-103107.86067263 
-103107.86067263 
-103107.86067263 
-103107.86067263 
-103107.86067263 
-103107.86067263 
-103107.86067263 
-103107.86067263 
-103107.85180278 
-103107.84890183 
-103107.84890183 
-103107.84890183 
-103107.84890183 
-103107.84890183 
-103107.84890183 
-103107.84890183 
-103107.84890183 
-103107.84890183 
-103107.84890183 
-103107.83665616 
-103107.83665616 
-103107.83665616 
-103107.82924877 
-103107.82924877 
-103107.82924877 
-103107.82924877 
-103107.82924877 
-103107.82924877 
-103107.82924877 
-103107.82924877 
-103107.82924877 
-103107.82924877 
-103107.82924877 
-103107.82924877 
-103107.82924877 
-103107.82915367 
-103107.82915367 
-103107.82915367 
-103107.82899518 
-103107.81697343 
-103107.81697343 
-103107.81598300 
-103107.81526389 
-103107.81526389 
-103107.81526389 
-103107.81455318 
-103107.81455318 
-103107.81455318 
-103107.81455318 
-103107.80147774 
-103107.80147774 
-103107.80147774 
-103107.80147774 
-103107.80147774 
-103107.80147774 
-103107.80147774 
