-1284601.96487460 
-1176353.82093075 
-1139853.66535283 
-1131262.07625385 
-1130283.14473713 
-1114865.46510772 
-1107322.79967428 
-1089959.57382317 
-1003216.35460082 
-995564.00205944 
-994398.02575045 
-983722.62001817 
-942398.42703428 
-879402.27869504 
-835184.33861854 
-799459.02877806 
-798422.44742961 
-773373.49269228 
-764701.52011233 
-731803.85823520 
-702845.02671735 
-594133.65632901 
-576198.62070191 
-568332.32278921 
-536736.33029038 
-529644.75943499 
-505752.65527323 
-492539.76052121 
-492419.48925766 
-472879.04134255 
-381196.35040703 
-271157.27849855 
-248775.71121393 
-248619.21741014 
-246901.42004772 
-233905.93160402 
-233142.75307067 
-203971.06251721 
-203971.06251721 
-203971.06251721 
-202743.88427358 
-202743.88427358 
-202520.05749003 
-202422.28848861 
-202421.68156487 
-202421.68156487 
-201949.44328393 
-201949.44328393 
-201190.66628943 
-201190.66628943 
-200977.46858445 
-200977.46858445 
-200977.46858445 
-200610.54693572 
-200610.54693572 
-200407.00687314 
-195922.83695639 
-195919.84154480 
-195641.13845766 
-195568.20965177 
-195568.20965177 
-195568.20965177 
-195542.43830546 
-195542.43830546 
-195542.43830546 
-195542.43830546 
-195542.43830546 
-194611.15489165 
-194611.15489165 
-194596.43660972 
-194500.09368180 
-194200.52293719 
-194184.08864671 
-194184.08864671 
-194184.08864671 
-193188.37802033 
-193188.37802033 
-190589.78796806 
-189852.57748237 
-189791.61138438 
-189770.04646949 
-188729.71938504 
-185438.27430404 
-184485.89634233 
-174562.59402152 
-174515.97559802 
-174514.37813923 
-171587.62052986 
-171376.50573879 
-171347.86295579 
-171347.86295579 
-171347.86295579 
-171347.86295579 
-169537.66935341 
-169537.66935341 
-169537.66935341 
-169537.66935341 
-169537.66935341 
-169537.66935341 
-169537.66935341 
-169204.22694175 
-168181.11948829 
-164967.31236699 
-164967.31236699 
-164475.04812248 
-164427.95645337 
-164427.95645337 
-164427.95645337 
-164427.95645337 
-155530.98678370 
-155336.98107845 
-155336.98107845 
-155319.32360958 
-155113.86275524 
-151591.63127232 
-151591.63127232 
-151591.63127232 
-148497.44816723 
-148133.14734247 
-148078.19944265 
-146482.74464336 
-146479.16221904 
-146479.16045915 
-137599.35809669 
-137562.33134400 
-137239.92715386 
-137239.92715386 
-136787.07379866 
-136309.93292569 
-136309.93292569 
-136233.82397043 
-136233.82397043 
-136229.93333325 
-136097.42641794 
-135955.36500029 
-135832.26973931 
-135765.99402756 
-135513.45806178 
-135513.45806178 
-135513.45806178 
-135505.34962328 
-135500.07019339 
-135486.47413924 
-135283.71972638 
-135008.62666060 
-108314.35573420 
-108300.85675257 
-108300.65208359 
-108300.65208359 
-108300.65208359 
-108300.65208359 
-108139.56719010 
-108139.55573983 
-108139.55573983 
-108065.63121683 
-108058.29814327 
-108058.29814327 
-108051.04892210 
-108050.56836314 
-106507.96140035 
-106429.06894607 
-106421.13640050 
-106421.13640050 
-106376.31213447 
-106376.31213447 
-106374.29623356 
-106347.20772473 
-106347.20772473 
-106347.20772473 
-106230.83472409 
-105941.19054099 
-105914.27764180 
-105512.88677228 
-105361.66477922 
-104866.22749450 
-104865.63971092 
-104045.68595767 
-104021.59605700 
-104008.66038068 
-104008.66038068 
-104008.66038068 
-102853.12167649 
-102852.95760643 
-102851.50022520 
-102848.86963598 
-102848.86963598 
-102671.04573615 
-102658.31089486 
-102652.82718173 
-102535.07658574 
-102057.36305368 
-102003.67461302 
-96132.96817432 
-96129.96450968 
-96129.96450968 
-95867.24363413 
-95867.06787407 
-95866.99675980 
-95789.16519425 
-95689.94945164 
-95150.25093314 
-95149.70128766 
-95149.70128766 
-95145.17320445 
-95143.52691340 
-95143.52691340 
-95137.25546691 
-94977.62400240 
-94977.62400240 
-94974.08652131 
-94974.08652131 
-94973.77318765 
-94944.76957637 
-94916.12777542 
-94915.17972339 
-94802.29241950 
-94577.90784174 
-94507.15898670 
-94448.24470027 
-94447.60435632 
-94333.35336544 
-94229.92789887 
-94228.65671144 
-94222.15425019 
-94221.84253954 
-94116.47717546 
-94055.29236307 
-94055.29236307 
-94055.29236307 
-94055.29236307 
-94053.54450693 
-94053.54450693 
-94053.54450693 
-94053.15417901 
-94053.15417901 
-94009.61995324 
-94009.61995324 
-94009.43674519 
-94008.09614090 
-94007.46312546 
-94007.46312546 
-94007.38138185 
-94006.99057862 
-94006.99057862 
-93955.29265514 
-93955.29265514 
-93483.20572475 
-93483.20572475 
-93076.77512254 
-93070.83656940 
-93057.72108836 
-93055.83168255 
-93055.83168255 
-93014.60652384 
-93014.60652384 
-93014.60652384 
-93001.48783059 
-93001.45862543 
-93001.45862543 
-93001.45862543 
-92999.79307451 
-92999.79307451 
-92882.32092586 
-92882.14408602 
-92430.17534703 
-92430.10863358 
-92430.10863358 
-92426.70650449 
-92426.70650449 
-92423.74599121 
-92423.74599121 
-92423.74599121 
-92423.74599121 
-92422.55270606 
-92422.55270606 
-92422.55270606 
-92422.55270606 
-92422.55270606 
-92412.59828879 
-92411.82873600 
-92410.76674173 
-92240.33821752 
-92240.33821752 
-92240.33448037 
-92226.79304099 
-92226.19071047 
-92221.55261268 
-92221.55261268 
-92205.38859648 
-92190.32107764 
-92189.76717580 
-92189.76106165 
-92172.22511450 
-92156.07484393 
-92154.76522480 
-92154.76522480 
-92154.76522480 
-92140.31903368 
-92119.33651848 
-92119.33651848 
-92075.37407945 
-92074.66285175 
-92074.66285175 
-92072.43984547 
-92072.12199335 
-92072.12199335 
-92071.24520733 
-92038.60909411 
-92036.18594336 
-92030.93379434 
-92030.84441598 
-92030.48094969 
-92030.48094969 
-92030.48094969 
-92030.48094969 
-92007.50026615 
-92001.51330685 
-92001.51330685 
-92001.51330685 
-92001.25644800 
-91988.01229480 
-91987.72961337 
-91987.72961337 
-91984.78593867 
-91883.99038128 
-91869.29363411 
-91867.96667511 
-91867.96667511 
-91867.96667511 
-91867.66829980 
-91867.66829980 
-91867.32826662 
-91867.32826662 
-91842.62499224 
-91842.62499224 
-91839.44234278 
-91830.08911915 
-91830.08911915 
-91830.08911915 
-91830.08911915 
-91830.04169436 
-91829.77519688 
-91829.77519688 
-91817.38452737 
-91815.94002015 
-91815.30506634 
-91815.17620073 
-91815.17620073 
-91815.17620073 
-91815.17620073 
-91813.87304372 
-91813.87304372 
-91813.63589934 
-91790.20900783 
-91790.20900783 
-91789.97229622 
-91781.63327707 
-91781.63327707 
-91781.63327707 
-91779.57847807 
-91779.57847807 
-91770.69085900 
-91770.69085900 
-91770.69085900 
-91769.87286009 
-91769.66892734 
-91768.71221074 
-91768.71221074 
-91768.63377165 
-91768.57450583 
-91768.35361137 
-91768.06215177 
-91768.06215177 
-91768.06215177 
-91768.06215177 
-91768.05833794 
-91768.04680482 
-91768.04680482 
-91767.16358772 
-91767.16358772 
-91765.13487504 
-91764.62363528 
-91764.62363528 
-91764.62363528 
-91764.62363528 
-91764.62363528 
-91764.62363528 
-91764.62363528 
-91762.76947358 
-91759.59733335 
-91759.59733335 
-91759.58693243 
-91759.58693243 
-91759.55234817 
-91759.55234817 
-91759.18822981 
-91759.18822981 
-91758.27328129 
-91758.27328129 
-91757.42483394 
-91757.42483394 
-91757.42483394 
-91757.42483394 
-91757.42483394 
-91757.35408011 
-91754.69428923 
-91754.50129314 
-91754.50129314 
-91754.50129314 
-91754.50129314 
-91754.50129314 
-91754.18901544 
-91754.18901544 
-91754.17468355 
-91754.17468355 
-91754.11775505 
-91754.11775505 
-91754.11775505 
-91754.11323873 
-91754.11323873 
-91754.11323873 
-91753.37874868 
-91753.37874868 
-91753.37874868 
-91753.37874868 
-91753.37874868 
-91753.29134722 
-91753.29134722 
-91753.29134722 
-91753.21992733 
-91753.21992733 
-91753.13844319 
-91753.11297606 
-91753.11297606 
-91753.02683100 
-91753.02683100 
-91753.02683100 
-91753.02683100 
-91753.02683100 
-91753.02683100 
-91753.02683100 
-91753.02683100 
-91752.93991086 
-91752.62170893 
-91752.58994341 
-91752.56134546 
-91752.56134546 
-91752.56134546 
-91752.56134546 
-91752.56134546 
-91752.56134546 
-91752.56134546 
-91752.56134546 
-91752.56134546 
-91752.55475224 
-91752.55475224 
-91752.55475224 
-91752.55475224 
-91752.53855026 
-91752.50013409 
-91752.50013409 
-91752.50013409 
-91752.03699091 
-91752.03699091 
-91749.23959083 
-91749.23931139 
-91749.23931139 
-91748.77168562 
-91742.46630028 
-91741.38189341 
-91741.37306940 
-91741.34725157 
-91741.34725157 
-91741.34725157 
-91741.23787709 
-91741.23787709 
-91741.23787709 
-91741.23787709 
-91741.23342948 
-91741.23342948 
-91741.23342948 
-91741.23342948 
-91741.22677347 
-91741.22677347 
-91741.22677347 
-91741.22677347 
-91741.21448218 
-91741.21448218 
-91741.21448218 
-91741.21448218 
-91741.20571008 
-91741.20571008 
-91741.20571008 
-91741.20571008 
-91741.20041343 
-91741.20041343 
-91741.20041343 
-91741.20041343 
-91741.20041343 
-91741.20041343 
-91741.20041343 
-91741.20041343 
-91741.20041343 
-91741.20041343 
-91741.20041343 
-91741.20041343 
-91741.19132308 
-91741.10255441 
-91741.10255441 
-91741.10255441 
-91740.87457621 
-91740.87457621 
-91740.87428923 
-91740.01094737 
-91740.01075267 
-91740.01075267 
-91740.01075267 
-91740.01075267 
-91740.01075267 
-91740.01075267 
-91740.00946269 
-91740.00946269 
-91740.00946269 
-91740.00946269 
-91740.00946269 
-91740.00946269 
-91740.00946269 
-91740.00946269 
-91740.00946269 
-91740.00946269 
-91740.00363039 
-91740.00363039 
-91740.00363039 
-91739.93474796 
-91739.93474796 
-91739.93474796 
-91739.93474796 
-91739.93474796 
-91739.93474796 
-91739.91522589 
-91737.82872711 
-91737.80520159 
-91737.80520159 
-91737.80520159 
-91737.80520159 
-91737.77632981 
-91737.77632981 
-91737.77632981 
-91737.77632981 
-91737.77632981 
-91737.74266528 
-91737.74266528 
-91737.66684696 
-91737.66684696 
-91737.66684696 
-91737.66684696 
-91737.66684696 
-91737.66684696 
-91737.66684696 
-91737.66684696 
-91737.66684696 
-91737.66684696 
-91737.66087768 
-91737.66087768 
-91737.66087768 
-91737.65899469 
-91737.65899469 
-91737.65899469 
-91737.65899469 
-91737.65899469 
-91737.65899469 
-91737.65395989 
-91737.48712567 
-91737.48712567 
-91737.48712567 
-91737.48712567 
-91736.13010030 
-91736.13010030 
-91736.13010030 
-91736.13010030 
-91736.13010030 
-91736.13010030 
-91736.13010030 
-91736.13010030 
-91736.13010030 
-91736.13010030 
-91736.13010030 
-91736.13010030 
-91736.13010030 
-91736.13010030 
-91736.13008142 
-91736.13008142 
-91736.13008142 
-91736.13008142 
-91736.12993711 
-91736.12428444 
-91736.12428444 
-91736.12428444 
-91736.12428444 
-91736.12428444 
-91736.12428444 
-91736.12428444 
-91736.11847967 
-91736.11847967 
-91736.11847967 
-91736.11847967 
-91736.11847967 
-91735.75610872 
-91735.62477700 
-91735.62369499 
-91735.62369499 
-91735.62369499 
-91735.62369499 
-91735.62369499 
-91735.62369499 
-91735.62369499 
-91735.62369499 
-91735.62369499 
-91735.62369499 
-91735.62369499 
-91735.62369499 
-91735.62369499 
-91735.62369499 
-91735.62369499 
-91735.62369499 
-91735.62369499 
-91735.62369499 
-91735.62369499 
-91735.62369499 
-91735.62369499 
-91735.50641923 
-91735.50641923 
-91735.50641923 
-91735.50641923 
-91735.50641923 
-91735.50641923 
-91735.50399077 
-91735.50399077 
-91735.48119326 
-91735.48119326 
-91735.48119326 
-91735.40799556 
-91735.40799556 
-91735.40799556 
-91735.34626825 
-91735.34626825 
-91735.34626825 
-91735.34626825 
-91735.34626825 
-91735.34626825 
-91735.34590872 
-91735.34590872 
-91735.34590872 
-91735.34590872 
-91735.34590872 
-91735.34590872 
-91735.34590872 
-91735.34590872 
-91735.34532825 
-91735.34532825 
-91735.34532825 
-91735.34531165 
-91735.34531165 
-91735.34531165 
-91735.34531165 
-91735.34531165 
-91735.34531165 
-91735.34531165 
-91735.23084991 
-91735.23084991 
-91735.23063404 
-91735.23063404 
-91735.23063404 
-91735.23063404 
-91735.23063404 
-91735.23063404 
-91735.23063404 
-91735.22178857 
-91735.22178857 
-91735.22178857 
-91735.22178857 
-91735.22178857 
-91735.22178857 
-91735.20467037 
-91734.25882889 
-91734.25882889 
-91734.25279045 
-91734.25279045 
-91734.23597913 
-91734.23597913 
-91734.23597913 
-91734.23597913 
-91734.23597913 
-91734.23597913 
-91734.23381227 
-91734.23381227 
-91734.23381227 
-91734.23381227 
-91734.23381227 
-91734.23381227 
-91734.23378907 
-91734.23378907 
-91734.23378907 
-91734.23378907 
-91734.23378907 
-91734.23378907 
-91734.23378907 
-91734.23378907 
-91734.23378907 
-91734.10523005 
-91734.10477311 
-91734.10477311 
-91734.10477311 
-91734.08451141 
-91734.08451141 
-91734.08451141 
-91734.08451141 
-91734.08451141 
-91734.08451141 
-91734.08451141 
-91734.08451141 
-91733.11468936 
-91733.11468936 
-91733.11468936 
-91733.11468936 
-91733.11452841 
-91733.10596802 
-91733.10596802 
-91733.10596802 
-91733.10596802 
-91733.10596802 
-91733.10596802 
-91733.10596802 
-91733.10596802 
-91733.10596802 
-91733.10596802 
-91733.10596802 
-91733.10596802 
-91733.09244717 
-91733.09244717 
-91733.09244717 
-91733.05160741 
-91733.05071633 
-91733.05071633 
-91733.05071633 
-91733.05071633 
-91733.05068121 
-91733.05068121 
-91733.03800350 
-91733.03037277 
-91733.02737875 
-91733.02737875 
-91733.01364976 
-91733.01364976 
-91733.01364976 
-91733.01364976 
-91732.98376126 
-91732.98376126 
-91732.98376126 
-91732.98376126 
-91732.98376126 
-91732.98376126 
-91732.98376126 
-91732.98376126 
-91732.98260162 
-91732.98260162 
-91732.98260162 
-91732.97035784 
-91732.97016404 
-91732.97016404 
-91732.97016404 
-91732.96819246 
-91732.96819246 
-91732.96819246 
-91732.96819246 
-91732.80007394 
-91732.80007394 
-91732.80007394 
-91732.80007394 
-91732.80007394 
-91732.77715246 
-91732.77715246 
-91732.77715246 
-91732.77715246 
-91732.77715246 
-91732.77161177 
-91732.77161177 
-91732.77161177 
-91732.77161177 
-91732.77060340 
-91732.77060340 
-91732.77060340 
-91732.77060340 
-91732.77060340 
-91732.77060340 
-91732.77060340 
-91732.77060340 
-91732.77060340 
-91732.77060340 
-91732.77060340 
-91732.77060340 
-91732.74820173 
-91732.74820173 
-91732.74820173 
-91732.74820173 
-91732.74820173 
-91732.74820173 
-91732.74579422 
-91732.74579422 
-91732.74579422 
-91732.74502573 
-91732.74181072 
-91732.74181072 
-91732.67203860 
-91732.66782559 
-91732.66782559 
-91732.66782559 
-91732.66782559 
-91732.66782559 
-91732.66020887 
-91732.64386734 
-91732.64386734 
-91732.64306034 
-91732.64306034 
-91732.63450558 
-91732.63450189 
-91732.63450189 
-91732.63450189 
-91732.62240593 
-91732.62240593 
-91732.62240593 
-91732.62240593 
-91732.62240593 
-91732.62240593 
-91732.62240593 
-91732.62240593 
-91732.62240593 
-91732.62240593 
-91732.62240593 
-91732.62240593 
-91732.62240593 
-91732.62240593 
-91732.62240593 
-91732.62240593 
-91732.62240593 
-91732.62240593 
-91732.62145246 
-91732.62145246 
-91732.62145246 
-91732.62145246 
-91732.62145246 
-91732.62145246 
-91732.62145246 
-91732.62145246 
-91732.62145246 
-91732.62145246 
-91732.62145246 
-91732.62145246 
-91732.62145246 
-91732.62145246 
-91732.62145246 
-91732.62145246 
-91732.62145246 
-91732.62145246 
-91732.62145246 
-91732.62145246 
-91732.62145246 
-91732.62145246 
-91732.62145246 
-91732.62145246 
-91732.62145246 
-91732.62145246 
-91732.62145246 
-91732.62145246 
-91732.62145246 
-91732.62145246 
-91732.62145246 
-91732.62092282 
-91732.62092282 
-91732.62092282 
-91732.62092282 
-91732.62092282 
-91732.62092282 
-91732.62092282 
-91732.62092282 
-91732.62001044 
-91732.61991032 
-91732.61991032 
-91732.61991032 
-91732.61991032 
-91732.61991032 
-91732.61991032 
-91732.61991032 
-91732.61991032 
-91732.61712034 
-91732.61712034 
-91732.61712034 
-91732.61707320 
-91732.61707320 
-91732.61707320 
