-1387896.26344117 
-1376072.56712918 
-1336109.10322372 
-1254392.22477857 
-1205711.00356162 
-1186615.91771048 
-1178557.23861681 
-1161150.54266038 
-1141046.05717330 
-1120277.37006375 
-1120277.37006375 
-1093903.20712255 
-1013190.36828585 
-995770.65811980 
-989038.56460439 
-925389.24050805 
-916501.31624126 
-887458.35192997 
-729032.56615584 
-639351.04079494 
-632429.69313318 
-607879.16541200 
-578783.00362982 
-577619.91704193 
-559254.61369788 
-542912.79412293 
-505496.13040585 
-497649.40954228 
-497649.40954228 
-456600.74421601 
-426464.95558855 
-275672.78399227 
-263708.18245149 
-262043.40356355 
-190104.83613311 
-177154.34028904 
-170227.29356005 
-170227.29356005 
-170227.29356005 
-170227.29356005 
-170227.29356005 
-169586.55416962 
-169458.58111158 
-169458.58111158 
-169412.41609270 
-167993.27706452 
-167790.21559795 
-166605.64412077 
-166579.55016332 
-166579.55016332 
-166516.27106858 
-166491.90803116 
-166491.90803116 
-166111.12382791 
-164954.20590469 
-164954.20590469 
-161626.52368639 
-161009.49664946 
-160726.52243320 
-160726.52243320 
-160686.19630042 
-160686.19630042 
-160686.19630042 
-158019.77233783 
-157817.14919029 
-157817.14919029 
-157817.14919029 
-157799.80389248 
-157656.61571630 
-157656.61571630 
-157656.61571630 
-157602.23768702 
-157361.39251328 
-149548.18059635 
-149278.71731456 
-142975.84874244 
-142956.96659850 
-141236.25156612 
-141236.25156612 
-141236.25156612 
-140893.81521725 
-140526.39654314 
-140327.30133652 
-140154.63259117 
-135110.38450497 
-135108.29093078 
-135108.29093078 
-135035.79781666 
-132586.53254709 
-132586.53254709 
-132586.53254709 
-132586.53254709 
-132517.51365927 
-131973.42101561 
-131973.42101561 
-131769.11033152 
-131769.11033152 
-131355.70821295 
-131343.43362105 
-131343.43362105 
-131282.42241396 
-128952.37304943 
-128952.37304943 
-128929.42882986 
-128281.50727973 
-128197.41167997 
-128197.40747464 
-128197.40747464 
-128197.40747464 
-115551.77078720 
-115551.39334801 
-115375.75259724 
-115375.75259724 
-115375.75259724 
-115375.75259724 
-115289.81514099 
-115145.61649185 
-115035.44408379 
-115015.90940267 
-115015.15243949 
-110915.02575295 
-110914.47907268 
-110880.72131620 
-110880.72131620 
-110778.35235556 
-110742.06284697 
-109568.30518394 
-109568.30518394 
-109568.20342092 
-109568.20342092 
-109568.20342092 
-109561.17306474 
-109561.17306474 
-109558.29760197 
-109506.67245047 
-109482.11407835 
-109475.27489469 
-109475.27489469 
-109427.26078043 
-109427.26078043 
-109391.67884859 
-109338.31432035 
-109338.31432035 
-109338.31432035 
-109338.31432035 
-104473.78697931 
-104466.58973978 
-104420.16613731 
-104351.98460142 
-104351.98460142 
-104351.98460142 
-104164.95604606 
-104099.09686565 
-104030.55633295 
-104030.55633295 
-104027.11372410 
-104027.11372410 
-104013.61411951 
-104013.61411951 
-104005.21196387 
-104005.21196387 
-104005.21196387 
-96422.48080603 
-93955.70168694 
-93953.74113830 
-93951.65513899 
-93945.26868409 
-93945.26868409 
-93944.52030553 
-93893.30417271 
-93892.36687712 
-92144.99563528 
-92137.53416912 
-92137.53416912 
-92133.04985445 
-92122.52949887 
-91842.98524522 
-91842.98524522 
-91832.03389551 
-91832.03389551 
-91832.03389551 
-91332.78881729 
-91328.12481672 
-91328.12481672 
-91328.12481672 
-91328.12481672 
-91328.11997242 
-91328.11997242 
-91312.25683786 
-91312.25683786 
-91305.50162386 
-91288.14425364 
-91286.59816757 
-91285.91546058 
-91285.91546058 
-91285.91546058 
-91285.91546058 
-91285.91546058 
-89911.74837873 
-89857.52872049 
-89836.04557139 
-89817.67455666 
-89817.67455666 
-89815.06322713 
-89815.04723792 
-89815.03872337 
-89768.29454755 
-89768.29454755 
-89767.57604597 
-89767.57604597 
-89767.57604597 
-89767.54039853 
-89767.54039853 
-89760.76749895 
-89760.76749895 
-89758.92991253 
-89758.92991253 
-89503.15887576 
-89503.15887576 
-89496.86834265 
-89490.20526991 
-89420.41523011 
-89420.41523011 
-89420.41523011 
-89359.31434152 
-89359.31434152 
-89359.31434152 
-89359.31434152 
-89355.25049692 
-89355.25049692 
-89355.25049692 
-89355.25049692 
-89355.25049692 
-89354.13474235 
-87938.89779070 
-87926.35501317 
-87926.35501317 
-87921.45150982 
-87921.04407612 
-87910.25341205 
-87909.79844618 
-87909.79297132 
-87908.34723788 
-87766.97940665 
-87765.85534407 
-87762.41543627 
-87756.16516954 
-87755.38351622 
-87748.69561498 
-87748.69561498 
-87748.69561498 
-87748.69561498 
-87746.01029998 
-87515.17306280 
-87515.17306280 
-87490.04389754 
-87479.47915286 
-87441.50827377 
-87441.50453475 
-87398.27958247 
-87376.69764220 
-87373.41181492 
-87373.41181492 
-87373.41181492 
-87373.40944928 
-87372.71896114 
-87372.71896114 
-87371.59063356 
-87371.59063356 
-87371.58793982 
-87356.18787206 
-87309.69516297 
-87309.69516297 
-87307.29293994 
-87306.97276967 
-87306.97276967 
-87306.97166117 
-87306.31546777 
-87306.23623329 
-87306.23623329 
-87306.23623329 
-87306.23623329 
-87306.23623329 
-87306.12114801 
-87302.64329158 
-87302.55657045 
-87301.41235173 
-87299.05817593 
-87297.25437683 
-87295.46841496 
-87295.46841496 
-87284.93992369 
-87284.93992369 
-87284.77602496 
-87284.77602496 
-87284.51773303 
-87284.51773303 
-87284.51773303 
-87284.51773303 
-87284.51773303 
-87284.51773303 
-87284.51773303 
-87284.29878348 
-87284.29878348 
-87284.12638335 
-87284.12638335 
-87253.26302646 
-87253.26302646 
-87228.01636605 
-87227.90465268 
-87227.82623242 
-87224.03127502 
-87224.03127502 
-87223.53438036 
-87220.90746614 
-87213.11621483 
-87213.11621483 
-87213.11621483 
-87212.98756182 
-87212.07905186 
-87210.61917516 
-87210.61917516 
-87209.81610250 
-87208.87175425 
-87208.87175425 
-87208.87175425 
-87208.87175425 
-87208.87175425 
-87208.87175425 
-87208.40678412 
-87208.40678412 
-87202.88577402 
-87169.33656153 
-87169.33656153 
-87169.33656153 
-87169.13100423 
-87169.13100423 
-87169.13100423 
-87169.13100423 
-87168.62020137 
-87168.62020137 
-87168.62020137 
-87163.21904005 
-87163.21904005 
-87163.21904005 
-87163.20816236 
-87163.20278997 
-87162.61440707 
-87162.61440707 
-87162.51671980 
-87162.48552758 
-87161.65543124 
-87161.64106878 
-87161.62640223 
-87161.62640223 
-87161.62640223 
-87161.32389279 
-87160.72618814 
-87159.47739759 
-87159.47739759 
-87159.47739759 
-87158.90684699 
-87158.90684699 
-87158.90684699 
-87158.90684699 
-87158.90684699 
-87158.90684699 
-87155.28396919 
-87142.20470369 
-87141.67480712 
-87141.67480712 
-87141.49046203 
-87141.49046203 
-87141.49046203 
-87141.49046203 
-87141.28713215 
-87140.36574762 
-87140.36574762 
-87139.07567802 
-87137.69884245 
-87135.98222847 
-87135.98222847 
-87135.98222847 
-87135.89936950 
-87135.85187994 
-87135.85187994 
-87134.65503670 
-87131.11015856 
-87131.11015856 
-87131.11015856 
-87131.11015856 
-87131.11006467 
-87131.11006467 
-87130.90170798 
-87130.90170798 
-87130.90170798 
-87130.90170798 
-87130.81884125 
-87130.81884125 
-87129.30377690 
-87129.30377690 
-87129.30377690 
-87129.30377690 
-87129.30377690 
-87125.76901655 
-87125.76901655 
-87125.76901655 
-87125.76830647 
-87125.76137815 
-87125.75050241 
-87125.75050241 
-87124.55064511 
-87124.55064511 
-87124.52926825 
-87120.50747300 
-87120.50747300 
-87119.78925470 
-87119.78925470 
-87119.78925470 
-87119.78925470 
-87119.78925470 
-87119.78925470 
-87119.78925470 
-87119.78925470 
-87119.78925470 
-87119.44820734 
-87119.44820734 
-87119.44820672 
-87118.78394169 
-87118.78394169 
-87118.58120596 
-87118.33042061 
-87118.33042061 
-87118.21589385 
-87118.21589385 
-87118.21589385 
-87118.21589385 
-87118.21589385 
-87118.21589385 
-87118.16221157 
-87118.16221157 
-87118.16221157 
-87118.16221157 
-87118.15940990 
-87118.15940990 
-87118.15940990 
-87118.15940990 
-87117.49030461 
-87117.49030461 
-87117.49030461 
-87117.49030461 
-87117.49030461 
-87117.49030461 
-87117.49030461 
-87117.49030461 
-87117.49030461 
-87117.49030461 
-87117.48049944 
-87117.48049944 
-87117.48049944 
-87117.48049944 
-87117.48049944 
-87117.48049944 
-87117.47808856 
-87117.44752051 
-87117.44752051 
-87117.42277266 
-87117.42277266 
-87117.14131833 
-87117.14131833 
-87117.02602665 
-87116.96085358 
-87116.96085358 
-87116.66852222 
-87116.66852222 
-87116.66852222 
-87114.42079379 
-87114.42079379 
-87114.42079379 
-87114.37101112 
-87113.65457083 
-87113.65457083 
-87113.50093493 
-87113.50093493 
-87113.50093493 
-87113.49853679 
-87112.78363250 
-87112.45165691 
-87112.45165691 
-87112.45165691 
-87112.43810966 
-87112.43810966 
-87112.43810966 
-87112.43810966 
-87112.43810966 
-87112.06115669 
-87112.05957905 
-87112.05957905 
-87111.97070463 
-87111.97065455 
-87111.93391631 
-87111.93391631 
-87111.83482596 
-87111.83482596 
-87111.83270676 
-87111.73399440 
-87110.96324235 
-87110.93653626 
-87110.93653626 
-87110.93653626 
-87110.93653626 
-87110.93653626 
-87110.93653626 
-87110.93653626 
-87110.93653626 
-87110.92330390 
-87110.92330390 
-87110.92330390 
-87110.89462254 
-87110.89462254 
-87110.89462254 
-87110.88787801 
-87110.88787801 
-87110.87785708 
-87110.87785708 
-87110.87785708 
-87110.87785708 
-87110.87785708 
-87110.87785708 
-87110.87763041 
-87110.87763041 
-87110.86491077 
-87110.86491077 
-87110.86491077 
-87110.82209461 
-87110.82209461 
-87110.82209461 
-87110.82209461 
-87110.82209461 
-87110.82209461 
-87110.82209461 
-87110.51743242 
-87110.20569563 
-87110.20569563 
-87110.20569563 
-87109.94638248 
-87109.94638248 
-87109.94638248 
-87109.94638248 
-87109.94638248 
-87109.84773894 
-87109.84773894 
-87109.84773894 
-87109.84773894 
-87109.84773894 
-87109.84773894 
-87109.84773894 
-87109.84773894 
-87109.51226989 
-87108.62353092 
-87108.62353092 
-87108.62353092 
-87108.62349386 
-87108.62164700 
-87108.62164700 
-87108.62164700 
-87108.62164700 
-87108.62164700 
-87108.62164700 
-87108.62164700 
-87108.62164700 
-87108.62162449 
-87108.62162449 
-87108.62162449 
-87108.62162449 
-87108.62162449 
-87108.62162449 
-87108.62162449 
-87108.62162449 
-87108.62162449 
-87108.62162449 
-87108.62162449 
-87108.62162449 
-87108.62162449 
-87108.60413378 
-87108.60039778 
-87108.60039778 
-87108.60039778 
-87108.60039778 
-87108.60039778 
-87108.60039778 
-87108.60039778 
-87108.60039778 
-87108.59575362 
-87108.33046405 
-87108.33046405 
-87107.92365784 
-87107.91115429 
-87107.91046898 
-87107.91046898 
-87107.90789566 
-87107.90789566 
-87107.90233428 
-87107.87104139 
-87107.87104139 
-87107.87104139 
-87107.87104139 
-87107.87104139 
-87107.87104139 
-87107.87104139 
-87107.84965642 
-87107.84965642 
-87107.84965642 
-87107.80872391 
-87107.80872391 
-87107.80872391 
-87107.80710907 
-87107.80710907 
-87107.80710907 
-87107.80710907 
-87107.80710907 
-87107.77572169 
-87107.77572169 
-87107.77572169 
-87107.75479533 
-87107.75479533 
-87107.75479533 
-87107.75479533 
-87107.73404369 
-87107.73404369 
-87107.73404369 
-87107.73404369 
-87107.03378782 
-87107.03378782 
-87107.03378782 
-87107.03378782 
-87107.03378782 
-87107.03378782 
-87107.03371103 
-87107.02250034 
-87107.02250034 
-87107.02250034 
-87107.02011430 
-87107.02011430 
-87107.02011430 
-87107.02011430 
-87107.02011430 
-87107.02011430 
-87107.02011430 
-87107.00454315 
-87107.00454315 
-87107.00454315 
-87107.00454315 
-87107.00454315 
-87107.00454315 
-87107.00454315 
-87107.00454315 
-87107.00260285 
-87107.00180906 
-87107.00180906 
-87107.00087077 
-87107.00087077 
-87107.00087077 
-87107.00087077 
-87107.00087077 
-87107.00087077 
-87107.00087077 
-87107.00087077 
-87106.98451623 
-87106.98451623 
-87106.98447473 
-87106.98447473 
-87106.98447473 
-87106.98447473 
-87106.98447473 
-87106.97044643 
-87106.97044643 
-87106.97044643 
-87106.97044643 
-87106.97044643 
-87106.97044643 
-87106.97044643 
-87106.97044643 
-87106.85829527 
-87106.78833527 
-87106.78833527 
-87106.78833527 
-87106.78833527 
-87106.78833527 
-87106.78833527 
-87106.78833527 
-87106.78833527 
-87106.76741406 
-87106.76741406 
-87106.76741406 
-87106.76713562 
-87106.76713562 
-87106.75953245 
-87106.75953245 
-87106.75953245 
-87106.75953245 
-87106.75943737 
-87106.75943737 
-87106.75943737 
-87106.75943737 
-87106.75691711 
-87106.75691711 
-87106.75476694 
-87106.74786844 
-87106.74786844 
-87106.74370069 
-87106.74370069 
-87106.74370069 
-87106.74370069 
-87106.74370069 
-87106.74370069 
-87106.74370069 
-87106.74370069 
-87106.74370069 
-87106.74370069 
-87106.74370069 
-87106.74370069 
-87106.74370069 
-87106.56990851 
-87106.54594268 
-87106.54594268 
-87106.54594268 
-87106.53853700 
-87106.53853700 
-87106.53391451 
-87106.53391451 
-87106.53391451 
-87106.53391451 
-87106.53053946 
-87106.53053946 
-87106.53053946 
-87106.53053946 
-87106.53053946 
-87106.51487223 
-87106.51487223 
-87106.49531822 
-87106.49531822 
-87106.49271836 
-87106.46572781 
-87106.46572781 
-87106.46572781 
-87106.45842189 
-87106.45815075 
-87106.45815075 
-87106.45815075 
-87106.45815075 
-87106.45815075 
-87106.45815075 
-87106.45815075 
-87106.45815075 
-87106.45815075 
-87106.45815075 
-87106.45815075 
-87106.45815075 
-87106.45815075 
-87106.45815075 
-87106.45815075 
-87106.45815075 
-87106.45815075 
-87106.45815075 
-87106.45757867 
-87106.45757867 
-87106.45696803 
-87106.45696803 
-87106.45696803 
-87106.45696803 
-87106.45696803 
-87106.45696803 
-87106.45696803 
-87106.45696803 
-87106.45696803 
-87106.45696803 
-87106.45696803 
-87106.45696803 
-87106.45696803 
-87106.45696803 
-87106.45696803 
-87106.45696803 
-87106.45696803 
-87106.45696803 
-87106.40962992 
-87106.40962992 
-87106.40962992 
-87106.40962992 
-87106.40962992 
-87106.40962992 
-87106.40892001 
-87106.40306756 
-87106.40306756 
-87106.40306756 
-87106.40306756 
-87106.40306756 
-87106.40306756 
-87106.40306756 
-87106.40306756 
-87106.35214510 
-87106.35214510 
-87106.35214510 
-87106.35214510 
-87106.35214510 
-87106.35214510 
-87106.35214510 
-87106.35214510 
-87106.35214510 
-87106.35214510 
-87106.35214510 
-87106.35214510 
-87106.35214510 
-87106.35214510 
-87106.35214510 
-87106.35214510 
-87106.35214510 
-87106.35214510 
-87106.35155774 
-87106.35045756 
-87106.35015311 
-87106.20343558 
-87106.20343558 
-87106.20343558 
-87106.20343558 
-87106.20343558 
-87106.20343558 
-87106.20343558 
-87106.20343558 
-87106.20343558 
-87106.20343558 
-87106.20343558 
-87106.20343558 
-87106.20343558 
-87106.20343558 
-87106.20343558 
-87106.20343558 
-87106.20343558 
-87106.20343558 
-87106.20343558 
-87106.20297149 
-87106.20297149 
-87106.20297149 
-87106.20297149 
-87106.20297149 
-87106.20297149 
-87106.20297149 
-87106.20297149 
-87106.17191812 
-87106.17191812 
-87106.17191812 
-87106.17191812 
-87106.17191812 
-87106.17191812 
-87106.17191812 
-87106.16965475 
-87106.16965475 
-87106.16965475 
-87106.16965475 
-87106.16965475 
-87106.16965475 
-87106.16965475 
-87106.16965475 
-87106.16965475 
-87106.16965475 
-87106.06640545 
-87106.06640545 
-87106.06640545 
-87106.06640545 
-87106.06640545 
-87106.06640545 
-87106.06640545 
-87106.04161775 
-87106.04161775 
-87106.04161775 
-87106.04161775 
-87106.04161775 
-87106.04161775 
-87106.04161775 
-87106.04161775 
-87106.03743164 
-87106.03743164 
-87106.03743164 
-87106.03743164 
-87106.03743164 
-87106.03743164 
-87106.03558580 
-87106.03143586 
-87106.03143586 
-87106.03143586 
-87106.02988249 
-87106.02988249 
-87106.02988249 
-87106.02988249 
-87106.02988249 
-87106.02988249 
-87106.02988249 
-87106.02988249 
-87106.02988249 
-87106.02698168 
