-827392873.81869233 
-764207286.36954510 
-706929322.70546854 
-609954370.15572464 
-596869267.70887434 
-516696056.84881359 
-516696056.84881359 
-507894687.81810981 
-360771071.31443036 
-351164619.94413871 
-145647278.69434685 
-143107218.22139308 
-137684612.74563149 
-137546018.98998028 
-134324010.68579492 
-134324010.68579492 
-131312637.68753825 
-131054163.63392952 
-129808447.62227717 
-129808447.62227717 
-127348073.16627343 
-122853386.74043490 
-121227112.11103247 
-104447181.57146107 
-104447181.57146107 
-87666879.14637762 
-87666879.14637762 
-86970796.79969443 
-86931929.12744518 
-86931929.12744518 
-86397452.68326353 
-86397452.68326353 
-86397452.68326353 
-86246890.54327492 
-85890964.76909010 
-85838260.25847246 
-75467707.26986426 
-75455960.88938716 
-74977344.61067538 
-74969465.92104578 
-70202174.70826761 
-70202174.70826761 
-70202174.70826761 
-70202174.70826761 
-70191430.40213493 
-69841747.35105205 
-69546743.09599382 
-66884859.22253844 
-66884859.22253844 
-61240139.31642136 
-61209401.76158913 
-61209401.76158913 
-61209401.76158913 
-61078859.62771310 
-61078859.62771310 
-61078859.62771310 
-60219843.62882067 
-60156463.96464719 
-60156463.96464719 
-60147743.52298006 
-60147743.52298006 
-60147743.52298006 
-60147743.52298006 
-60106817.24631980 
-59683307.85004216 
-58400092.28484550 
-58379572.74654094 
-58379572.74654094 
-58354694.18120465 
-52300081.85984453 
-52300072.25571832 
-52006245.95255292 
-52006158.27356179 
-51910769.27912730 
-51910769.27912730 
-51903923.91244344 
-51796157.88683736 
-51796157.88683736 
-51769881.95791305 
-51769881.95791305 
-51769881.95791305 
-51769881.95791305 
-51109221.76042207 
-51109221.76042207 
-51050756.55352093 
-51050756.55352093 
-51050756.55352093 
-50761903.02565961 
-50761623.64085033 
-50761623.64085033 
-50760426.84518843 
-50073120.30690927 
-49949313.06504444 
-49879089.56056546 
-49879089.56056546 
-49807605.06130163 
-49807440.08983484 
-49801997.56072305 
-49718085.51291197 
-49716769.74472600 
-49716769.74472600 
-49716769.74472600 
-49418920.00173738 
-49411747.02717562 
-49403200.75474510 
-49403200.75474510 
-49398963.96270506 
-49394831.47584294 
-49384340.39643200 
-49377922.44931406 
-49377922.44931406 
-49377922.44931406 
-49377922.44931406 
-49377922.44931406 
-49377922.44931406 
-49348114.99502194 
-49348060.75155092 
-49333607.25279591 
-49333607.25279591 
-49333571.52855019 
-49330356.23915204 
-49330196.93042248 
-49330196.93042248 
-49330118.50299704 
-49322293.86081916 
-49322070.51013182 
-49322070.51013182 
-49322070.51013182 
-49322070.51013182 
-49321985.24964280 
-49321985.24964280 
-49320768.77913558 
-49320768.77913558 
-49320768.77913558 
-49320573.05127703 
-49320573.05127703 
-49320536.37825102 
-49312718.84675177 
-49312718.84675177 
-49310085.81264860 
-49310085.70994872 
-49310000.91854472 
-49310000.91854472 
-49309396.03491470 
-49284081.62763048 
-49282817.01924787 
-49282817.01924787 
-49282817.01924787 
-49282817.01924787 
-49282817.01924787 
-49282817.01924787 
-49282817.01924787 
-49282810.70376437 
-49282810.70376437 
-49282810.70376437 
-49277602.35802560 
-49277602.35802560 
-49277602.35802560 
-49277602.35802560 
-49277602.35802560 
-49277602.35802560 
-49277602.35802560 
-49277602.35802560 
-49277602.35802560 
-49277602.35802560 
-49277602.35802560 
-49277602.35802560 
-49277602.35802560 
-49277602.35802560 
-49277602.35802560 
-49277602.35802560 
-49277578.74806649 
-49277552.83172901 
-49277552.83172901 
-49277552.83172901 
-49276663.80558655 
-49276663.80558655 
-49276663.80558655 
-49276659.78615549 
-49276659.78615549 
-49276545.81919903 
-49276545.81919903 
-49276545.81919903 
-49276078.01521764 
-49276078.01521764 
-49276078.01521764 
-49275886.18760077 
-49275886.18760077 
-49274070.36693810 
-49274070.36693810 
-49274070.36693810 
-49273979.43212182 
-49273979.43212182 
-49273979.43212182 
-49273840.95034836 
-49273840.95034836 
-49273840.94562605 
-49273476.61420473 
-49273476.61420473 
-49273476.61420473 
-49273399.14513490 
-49273399.14513490 
-49273399.14513490 
-49273399.14513490 
-49273399.14513490 
-49273399.14513490 
-49273399.14513490 
-49273398.71845289 
-49273396.42219576 
-49273314.71388976 
-49273314.71388976 
-49273314.71388976 
-49273152.24608383 
-49273152.24608383 
-49273152.24608383 
-49273152.24608383 
-49273152.24608383 
-49273152.24608383 
-49273152.21492934 
-49273152.21492934 
-49273152.21492934 
-49273152.21492934 
-49273152.21492934 
-49273152.21492934 
-49273152.21492934 
-49273152.21492934 
-49273152.21492934 
-49273122.09417066 
-49273122.09417066 
-49273121.25884254 
-49273121.25884254 
-49273121.25884254 
-49273028.86069061 
-49273028.86069061 
-49273022.69873950 
-49273022.69873950 
-49273022.69873950 
-49273022.69873950 
-49273012.04360358 
-49273012.04360358 
-49273012.04360358 
-49273012.04360358 
-49272955.84952495 
-49272955.84952495 
-49272955.84952495 
-49272945.92225167 
-49272945.92225167 
-49272945.92225167 
-49272945.92225167 
-49272941.57716040 
-49272941.57716040 
-49272941.54785117 
-49272941.54785117 
-49272941.54785117 
-49272941.54785117 
-49272941.54785117 
-49272941.54785117 
-49272940.70278971 
-49272940.70278971 
-49272940.70278971 
-49272940.70278971 
-49272940.70278971 
-49272940.70278971 
-49272940.70278971 
-49272940.70278971 
-49272940.70278971 
-49272940.70278971 
-49272940.70278971 
-49272939.75835336 
-49272935.02138101 
-49272935.02138101 
-49272935.02138101 
-49272915.81357680 
-49272915.81357680 
-49272915.81357680 
