-805924964.07097948 
-749603719.74281049 
-746650556.64717495 
-733895608.49157751 
-466117141.71347743 
-393774523.15779036 
-366213527.99904460 
-351067607.18189812 
-350103113.91057855 
-292322266.74639243 
-79107935.75660986 
-79107935.75660986 
-79107935.75660986 
-78462431.76909339 
-77907008.08918017 
-73642445.86840762 
-73642445.86840762 
-72534895.99084817 
-72376391.13214080 
-71353623.08920583 
-68180498.32477337 
-68158803.16431899 
-68158803.16431899 
-68108785.42391603 
-68108785.42391603 
-68108785.42391603 
-67602743.84967585 
-65484547.13717729 
-65484547.13717729 
-64363884.62759031 
-64363884.62759031 
-59869313.83669689 
-59723946.99763874 
-59572000.93780084 
-59536915.75597990 
-57626763.99900483 
-57617301.23225563 
-57617301.23225563 
-55551668.32613756 
-53319020.49892530 
-53214653.26079060 
-52334769.79516827 
-52334769.79516827 
-52334769.79516827 
-52302916.21047986 
-52297879.87266998 
-52022709.80972799 
-51945041.79218312 
-51945041.79218312 
-51812668.85111500 
-51812668.85111500 
-51812668.85111500 
-51537951.54888210 
-47670152.32368138 
-47670152.32368138 
-47667693.65107448 
-47633697.67071989 
-46549800.10562847 
-46548947.07925975 
-46540689.98575564 
-46540689.98575564 
-45820469.42766547 
-45806256.78407789 
-45806256.78407789 
-45052779.73948792 
-45046236.82389461 
-45038519.80464764 
-45038361.51032271 
-44529156.99765184 
-44522345.65294125 
-44503471.33715843 
-44422513.79829662 
-44292508.06396946 
-44243083.09108572 
-44181750.42183320 
-44073787.08592515 
-44073787.08592515 
-44072563.98469321 
-44063910.95371494 
-43955653.95014416 
-43955463.24028252 
-43955463.24028252 
-43878433.94584977 
-43869455.08615947 
-43867545.30069657 
-43867545.30069657 
-43867545.30069657 
-43867545.30069657 
-43864986.55101550 
-43864265.72904904 
-43864051.88529751 
-43863819.44822002 
-43863819.44822002 
-43863819.44822002 
-43843371.51120969 
-43843371.51120969 
-43842583.67628086 
-43842261.72400810 
-43842236.89722715 
-43836985.48963519 
-43836985.48963519 
-43836964.72484901 
-43836964.67940840 
-43836964.67940840 
-43836525.98502048 
-43834709.99347229 
-43834605.21824348 
-43833725.22912534 
-43833482.52373973 
-43832943.22737169 
-43832943.22737169 
-43832943.22737169 
-43832140.32838178 
-43829481.32054187 
-43829481.32054187 
-43829481.32054187 
-43829481.32054187 
-43828691.85178901 
-43827677.65076912 
-43827677.65076912 
-43827298.84917867 
-43827073.53034964 
-43827073.53034964 
-43826685.03514037 
-43826685.03514037 
-43826685.03514037 
-43821581.80570534 
-43816732.86639880 
-43816729.70547371 
-43811726.43181433 
-43810699.26196140 
-43810483.12593693 
-43810483.12593693 
-43810483.12593693 
-43810454.78458180 
-43810454.78458180 
-43810212.18177030 
-43810067.90909062 
-43809174.10717999 
-43809092.49084802 
-43809092.49084802 
-43808992.07418661 
-43808992.07418661 
-43808932.83981858 
-43808932.83981858 
-43808932.83981858 
-43792180.90846113 
-43792180.90846113 
-43792180.90846113 
-43790143.13107186 
-43790143.13107186 
-43790143.13107186 
-43790143.13107186 
-43790143.13107186 
-43790143.13107186 
-43790143.13107186 
-43790143.13107186 
-43789881.37999727 
-43789881.37999727 
-43787764.20645542 
-43787764.20645542 
-43787764.20645542 
-43787626.54619609 
-43787535.34191741 
-43787535.34191741 
-43787535.34191741 
-43787535.34191741 
-43787535.34191741 
-43787398.82384182 
-43786293.98629818 
-43785081.24235880 
-43785081.24235880 
-43785081.24235880 
-43785078.52992851 
-43785078.52992851 
-43785078.52992851 
-43785078.52992851 
-43785078.52992851 
-43785078.52992851 
-43785078.52992851 
-43785078.52992851 
-43785078.52992851 
-43785078.52992851 
-43785078.43409248 
-43785078.43409248 
-43784905.70674872 
-43784905.70674872 
-43784905.70674872 
-43784820.98011633 
-43784818.79851835 
-43784818.79851835 
-43784818.79851835 
-43784818.79851835 
-43784818.79851835 
-43784818.79851835 
-43784818.79851835 
-43784619.34611526 
-43784600.52865998 
-43784600.52865998 
-43784600.52865998 
-43784600.52865998 
-43784599.15770279 
-43784471.37821813 
-43784471.37821813 
-43784335.49288019 
-43784335.49288019 
-43784335.49288019 
-43784335.49288019 
-43784304.83724517 
-43784304.83724517 
-43784304.83724517 
-43784304.83724517 
-43784304.83724517 
-43784276.17590161 
-43784276.17590161 
-43784211.17772008 
-43784182.97143073 
-43784182.97143073 
-43784182.97143073 
-43784182.97143073 
-43784182.97143073 
-43784182.97143073 
-43784182.79868672 
-43784182.79868672 
-43784182.79868672 
-43784182.79868672 
-43784182.79868672 
-43784182.79868672 
-43784182.79868672 
-43784182.79868672 
-43784178.36011162 
-43784178.36011162 
-43784178.36011162 
-43784178.36011162 
-43784178.36011162 
-43784178.36011162 
-43784167.23829231 
-43784167.23829231 
-43784167.23829231 
-43784060.90941650 
-43784060.90941650 
-43784046.10944327 
-43784030.84856051 
-43784030.84856051 
-43784030.84856051 
-43784022.41736069 
-43784022.41736069 
-43784022.41736069 
-43784022.41736069 
-43784022.41736069 
-43784022.41736069 
-43784022.41736069 
-43784022.41736069 
-43784022.41736069 
-43784022.41736069 
-43784022.41736069 
-43784022.41736069 
-43784022.41736069 
-43784017.91078848 
-43784017.57040218 
-43784017.57040218 
-43784017.57040218 
-43784007.17929304 
-43784007.17929304 
-43784007.17929304 
-43784007.17929304 
-43784007.17929304 
-43784007.17929304 
-43783972.54057018 
-43783972.54057018 
-43783972.54057018 
-43783972.54057018 
-43783972.54057018 
-43783972.54057018 
-43783972.54057018 
