-606249968.45349216 
-594447684.11806595 
-552388474.21319520 
-552388474.21319520 
-549829947.22667933 
-528626638.49630505 
-499498231.63482809 
-447499245.38365769 
-278868102.04100651 
-127194271.15547925 
-127194271.15547925 
-125545535.34738871 
-125369187.49251641 
-124027346.20609377 
-123447051.14075291 
-123447051.14075291 
-122953782.66762556 
-122075495.95209667 
-104206377.73994201 
-104206377.73994201 
-104206377.73994201 
-104205629.67039052 
-102909435.26803423 
-100926367.61317220 
-100850585.91143584 
-100850585.91143584 
-93798050.30229083 
-93798050.30229083 
-92198848.58695358 
-92198848.58695358 
-92044732.58966306 
-91776251.63566312 
-91658668.36583439 
-90676510.56716712 
-90676510.56716712 
-90676510.56716712 
-90658891.76050481 
-90533372.41720986 
-90533372.41720986 
-89510847.87736128 
-72420003.92138645 
-72420003.92138645 
-62989199.77361297 
-62836629.79610097 
-62183970.14068419 
-62182908.44524480 
-62182332.10304967 
-62163080.30219515 
-62163080.30219515 
-62163080.30219515 
-62163080.30219515 
-61954516.88114809 
-61887993.74326295 
-61887993.74326295 
-61887993.74326295 
-61852216.36489544 
-61852216.36489544 
-61851740.38137527 
-61851740.38137527 
-61849453.43930696 
-61849453.43930696 
-61849453.43930696 
-59496634.57541959 
-59496634.57541959 
-58845448.25438711 
-58843937.63835301 
-58722235.57963356 
-58722235.57963356 
-58717422.59714902 
-58717422.59714902 
-58714269.94431119 
-58678511.51057654 
-57497826.09637295 
-53087398.42029522 
-53038010.45623455 
-53038010.45623455 
-53038010.45623455 
-53021994.33869247 
-53021994.33869247 
-53021134.95243021 
-53021134.95243021 
-52947288.76881959 
-52940327.66731010 
-52940327.66731010 
-48685457.53715115 
-48402834.88049564 
-48402834.88049564 
-48398873.46142761 
-48326429.08818492 
-48250489.30497623 
-48250489.30497623 
-47924744.07701568 
-47861077.88334278 
-47761983.49982055 
-47761983.49982055 
-46527726.76688859 
-46527726.76688859 
-46515760.71881963 
-46495010.52327158 
-46357832.65697362 
-46357759.26022364 
-46357751.68417709 
-46328957.01330018 
-46297641.71200542 
-46289705.88356289 
-46194518.33725023 
-46194518.33725023 
-46194518.33725023 
-46172399.06007475 
-46172399.06007475 
-46172399.06007475 
-46172399.06007475 
-46172210.45223644 
-46134865.01109176 
-46134865.01109176 
-46134865.01109176 
-46134865.01109176 
-46133659.74798843 
-45767832.69333130 
-45767832.69333130 
-45738695.66245975 
-45732262.87103630 
-45732262.87103630 
-45732262.87103630 
-45730194.44268648 
-45725678.28109285 
-45724394.44110960 
-45723474.50262632 
-45723474.50262632 
-45723474.50262632 
-45628049.62114176 
-45628049.62114176 
-45626498.67529780 
-45626498.67529780 
-45626331.88007419 
-45554760.83375215 
-45552035.92576848 
-45552035.92576848 
-45552035.92576848 
-45551652.22524492 
-45513116.23481623 
-45512627.13336920 
-45512627.13336920 
-45512614.23079667 
-45508803.12751888 
-45508158.47019859 
-45508004.71239730 
-45508004.71239730 
-45503411.10859237 
-45497106.64836950 
-45497089.57825577 
-45497089.57825577 
-45497089.57825577 
-45497089.57825577 
-45490021.42470889 
-45490021.42470889 
-45490010.90321075 
-45489818.13832568 
-45489818.13832568 
-45489520.45103581 
-45489520.45103581 
-45489520.45103581 
-45489520.45103581 
-45488355.04181302 
-45488355.04181302 
-45488355.04181302 
-45488135.96651879 
-45488133.26344892 
-45488133.26344892 
-45486381.50419893 
-45483796.25236286 
-45483554.99160992 
-45483510.92185845 
-45483495.06379605 
-45483495.06379605 
-45483495.06379605 
-45483199.17490570 
-45483194.60279427 
-45483185.56422260 
-45482493.65848767 
-45480751.17644001 
-45480751.17644001 
-45480751.17644001 
-45480751.17644001 
-45480751.17644001 
-45480751.17644001 
-45480749.73971227 
-45480749.73971227 
-45480749.73971227 
-45480725.53443805 
-45479933.13285418 
-45479933.13285418 
-45477713.09558378 
-45477713.09558378 
-45477713.09558378 
-45477644.26963471 
-45477644.26963471 
-45477644.26963471 
-45477644.26963471 
-45477644.26963471 
-45477643.17739383 
-45477603.23413402 
-45477603.23413402 
-45477603.23413402 
-45477603.23413402 
-45477603.23413402 
-45477602.96364330 
-45477602.96364330 
-45477602.96364330 
-45477602.96364330 
-45477602.96364330 
-45477602.96364330 
-45477535.14211594 
-45477535.14211594 
-45477535.14211594 
-45477328.60464335 
-45477030.16525212 
-45477030.16525212 
-45477030.16525212 
-45477022.36181250 
-45477017.18530941 
-45477017.18530941 
-45477017.00901055 
-45476964.08893032 
-45476871.99631717 
-45476811.35685534 
-45476753.31776224 
-45476753.31776224 
-45476753.31776224 
-45476753.31776224 
-45476753.31776224 
-45476753.31776224 
-45476753.31776224 
-45476752.43236231 
-45476711.40738687 
-45476711.40738687 
-45476711.40738687 
-45476711.40738687 
-45476711.40738687 
-45476711.40738687 
-45476711.40738687 
-45476688.34661782 
-45476688.34661782 
-45476688.34661782 
-45476688.22600688 
-45476688.22600688 
-45476688.22600688 
-45476688.22600688 
-45476688.22600688 
-45476688.22600688 
-45476641.73021022 
-45476641.73021022 
-45476641.73021022 
-45476641.73021022 
-45476641.73021022 
-45476641.60341084 
-45476641.60341084 
-45476639.95594533 
-45476639.95594533 
-45476276.11840279 
-45476276.11840279 
-45476276.11840279 
-45476276.11840279 
-45476276.11840279 
-45476276.11840279 
-45476276.11840279 
-45476276.11840279 
-45476276.08077868 
-45476276.08077868 
-45476276.08077868 
-45476276.08077868 
-45476276.08077868 
-45476276.08077868 
-45476276.08077868 
-45476276.08077868 
