-598261485.72257888 
-582330522.01190913 
-571178641.60153842 
-570191982.55749321 
-561188665.46064198 
-510717323.71775627 
-496261464.00232714 
-413386170.43747467 
-161955181.15011621 
-158664848.31510687 
-124068067.29164542 
-124068067.29164542 
-108484859.49265048 
-108484859.49265048 
-108082500.88825756 
-108082500.88825756 
-106132345.96820016 
-106132345.96820016 
-105674939.01385079 
-105674939.01385079 
-105674939.01385079 
-105249598.78286119 
-105001443.55584519 
-88143706.72323500 
-88143706.72323500 
-87498740.20290862 
-86952216.44341639 
-86952216.44341639 
-86676308.96684595 
-85955329.42619875 
-83664590.31333794 
-83664590.31333794 
-83664590.31333794 
-80307320.63604932 
-78411138.03962494 
-77474958.82200423 
-77474958.82200423 
-58514778.54417057 
-58381241.99524118 
-58139441.94756683 
-58139441.94756683 
-58122709.41381541 
-58120651.36098517 
-57919069.11369317 
-57154213.86769068 
-56898790.64764953 
-56703298.97149213 
-56690166.04871327 
-53185446.19389545 
-53163950.65112736 
-53163826.26459210 
-52731713.00484085 
-51433915.31124242 
-51433915.31124242 
-51433915.31124242 
-51433915.31124242 
-45950527.51940547 
-45896365.94438708 
-45896365.94438708 
-45896365.94438708 
-45877792.03566986 
-45851108.30869842 
-45658157.16400374 
-45658157.16400374 
-45657423.53933893 
-45657423.53933893 
-45657423.53933893 
-45657423.53933893 
-45657423.53933893 
-45655678.02426670 
-45531780.22319913 
-45531780.22319913 
-45531780.22319913 
-45381827.03221441 
-45139748.71549748 
-45139748.71549748 
-45139748.71549748 
-45139748.71549748 
-45139748.71549748 
-45139748.71549748 
-45139748.71549748 
-45139748.71549748 
-45137888.81341828 
-45115125.84692161 
-45115125.84692161 
-45054272.53704134 
-45054272.53704134 
-45054272.53704134 
-45054272.53704134 
-43312766.24680927 
-43311497.10298840 
-43310880.05243504 
-43107747.88692388 
-43107663.44272407 
-43106458.12566801 
-43106458.12566801 
-43106458.12566801 
-43106458.12566801 
-43106458.12566801 
-43106458.12566801 
-43031896.56440233 
-43031191.31711880 
-43031191.31711880 
-42865928.60235988 
-42865873.30751798 
-42865873.30751798 
-42805258.25111107 
-42785680.59232307 
-42785680.59232307 
-42785680.59232307 
-42774723.39704043 
-42754681.92588793 
-42754029.75518318 
-42754029.75518318 
-42688071.24808307 
-42687982.01961324 
-42687982.01961324 
-42687982.01961324 
-42687982.01961324 
-42687482.96608198 
-42685515.54540733 
-42685515.54540733 
-42685515.54540733 
-42685263.47505804 
-42685263.47505804 
-42684091.95072007 
-42684013.48658471 
-42684013.48658471 
-42684013.48658471 
-42684013.48658471 
-42684013.48658471 
-42684013.48658471 
-42683671.47714970 
-42683671.47714970 
-42683625.90594586 
-42683625.90594586 
-42683625.90594586 
-42683625.90594586 
-42679979.65626868 
-42679979.65626868 
-42679979.65626868 
-42679979.65626868 
-42679083.71447280 
-42679083.71447280 
-42673300.31981846 
-42673300.31981846 
-42673300.31981846 
-42627031.74706378 
-42627031.74706378 
-42626267.56184234 
-42626267.56184234 
-42624794.14606636 
-42624794.14606636 
-42624794.14606636 
-42624477.45889303 
-42624477.45889303 
-42624477.45889303 
-42624477.45889303 
-42619068.48391446 
-42619051.15346284 
-42618891.85807394 
-42616228.91365153 
-42616228.91365153 
-42616228.91365153 
-42616228.91365153 
-42616055.42403587 
-42616055.42403587 
-42616055.42403587 
-42615988.73099601 
-42615988.73099601 
-42615988.73099601 
-42615988.73099601 
-42615988.73099601 
-42612627.71075783 
-42612604.17457196 
-42612604.17457196 
-42611390.91838993 
-42611390.91838993 
-42611390.91838993 
-42610956.69224317 
-42610503.07823239 
-42610503.07823239 
-42610501.82970909 
-42610501.82970909 
-42606395.04308014 
-42606395.04308014 
-42606395.04308014 
-42606336.90999052 
-42606176.38561789 
-42606176.38561789 
-42605429.20982188 
-42592705.18070071 
-42592705.18070071 
-42592665.57296542 
-42592665.57296542 
-42592665.57296542 
-42592665.57296542 
-42592665.57296542 
-42592628.67271195 
-42592628.67271195 
-42592628.67271195 
-42592628.67271195 
-42592628.67271195 
-42592627.31205028 
-42592627.31205028 
-42592627.31205028 
-42584964.58519765 
-42584964.58519765 
-42584896.92743775 
-42584892.59019713 
-42584791.00758206 
-42584791.00758206 
-42584791.00758206 
-42582087.47230751 
-42582087.47230751 
-42582073.75453602 
-42582073.75453602 
-42582073.75453602 
-42582073.75453602 
-42581661.69184920 
-42581659.47637106 
-42581659.47637106 
-42581659.47637106 
-42581659.47637106 
-42581301.10334871 
-42581301.10334871 
-42581299.56181666 
-42581299.56181666 
-42581299.56181666 
-42581299.56181666 
-42581135.06485010 
-42581135.06485010 
-42581037.21373794 
-42581037.21373794 
-42581037.21373794 
-42580761.26243538 
-42580761.26243538 
-42580761.26243538 
-42580761.26243538 
-42580761.26243538 
-42580761.26243538 
-42580761.26243538 
-42580761.26243538 
-42580761.26243538 
-42580761.26243538 
-42580761.26243538 
-42580718.07341319 
-42580716.21227078 
-42580701.77327397 
-42580701.77327397 
-42580701.77327397 
-42580701.77327397 
-42580701.77327397 
-42580701.75485778 
-42580701.75485778 
-42580701.75485778 
-42580701.75485778 
-42580701.75485778 
-42580701.75485778 
-42580701.69565420 
-42580701.69565420 
-42580701.69565420 
-42580701.69565420 
-42580701.69565420 
-42580701.69565420 
-42580701.69565420 
-42580701.69565420 
-42580528.36877392 
-42580528.36877392 
-42580528.14436783 
-42580528.14436783 
-42580528.14436783 
-42580528.14436783 
-42580528.14436783 
-42580528.14436783 
