-721674583.29515660 
-721222287.69581366 
-695399523.15177023 
-675257754.17224741 
-665983305.56242371 
-665383619.75059545 
-662266153.70909846 
-625412923.71089077 
-411104927.26112574 
-392700754.34137958 
-249019685.08849803 
-248527775.60878536 
-244895691.18783915 
-244895691.18783915 
-241423074.63551143 
-241423074.63551143 
-240958471.50046289 
-240428777.53410318 
-239505918.78856862 
-204496886.95521429 
-204496886.95521429 
-204019432.50703698 
-204012699.85464582 
-204012699.85464582 
-203713437.71607006 
-197747018.72807625 
-189651258.73769522 
-189651258.73769522 
-184915089.87989578 
-182489079.91452163 
-156178105.10457000 
-156178105.10457000 
-150811397.59662661 
-150687720.03506356 
-150519163.55288178 
-149330769.50931957 
-149265442.76837632 
-149191220.11131060 
-148780069.55192515 
-148409867.66530043 
-148358723.57363030 
-148358723.57363030 
-148358723.57363030 
-148163211.45551324 
-148163211.45551324 
-148163211.45551324 
-146318874.95039180 
-146318874.95039180 
-142980112.09076762 
-142970328.88120523 
-140779324.91345862 
-140695949.02534935 
-140695949.02534935 
-140658281.83673292 
-140658281.83673292 
-140657526.11153463 
-140657526.11153463 
-140154877.48969603 
-140154877.48969603 
-140043253.64677811 
-139955243.55156413 
-139926235.11862972 
-139917734.19058698 
-65609236.86608809 
-65591908.32881675 
-65434223.52216259 
-65421408.04022071 
-65421408.04022071 
-65421408.04022071 
-64846280.64822432 
-64846280.64822432 
-64813894.09580727 
-63599359.95762618 
-63498417.00218770 
-60836487.32574324 
-60836487.32574324 
-60325101.98435877 
-60325101.98435877 
-60325101.98435877 
-60062117.55782462 
-59547497.25012983 
-59547497.25012983 
-59547497.25012983 
-59508930.76730333 
-59501752.82738546 
-59501752.82738546 
-59501752.82738546 
-59259704.79903955 
-59258966.34888121 
-59258966.34888121 
-59258966.34888121 
-59258966.34888121 
-59159331.94138098 
-59095551.01607826 
-59083674.79227249 
-59083674.79227249 
-51001635.77939131 
-50999761.69059997 
-50993853.57413814 
-50993853.57413814 
-50923628.89273919 
-50923359.77591151 
-50923359.77591151 
-50923359.77591151 
-50911483.26205631 
-50911483.26205631 
-50911483.26205631 
-50627827.60567176 
-50627827.60567176 
-50267154.44508616 
-50267154.44508616 
-50258899.90376348 
-50258899.90376348 
-50258899.90376348 
-50258899.90376348 
-50258899.90376348 
-50240294.25840576 
-50240195.54419901 
-50071322.21872679 
-50070680.43669861 
-50070396.25155140 
-50070374.15714097 
-50053915.58545428 
-50053915.58545428 
-50053915.58545428 
-50053915.58545428 
-50053702.65291366 
-50052260.02943368 
-50052043.86378583 
-50052043.86378583 
-50052043.86378583 
-50013254.26727863 
-50013254.26727863 
-50013254.26727863 
-50013247.65893653 
-50011063.80818629 
-50011063.80818629 
-50011063.80818629 
-50011063.80818629 
-50011063.80818629 
-49876321.77909985 
-49876221.98861582 
-49876221.98861582 
-49876050.36889503 
-49876050.36889503 
-49876050.36889503 
-49876050.36889503 
-49875280.04082586 
-49875105.62185165 
-49875105.62185165 
-49875105.62185165 
-49873818.98105136 
-49873818.98105136 
-49832744.57016137 
-49832744.57016137 
-49832194.68153548 
-49832194.68153548 
-49832194.68153548 
-49831428.07411092 
-49831360.38122309 
-49831360.38122309 
-49831360.38122309 
-49831360.38122309 
-49831360.38122309 
-49810732.07500898 
-49810432.77764684 
-49810301.95844203 
-49810301.95844203 
-49810301.95844203 
-49810151.06185496 
-49810151.06185496 
-49810151.06185496 
-49810151.06185496 
-49806497.65133486 
-49806497.65133486 
-49806028.86401060 
-49806028.86401060 
-49806028.86401060 
-49806028.86401060 
-49805966.27354594 
-49805350.77100939 
-49805350.77100939 
-49804712.31511349 
-49804712.31511349 
-49804712.31511349 
-49804712.31511349 
-49802157.90981555 
-49802157.90981555 
-49801668.19434140 
-49801667.58940997 
-49801667.58940997 
-49801442.16803870 
-49801158.06335528 
-49801158.06335528 
-49801158.06335528 
-49801158.06335528 
-49801158.06335528 
-49790828.41817739 
-49790828.41817739 
-49789396.43572170 
-49789396.43572170 
-49789396.43572170 
-49789012.44719395 
-49789012.44719395 
-49789010.79988877 
-49789010.79988877 
-49789010.79988877 
-49789010.79988877 
-49789010.79988877 
-49789010.79988877 
-49789010.79988877 
-49789010.06967410 
-49789010.06967410 
-49788576.41556928 
-49788576.41556928 
-49788576.41556928 
-49788576.41556928 
-49788505.52927028 
-49788505.52927028 
-49786703.27577673 
-49786703.27577673 
-49786696.24497594 
-49786696.24497594 
-49786696.24497594 
-49785975.28891081 
-49785975.28891081 
-49785975.28891081 
-49785975.28891081 
-49785975.28891081 
-49785938.67250169 
-49785864.22459455 
-49785864.22459455 
-49785262.80501005 
-49785262.80501005 
-49785010.82215414 
-49785010.82215414 
-49785010.82215414 
-49785010.82215414 
-49785010.82215414 
-49785010.82215414 
-49784977.58034390 
-49784977.58034390 
-49784977.58034390 
-49784977.58034390 
-49784977.58034390 
-49784977.58034390 
-49784977.58034390 
-49784977.58034390 
-49784977.58034390 
-49784977.58034390 
-49781530.94352024 
-49781530.94352024 
-49781530.94352024 
-49781530.94352024 
-49781530.94352024 
-49781530.94352024 
-49781530.94352024 
-49781530.94352024 
-49781530.94352024 
-49781530.94352024 
-49781530.94352024 
-49781530.94352024 
-49781530.94352024 
-49781530.94352024 
-49781530.94352024 
-49781530.94352024 
-49781530.94352024 
-49781530.94352024 
-49781530.94352024 
-49781530.94352024 
-49781530.94352024 
-49781530.94352024 
-49781530.94352024 
-49781530.94352024 
-49781530.94352024 
