-1364589.46154479 
-1230166.16000074 
-1215053.27049703 
-1168881.19158902 
-1160150.44939292 
-1146317.19470861 
-1111771.77293102 
-1079909.78581091 
-1071408.07175251 
-1017278.58667094 
-915365.42634963 
-914657.56230628 
-910010.29147394 
-899729.35879789 
-899089.17273196 
-857342.86953233 
-806013.30799212 
-804086.63735002 
-664757.64056870 
-597197.60975748 
-583283.58691513 
-583283.58691513 
-562479.02798983 
-491299.97561308 
-487257.18341918 
-434213.16935601 
-422493.30206890 
-417985.89891469 
-387333.36988156 
-380712.24932932 
-370412.90532943 
-334971.68457886 
-299748.93715500 
-275687.26101428 
-244763.93083361 
-230540.60296502 
-224489.75095541 
-223498.00998580 
-223498.00998580 
-223498.00998580 
-223496.88681282 
-223475.89188687 
-223244.41200319 
-222142.44701465 
-222142.44701465 
-222142.44701465 
-222119.74827597 
-221973.01367271 
-215277.34348149 
-214354.78128824 
-214341.91674939 
-214341.91674939 
-213472.15416404 
-213472.15416404 
-211941.23657745 
-211941.23657745 
-209705.19513404 
-208333.46773626 
-208272.72063725 
-202706.65625391 
-201316.44722944 
-201316.44722944 
-201105.14098207 
-201105.14098207 
-201071.86649889 
-201071.86649889 
-200888.12630727 
-197369.45609981 
-197369.45609981 
-191860.04610835 
-191703.54478582 
-191703.54478582 
-191703.54478582 
-191050.36902119 
-183132.60493846 
-183061.81548644 
-182869.56428503 
-182349.86035433 
-181971.08488189 
-181971.08488189 
-175274.64909330 
-175274.64909330 
-174754.78386264 
-174187.65397394 
-174187.65397394 
-174082.64995820 
-173904.41789477 
-171025.85114246 
-170825.39111361 
-170007.81002075 
-164966.97339150 
-162287.27765623 
-161522.46694633 
-159233.64130773 
-159233.64130773 
-157735.73590083 
-157735.73590083 
-157735.73590083 
-157735.73590083 
-157509.08596321 
-157505.92959313 
-157047.48301362 
-157021.71854710 
-156484.60497010 
-156404.11908243 
-156225.26915851 
-156225.26915851 
-155875.28301285 
-152452.50973338 
-152369.96998957 
-146544.76886695 
-146524.54735122 
-146476.39337121 
-146476.39337121 
-146465.77551218 
-146356.48784550 
-139218.44111804 
-139217.22124916 
-139217.22124916 
-139190.43907363 
-139190.43907363 
-134766.66075825 
-134766.66075825 
-133163.87101149 
-133163.87101149 
-132368.10835015 
-131941.32360963 
-131915.03362614 
-126074.90855215 
-126074.90855215 
-126062.88215943 
-126062.88215943 
-126062.88215943 
-126062.88215943 
-126062.88215943 
-126048.21080836 
-126041.71182733 
-125737.73017000 
-125737.73017000 
-125737.73017000 
-125487.35545039 
-124406.72785617 
-124402.44770637 
-124386.05794599 
-123417.92917845 
-123394.11605624 
-122078.56409497 
-122078.56409497 
-122069.54341971 
-122069.54341971 
-122042.88456704 
-122042.88456704 
-121478.74987973 
-121478.74987973 
-119952.41126093 
-119951.03665210 
-119950.82195814 
-118604.45236933 
-118588.43262108 
-118467.10967870 
-118467.10967870 
-118463.95747037 
-118463.95747037 
-118463.95747037 
-118463.95747037 
-118463.95747037 
-118446.89852767 
-118441.71165319 
-118441.71165319 
-118441.71165319 
-118441.71165319 
-118441.71165319 
-118434.08188335 
-117914.94305413 
-117914.94305413 
-117914.94305413 
-117914.94305413 
-114925.94765218 
-114923.61283504 
-114923.61283504 
-113530.30083368 
-113528.27785308 
-113338.18424088 
-113334.14454418 
-113327.35567259 
-113327.35567259 
-113304.21409417 
-113303.63651068 
-108685.08212758 
-108682.88677993 
-108654.00345800 
-108567.90540454 
-108565.39917082 
-108565.39917082 
-108563.47182103 
-108264.19773185 
-108212.53771561 
-108212.53771561 
-108212.53771561 
-108211.10290398 
-107744.37192645 
-107744.37192645 
-107744.37192645 
-107744.37192645 
-107744.37192645 
-107739.60637635 
-106995.41922361 
-106995.41922361 
-106994.69019815 
-106972.19177774 
-106972.18256540 
-106847.38176516 
-105969.25070155 
-105867.19573891 
-105865.92946033 
-105857.94870689 
-105857.94870689 
-105852.21751496 
-105852.21751496 
-105842.24167653 
-105841.73231129 
-105837.17646734 
-105837.17646734 
-105477.58936684 
-104784.51861299 
-104784.51697616 
-104710.17528662 
-104706.84647575 
-104703.75730826 
-101328.20840666 
-101328.20840666 
-101263.09445326 
-101260.89967241 
-101260.89967241 
-101186.93038533 
-101186.93038533 
-100875.24884385 
-100697.47091791 
-100672.78636584 
-100666.34239076 
-100666.34239076 
-100666.34239076 
-100465.60613626 
-100460.00793316 
-100460.00793316 
-100452.89337634 
-100452.89337634 
-100435.72234771 
-100429.88668548 
-100364.09125213 
-100360.10650364 
-100359.83001915 
-100307.34337353 
-100307.27330866 
-100196.36548058 
-100196.27648669 
-100195.16725846 
-100195.16725846 
-100195.15544471 
-100175.81520751 
-100140.24841518 
-100136.77582317 
-100136.77582317 
-100134.94087170 
-100134.94087170 
-99862.07355681 
-99862.07355681 
-99793.77830665 
-99792.24392121 
-99789.15580027 
-99488.30059704 
-99488.30059704 
-99446.44246546 
-99444.79359022 
-99444.79359022 
-99443.70657374 
-99443.70657374 
-99443.70657374 
-99430.04062550 
-99430.01399284 
-99430.01399284 
-99425.31554819 
-99422.48191052 
-99413.64930602 
-99169.35134759 
-99155.20103941 
-99155.20103941 
-99148.92498952 
-99127.98425672 
-99126.97436071 
-99122.48145615 
-99115.76541834 
-99115.76541834 
-99114.84631909 
-99114.84631909 
-99109.90651002 
-99109.90651002 
-99106.53217438 
-99099.13220625 
-99098.95303843 
-99098.95303843 
-98842.11963513 
-98841.95173142 
-98833.40750797 
-98833.10248835 
-98830.16885392 
-98750.21616773 
-98744.99533840 
-98636.76820876 
-98636.76820876 
-98634.43754839 
-98629.18942475 
-98629.18942475 
-98629.18942475 
-98563.66927757 
-98563.66927757 
-98563.15347250 
-98563.15347250 
-98563.15347250 
-98524.24991139 
-98524.24991139 
-98523.94146350 
-98518.52251787 
-98518.47180341 
-98506.82729415 
-98501.72492375 
-98501.72492375 
-98501.18265948 
-98501.18265948 
-98501.18265948 
-98501.16164998 
-98498.88944182 
-98493.14415248 
-98492.48322519 
-98492.48322519 
-98492.48322519 
-98489.84653925 
-98489.84653925 
-98489.84653925 
-98489.42887654 
-98486.16825869 
-98485.92413942 
-98463.56540384 
-98463.56540384 
-98456.63321306 
-98456.63321306 
-98456.63321306 
-98456.63321306 
-98456.56753143 
-98456.56753143 
-98427.24700904 
-98427.22248201 
-98426.60779471 
-98426.60779471 
-98426.60779471 
-98426.60779471 
-98426.60779471 
-98425.06687649 
-98424.32657388 
-98424.32657388 
-98424.32657388 
-98424.32657388 
-98424.32657388 
-98424.32657388 
-98424.32657388 
-98424.32657388 
-98424.32657388 
-98424.32657388 
-98423.50488814 
-98423.50488814 
-98420.43838396 
-98420.34998607 
-98420.34998607 
-98419.71892065 
-98419.71892065 
-98419.71892065 
-98419.71892065 
-98419.67382784 
-98419.67382784 
-98419.67382784 
-98376.25834893 
-98375.85016865 
-98375.76555196 
-98375.76555196 
-98375.76555196 
-98375.76555196 
-98369.18224777 
-98369.18075510 
-98369.18075510 
-98369.18075510 
-98369.18075510 
-98369.18075510 
-98336.97450829 
-98336.14346289 
-98336.14346289 
-98336.05710975 
-98336.05710975 
-98336.05710975 
-98335.83860524 
-98335.83860524 
-98335.83731607 
-98335.56446841 
-98335.56446841 
-98335.56446841 
-98335.54695941 
-98333.63985691 
-98333.38997238 
-98333.38997238 
-98333.38997238 
-98333.22002915 
-98333.20536558 
-98333.20536558 
-98332.98084111 
-98332.97261108 
-98332.97124739 
-98332.97124739 
-98332.27640789 
-98332.27640789 
-98332.27640789 
-98331.72360078 
-98331.72360078 
-98331.64648402 
-98329.18805480 
-98329.18805480 
-98328.77985276 
-98328.77985276 
-98328.77985276 
-98328.57608252 
-98328.37736275 
-98328.37438841 
-98328.37438841 
-98328.37438841 
-98324.99671137 
-98324.59969837 
-98324.59969837 
-98324.59969837 
-98324.59969837 
-98324.59969837 
-98324.59969837 
-98324.59969837 
-98324.59969837 
-98324.59969837 
-98323.35615526 
-98323.35615526 
-98323.35615526 
-98323.34847127 
-98323.34847127 
-98323.34847127 
-98323.34847127 
-98323.20382151 
-98318.84404863 
-98318.80177020 
-98318.80177020 
-98318.78075007 
-98318.78075007 
-98318.78075007 
-98318.78075007 
-98318.77223571 
-98317.52696190 
-98317.52696190 
-98317.52696190 
-98317.38205166 
-98317.38205166 
-98317.10667709 
-98316.93602655 
-98316.93569412 
-98316.93569412 
-98316.93569412 
-98316.93569412 
-98316.64324157 
-98316.64324157 
-98316.64324157 
-98316.64317021 
-98316.64317021 
-98316.64317021 
-98316.64317021 
-98316.58994045 
-98316.58994045 
-98316.54090019 
-98316.53692758 
-98316.53692758 
-98316.52839344 
-98316.51262375 
-98316.41321059 
-98316.41321059 
-98316.41321059 
-98316.41321059 
-98316.41321059 
-98316.41321059 
-98316.41147196 
-98316.41147196 
-98316.41147196 
-98316.41147196 
-98316.41147196 
-98314.71348675 
-98314.71348675 
-98314.71348675 
-98314.70154127 
-98314.61785613 
-98314.41196562 
-98314.35518653 
-98314.35518653 
-98314.35518653 
-98314.35518653 
-98314.35518653 
-98314.35518653 
-98314.35518653 
-98314.35518653 
-98314.35518443 
-98314.35518443 
-98314.35518443 
-98314.35518443 
-98314.35518443 
-98314.35518443 
-98314.29456762 
-98314.29202508 
-98314.29202508 
-98314.28830642 
-98314.15066668 
-98314.15066668 
-98314.15066668 
-98314.11733945 
-98314.01489656 
-98314.01489656 
-98314.01489656 
-98313.98547999 
-98313.98547999 
-98313.98547999 
-98313.98547999 
-98313.98547999 
-98313.98514911 
-98313.96556159 
-98313.84172639 
-98313.84172639 
-98313.63554560 
-98313.63554560 
-98313.63475487 
-98313.63475487 
-98313.63475487 
-98313.63475487 
-98313.40557231 
-98313.40557231 
-98313.40557231 
-98313.40557231 
-98313.38020806 
-98313.38020806 
-98313.38020806 
-98313.38020806 
-98313.38020806 
-98313.29103335 
-98313.29103335 
-98313.28912108 
-98313.28912108 
-98313.28912108 
-98313.28639329 
-98313.28639329 
-98313.28639329 
-98313.28639329 
-98313.28639329 
-98313.28639329 
-98313.28639329 
-98313.26606504 
-98313.26606504 
-98313.21979654 
-98313.17670728 
-98313.17670728 
-98312.94143340 
-98312.94143340 
-98312.91500463 
-98312.91252914 
-98312.84406883 
-98312.84406883 
-98312.78290190 
-98312.78290190 
-98312.77915293 
-98312.77915293 
-98312.77915293 
-98312.77915293 
-98312.77915293 
-98312.45649086 
-98312.45569550 
-98312.45569550 
-98312.45457945 
-98312.45457945 
-98312.45457945 
-98312.37982149 
-98312.37982149 
-98312.35709125 
-98312.35709125 
-98312.35709125 
-98312.35709125 
-98312.31316704 
-98312.26115070 
-98312.26115070 
-98312.18781632 
-98312.18781632 
-98312.18781632 
-98312.18781632 
-98312.17217994 
-98312.17217994 
-98312.17217994 
-98312.17217994 
-98312.17217994 
-98312.17217994 
-98312.11254736 
-98312.11254736 
-98312.11254736 
-98312.11254736 
-98312.11182099 
-98312.11182099 
-98312.11141148 
-98312.11141148 
-98311.95585017 
-98311.95585017 
-98311.95585017 
-98311.57095370 
-98311.57095370 
-98311.57095370 
-98311.57042517 
-98311.57042517 
-98311.57042517 
-98311.57042517 
-98311.57042517 
-98311.57042517 
-98311.57042517 
-98311.57042517 
-98311.57042517 
-98311.57042517 
-98311.57042517 
-98311.54651861 
-98311.54651861 
-98311.54651861 
-98311.54651861 
-98311.48879108 
-98311.48879108 
-98311.48879108 
-98311.47495224 
-98311.47495224 
-98311.46835332 
-98311.46835332 
-98311.46835332 
-98311.46835332 
-98311.46835332 
-98311.32524460 
-98311.32507513 
-98311.32507513 
-98311.32507513 
-98311.30183744 
-98311.30183744 
-98311.30183744 
-98311.30183744 
-98311.30183744 
-98311.30183744 
-98311.30183744 
-98311.30183744 
-98311.30183744 
-98311.30183744 
-98311.28286741 
-98311.22534508 
-98311.20350830 
-98311.20350830 
-98311.20350830 
-98311.20350830 
-98311.19653251 
-98311.19653251 
-98311.19653251 
-98310.92314284 
-98310.92314284 
-98310.92314284 
-98310.92314284 
-98310.92314284 
-98310.92314284 
-98310.92314284 
-98310.92076960 
-98310.92076960 
-98310.92076960 
-98310.92076960 
-98310.88319771 
-98310.88319771 
-98310.88104559 
-98310.88104559 
-98310.88104559 
-98310.65456571 
-98310.63024951 
-98310.63024951 
-98310.63024951 
-98310.62774427 
-98310.62774427 
-98310.62774427 
-98310.62774427 
-98310.62774427 
-98310.62774427 
-98310.62774427 
-98310.62774427 
-98310.62774427 
-98310.62091737 
-98310.62091737 
-98310.62091737 
-98310.61853114 
-98310.61853114 
-98310.61853114 
-98310.61853114 
-98310.61853114 
-98310.61853114 
-98310.61853114 
-98310.54682577 
-98310.54682577 
-98310.54682577 
-98310.54682577 
-98310.54682577 
-98310.54682577 
-98310.54682577 
-98310.54682577 
-98310.54505888 
-98310.54505888 
-98310.54505888 
-98310.54505888 
-98310.54505888 
-98310.54505888 
-98310.54505888 
-98309.58661012 
-98309.58661012 
-98309.58661012 
-98309.58661012 
-98309.58661012 
-98309.58661012 
-98309.58661012 
-98309.58661012 
-98309.58661012 
-98309.58661012 
-98309.58661012 
-98309.58661012 
-98309.58661012 
-98309.58661012 
-98309.58661012 
-98309.58661012 
-98309.58661012 
-98309.58661012 
-98309.58661012 
-98309.46608437 
-98309.43914232 
-98309.43914232 
-98309.43914232 
-98309.43914232 
-98309.43914232 
-98309.43914232 
-98309.43914232 
-98309.43914232 
-98309.34480563 
-98309.34480563 
-98309.34366875 
-98309.34366875 
-98309.34366875 
-98309.34366875 
-98309.34366875 
-98309.34174190 
-98309.10026521 
-98309.10026521 
-98309.10023064 
-98309.00651569 
-98309.00651569 
-98309.00651569 
-98309.00577186 
-98309.00577186 
-98309.00577186 
-98309.00577186 
-98309.00577186 
-98309.00577186 
-98309.00577186 
-98309.00577186 
-98309.00577186 
-98309.00577186 
-98309.00577186 
-98308.98559389 
-98308.98559389 
-98308.97343251 
-98308.97212227 
-98308.97212227 
-98308.97212227 
-98308.97212227 
-98308.97212227 
-98308.97212227 
-98308.97212227 
-98308.97212227 
-98308.97212227 
-98308.97212227 
-98308.97041118 
-98308.97041118 
-98308.97041118 
-98308.96656122 
-98308.96656122 
-98308.96040383 
-98308.96040383 
-98308.96040383 
-98308.96040383 
-98308.96040383 
-98308.96040383 
-98308.96040383 
-98308.96040383 
-98308.92221194 
-98308.92221194 
-98308.92221194 
-98308.92221194 
-98308.92221194 
-98308.92221194 
-98308.92221194 
-98308.92221194 
-98308.92221194 
-98308.92079934 
-98308.92079934 
-98308.92079934 
-98308.92079934 
-98308.92079934 
-98308.92079934 
-98308.92079934 
-98308.92079934 
-98308.92079934 
-98308.92066764 
-98308.88379547 
-98308.88379547 
-98308.86682088 
-98308.86682088 
-98308.86682088 
-98308.86682088 
-98308.86666384 
-98308.86666384 
-98308.79057487 
-98308.79057487 
-98308.76253150 
-98308.76253150 
-98308.76253150 
-98308.76253150 
-98308.76253150 
-98308.75471659 
-98308.75471659 
-98308.75461496 
-98308.65071954 
-98308.65071954 
-98308.65071954 
-98308.65071954 
-98308.65071954 
-98308.65071661 
-98308.65071661 
-98308.65071661 
-98308.65071661 
-98308.65071661 
-98308.65071661 
-98308.65071661 
-98308.65071661 
-98308.65071661 
-98308.65071661 
-98308.65071661 
-98308.65071661 
-98308.65071661 
-98308.62815923 
-98308.62815923 
-98308.62815923 
-98308.62815923 
-98308.62815923 
-98308.62751260 
-98308.62751260 
-98308.62074191 
-98308.62074191 
-98308.61996246 
-98308.61996246 
-98308.60424749 
-98308.60396578 
-98308.60396578 
-98308.58558596 
-98308.58558596 
-98308.58558596 
-98308.58558596 
-98308.58558596 
-98308.58558596 
-98308.57443157 
-98308.57443157 
-98308.57443157 
-98308.57443157 
-98308.57443157 
-98308.57443157 
-98308.57439419 
-98308.57155235 
-98308.57155235 
-98308.57155235 
-98308.57155235 
-98308.57155235 
-98308.57155235 
-98308.57155235 
-98308.57155235 
-98308.57155235 
-98308.57155235 
-98308.56373798 
-98308.56373798 
-98308.56373798 
-98308.56373798 
-98308.56357092 
-98308.56357092 
-98308.56357092 
-98308.56357092 
-98308.56357092 
