-1434941.84312680 
-1371176.04448684 
-1301871.38359146 
-1298915.12053070 
-1234520.74975983 
-1230292.79503534 
-1224297.84735328 
-1146083.82701171 
-1097013.28231948 
-1080499.65621086 
-1078451.68548742 
-1041453.25718562 
-1040742.69442244 
-1039708.59482409 
-1007193.57935565 
-1007193.57935565 
-986123.92365119 
-969538.00384373 
-964888.17417607 
-944810.96911634 
-926618.22925908 
-834561.73993132 
-825248.37704526 
-809099.15660632 
-770563.10626243 
-748620.05322278 
-726502.11914935 
-685655.20753081 
-672539.53711818 
-641945.18232197 
-534419.19217153 
-391686.09870510 
-309530.20442043 
-276310.55641107 
-272121.74779885 
-239136.73259060 
-239136.73259060 
-235642.40571163 
-235412.51787417 
-201244.81156061 
-196573.72996695 
-193449.55252306 
-193449.55252306 
-193436.91964010 
-193059.16963089 
-193059.16963089 
-192952.66083948 
-192952.66083948 
-185887.88047666 
-185887.88047666 
-185079.89676559 
-185065.56350441 
-184308.53012273 
-184292.06912321 
-184292.06912321 
-184251.34184318 
-184251.34184318 
-181612.83040984 
-180963.51540080 
-180963.51540080 
-180963.51540080 
-177673.89421312 
-177673.89421312 
-177556.88981192 
-177215.87221162 
-177156.06001858 
-175374.09460768 
-175374.09460768 
-175374.09460768 
-174441.24904262 
-173608.95957618 
-173607.51649134 
-173281.57061094 
-163394.98240423 
-163307.70494126 
-161848.46461359 
-154053.72675191 
-153373.42678372 
-153373.42678372 
-153373.42678372 
-153373.42678372 
-152920.33120996 
-152920.33120996 
-152258.91227592 
-152236.19494521 
-152235.95437545 
-152235.95437545 
-152235.95437545 
-152217.06181993 
-152214.75453100 
-152214.75453100 
-152214.75453100 
-152214.75453100 
-152150.23689957 
-152150.23689957 
-151413.41363797 
-151401.79029854 
-151401.79029854 
-151401.79029854 
-151353.55585752 
-151258.89561416 
-151163.06950989 
-151163.06950989 
-150620.70508446 
-150620.70508446 
-150468.92835226 
-150468.92835226 
-148225.77039748 
-148225.77039748 
-147498.91790307 
-147498.91790307 
-147498.91790307 
-147498.91790307 
-147474.13843087 
-147474.13843087 
-147427.47289994 
-146931.90869296 
-140316.09855135 
-139110.71003367 
-138940.72524507 
-138940.72524507 
-138940.19376691 
-138930.10442299 
-138921.42570339 
-138921.23511735 
-138881.58104193 
-138855.41582160 
-138855.41582160 
-138830.01509768 
-132252.17191247 
-131664.94908715 
-131664.94908715 
-131664.94908715 
-131664.94908715 
-131622.71438739 
-131428.28216168 
-131029.70078841 
-131029.70078841 
-131022.45485810 
-130924.64237862 
-130924.64237862 
-130924.64237862 
-130877.33089158 
-130797.15901481 
-130797.15901481 
-130775.52900759 
-130746.46376067 
-130706.49054372 
-130024.39833943 
-130024.36059952 
-129842.44800912 
-129842.44800912 
-129644.12460020 
-129644.12460020 
-129644.12460020 
-129644.12460020 
-129621.72117829 
-129616.58939227 
-129616.58939227 
-129615.83207413 
-129614.99774213 
-129614.99774213 
-129614.99774213 
-129604.69000371 
-129475.94346227 
-129475.94346227 
-129230.86882572 
-129200.58717790 
-129200.58717790 
-129200.14932857 
-129161.34035875 
-129157.38679987 
-129153.34290740 
-129134.98144667 
-129122.84628709 
-129101.35194449 
-129093.66727666 
-129086.98910748 
-129086.98910748 
-129056.70393015 
-129023.68503341 
-128850.69983581 
-128826.95923773 
-128826.95923773 
-128826.95923773 
-128826.10716984 
-127671.02668621 
-127657.15512358 
-127466.03081427 
-127457.63523574 
-127451.31722752 
-127394.80950689 
-127372.52890840 
-127372.08323824 
-127367.41078961 
-127308.59331036 
-127303.22097966 
-127299.21087201 
-127298.76315148 
-127298.76315148 
-127298.76315148 
-124765.18423139 
-124765.18423139 
-124765.18423139 
-124764.97252981 
-124486.75027910 
-124486.75027910 
-124486.75027910 
-124475.02225278 
-124431.63654859 
-124431.63654859 
-124406.68489505 
-124406.68489505 
-124406.68489505 
-124116.25153227 
-124053.41891231 
-124049.51059496 
-124013.03588536 
-124013.03588536 
-124004.82846746 
-123890.61448973 
-123890.61448973 
-123805.71147041 
-123805.71147041 
-123691.90344084 
-122913.55165634 
-122913.55165634 
-122907.76876340 
-122907.76876340 
-122907.51397217 
-122907.51397217 
-122905.80171347 
-122903.20084463 
-122902.95809504 
-122902.64545312 
-122902.64545312 
-122894.60338609 
-122887.19777488 
-122887.19777488 
-122887.19777488 
-122887.18245942 
-122825.42567593 
-122817.81586990 
-122804.97480106 
-122804.97480106 
-122804.97480106 
-122804.97480106 
-122803.14366013 
-122803.14366013 
-122803.14366013 
-122800.22363108 
-122800.22363108 
-122795.97963407 
-122651.97484569 
-122651.97484569 
-122651.75153910 
-122495.10774821 
-122495.10774821 
-122485.08559298 
-122485.08559298 
-122469.47542150 
-122436.93347151 
-122392.03576296 
-122392.03576296 
-122374.21430724 
-122374.03499838 
-122374.03499838 
-122374.03499838 
-122374.03499838 
-122374.03499838 
-122374.03499838 
-122374.03499838 
-122361.62948096 
-122361.62948096 
-122359.23149617 
-122351.26037491 
-122351.24135870 
-122351.24135870 
-122351.24135870 
-122347.25678665 
-122346.36240562 
-122345.86674879 
-122345.86674879 
-122345.86674879 
-122345.86674879 
-122345.86674879 
-122344.65828186 
-122299.09880457 
-122299.09880457 
-122267.05340753 
-122267.05340753 
-122267.05340753 
-122174.33744527 
-122172.69666938 
-122169.09789330 
-122169.09789330 
-122169.09789330 
-122091.26289143 
-122086.90064789 
-122086.90064789 
-122086.90064789 
-122086.90064789 
-122086.83123419 
-122086.83123419 
-122086.83123419 
-122086.83123419 
-122086.83123419 
-122086.83123419 
-122086.83123419 
-122055.91550870 
-122055.91550870 
-122055.91550870 
-122055.88805280 
-121948.32553223 
-121946.78376442 
-121946.75907124 
-121945.77239722 
-121944.35500873 
-121944.35500873 
-121944.35500873 
-121943.27653639 
-121943.27653639 
-121942.20950033 
-121938.47787186 
-121934.95637567 
-121934.95637567 
-121934.70753673 
-121934.70753673 
-121934.70753673 
-121934.70753673 
-121932.97824010 
-121931.29733048 
-121892.22857957 
-121890.07304710 
-121890.07304710 
-121890.07304710 
-121890.02039286 
-121889.98753484 
-121889.90956661 
-121883.09079401 
-121883.09079401 
-121883.09079401 
-121883.09079401 
-121883.09079401 
-121883.09079401 
-121883.09079401 
-121883.09079401 
-121883.09079401 
-121883.09079401 
-121883.09079401 
-121882.89708901 
-121882.89708901 
-121882.89708901 
-121882.89708901 
-121882.89708901 
-121882.89708901 
-121882.26654173 
-121882.25832440 
-121882.15644754 
-121878.02937662 
-121878.02037965 
-121874.30735671 
-121874.28854195 
-121873.21888013 
-121873.21888013 
-121873.21888013 
-121873.21888013 
-121871.10282738 
-121844.90817622 
-121824.18944921 
-121823.41020879 
-121822.55290117 
-121822.55290117 
-121822.55290117 
-121822.51427279 
-121822.51427279 
-121822.51427279 
-121822.51427279 
-121822.51427279 
-121822.51427279 
-121822.51427279 
-121822.51427279 
-121822.51427279 
-121822.51427279 
-121822.50224589 
-121820.65981093 
-121820.65981093 
-121820.65981093 
-121820.65981093 
-121820.65981093 
-121820.08093290 
-121820.08093290 
-121820.05297042 
-121820.05297042 
-121820.05297042 
-121817.14937505 
-121817.14937505 
-121808.83293887 
-121808.83293887 
-121808.83293887 
-121802.76786654 
-121802.76786654 
-121802.61572958 
-121802.61572958 
-121800.05311844 
-121795.85664749 
-121795.22852020 
-121795.14380170 
-121794.69275276 
-121794.69275276 
-121794.69275276 
-121794.69275276 
-121794.69275276 
-121794.69275276 
-121794.69275276 
-121794.69275276 
-121794.35402347 
-121794.35402347 
-121794.19370871 
-121794.18007856 
-121794.18007856 
-121788.07761975 
-121788.07761975 
-121788.07761975 
-121788.07761975 
-121788.07761975 
-121788.07761975 
-121788.07761975 
-121787.22032796 
-121787.22032796 
-121786.48486811 
-121785.90722307 
-121785.90722307 
-121783.72317106 
-121783.72317106 
-121783.72317106 
-121783.52817125 
-121783.52817125 
-121783.52817125 
-121783.52817125 
-121780.39580867 
-121779.82201814 
-121779.82201814 
-121779.82201814 
-121779.82201814 
-121779.82201814 
-121779.82201814 
-121778.36102734 
-121778.36102734 
-121778.36102734 
-121778.36102734 
-121777.28354580 
-121776.63443474 
-121776.63443474 
-121776.63443474 
-121776.35642342 
-121776.35595162 
-121776.35595162 
-121776.35595162 
-121776.19036968 
-121776.19036968 
-121776.19036968 
-121776.19036968 
-121776.19036968 
-121776.19036968 
-121776.19036968 
-121775.81729237 
-121775.81729237 
-121775.63368499 
-121775.61666875 
-121775.61666875 
-121775.61666875 
-121775.61666875 
-121775.61666875 
-121775.61666875 
-121775.40353691 
-121775.40353691 
-121775.40353691 
-121775.40353691 
-121775.39409786 
-121768.04152536 
-121768.04152536 
-121768.04152536 
-121768.04152536 
-121767.61820738 
-121767.61820738 
-121767.61820738 
-121767.57724570 
-121767.18793297 
-121767.06861862 
-121767.06861862 
-121767.06861862 
-121767.01717626 
-121767.01717626 
-121767.01717626 
-121767.01717626 
-121766.94624474 
-121766.94624474 
-121766.94624474 
-121766.94624474 
-121766.94624474 
-121766.94624474 
-121766.94560979 
-121766.72829438 
-121766.72829438 
-121766.72829438 
-121766.72829438 
-121766.72829438 
-121766.72829438 
-121766.43642476 
-121766.43642476 
-121766.43642476 
-121766.24007364 
-121766.24007364 
-121766.24007364 
-121766.23796321 
-121766.23796321 
-121766.23796321 
-121766.23412829 
-121765.65694306 
-121765.65694306 
-121765.65694306 
-121765.65694306 
-121765.56800787 
-121765.55700980 
-121765.42637971 
-121765.42637971 
-121765.42637971 
-121765.42637971 
-121765.42637971 
-121765.42637971 
-121765.42637971 
-121765.42637971 
-121764.87934162 
-121764.87934162 
-121764.79120488 
-121764.79120488 
-121764.79120488 
-121764.79120488 
-121764.79120488 
-121764.78605920 
-121764.74228407 
-121764.74228407 
-121764.74228407 
-121764.74228407 
-121764.74228407 
-121764.72343800 
-121764.70923094 
-121764.55873625 
-121764.45751593 
-121764.45751593 
-121764.13197108 
-121762.72754980 
-121762.72754980 
-121762.72754980 
-121762.55793087 
-121762.55793087 
-121762.55793087 
-121762.55793087 
-121762.53000741 
-121762.50993378 
-121762.50993378 
-121762.50993378 
-121762.13990473 
-121762.13687283 
-121761.97880353 
-121761.96335320 
-121761.96335320 
-121761.96335320 
-121761.96335320 
-121761.96335320 
-121761.89823856 
-121761.89823856 
-121761.89823856 
-121761.87488587 
-121761.87488587 
-121761.85931103 
-121761.85931103 
-121761.85931103 
-121761.78688220 
-121761.78688220 
-121761.78688220 
-121761.78688220 
-121761.62046701 
-121757.48297551 
-121757.48297551 
-121757.48297551 
-121756.80938789 
-121756.65572094 
-121756.65572094 
-121756.65572094 
-121756.61065264 
-121756.58455488 
-121756.58455488 
-121756.58455488 
-121756.24461801 
-121756.24461801 
-121756.24461801 
-121756.24461754 
-121756.24461754 
-121756.24329192 
-121756.24329192 
-121756.24329192 
-121756.24329192 
-121756.11143344 
-121756.10884895 
-121756.10884895 
-121756.10884895 
-121756.10884895 
-121756.10884895 
-121756.10884895 
-121755.92107975 
-121755.92107975 
-121755.92107975 
-121755.92107975 
-121755.92107975 
-121755.92107975 
-121755.92107975 
-121755.88930454 
-121755.88930454 
-121755.05195444 
-121754.95724276 
-121754.84657952 
-121754.84657952 
-121754.84657952 
-121754.84657952 
-121754.84657952 
-121754.84603076 
-121754.84603076 
-121754.84603076 
-121754.84603076 
-121754.20867399 
-121754.20780860 
-121754.20780860 
-121754.20780836 
-121754.20780836 
-121754.20780836 
-121754.20780836 
-121754.20780836 
-121754.20780836 
-121754.20780836 
-121754.18859168 
-121754.18859168 
-121754.18859168 
-121754.18859168 
-121754.18859168 
-121754.18859168 
-121753.46370909 
-121753.46370909 
-121753.46370909 
-121753.46370909 
-121753.46370909 
-121753.34435230 
-121753.34435230 
-121753.34435230 
-121753.34435230 
-121753.34435230 
-121753.34299738 
-121753.31756867 
-121753.31756867 
-121753.19151098 
-121753.19151098 
-121753.19151098 
-121753.19151098 
-121753.19151098 
-121753.19151098 
-121753.19151098 
-121753.19151098 
-121753.19151098 
-121753.16301864 
-121753.16290485 
-121753.16290485 
-121753.15630737 
-121753.13349406 
-121753.13349406 
-121753.13349406 
-121753.11427479 
-121753.11355326 
-121753.11355326 
-121753.11355326 
-121753.11355326 
-121753.10766172 
-121753.10766172 
-121753.10766172 
-121753.10766172 
-121753.10766172 
-121753.10766172 
-121753.10766172 
-121753.09213544 
-121753.02999811 
-121753.02999811 
-121753.02999811 
-121753.02614050 
-121753.02614050 
-121752.97906257 
-121752.93242552 
-121752.93242552 
-121752.93242552 
-121752.93242552 
-121752.93242552 
-121752.93242552 
-121752.93242552 
-121752.93242552 
-121752.93242552 
-121752.93242552 
-121752.90136250 
-121752.90136250 
-121752.90136250 
-121752.90136250 
-121752.90136250 
-121752.90136250 
-121752.90136250 
-121752.90136250 
-121752.90136250 
-121752.90136250 
-121752.90136250 
-121752.90136250 
-121752.90136250 
-121752.90136250 
-121752.90136250 
-121752.90136250 
-121752.90136250 
-121752.90136250 
-121752.90136250 
-121752.90136250 
-121752.90136250 
-121752.90136250 
-121752.90136250 
-121752.87461883 
-121752.87461883 
-121752.74169039 
-121752.74169039 
-121752.74169039 
-121752.74169039 
-121752.74169039 
-121752.73975032 
-121752.73931178 
-121752.73931178 
-121752.73931178 
-121752.68099897 
-121752.68099897 
-121752.68099897 
-121752.68099897 
-121752.68099897 
-121752.68048719 
-121752.68048719 
-121752.68048719 
-121752.67995169 
-121752.64376168 
-121752.64247368 
-121752.64247368 
-121752.64247368 
-121752.64247368 
-121752.64247368 
-121752.64247368 
-121752.64247368 
-121752.62203891 
-121752.62203891 
-121752.62203891 
-121752.62203891 
-121752.61645699 
-121752.61645699 
-121752.61645699 
-121752.61645699 
-121752.61645699 
-121752.61372859 
-121752.57650006 
-121752.57650006 
-121752.57650006 
-121752.57650006 
-121752.57650006 
-121752.57448239 
-121752.57421690 
-121752.57421690 
-121752.57421690 
-121752.54638972 
-121752.54638972 
-121752.54638972 
-121752.54638972 
-121752.54638972 
-121752.54638972 
-121752.54638972 
-121752.54638972 
-121752.54638972 
-121752.54638972 
-121752.54638972 
-121752.54638972 
-121752.54638972 
-121752.54638972 
-121752.54638972 
-121752.54638972 
-121752.54638972 
-121752.54638972 
-121752.54638972 
-121752.52639076 
-121752.52639076 
-121752.52639076 
-121752.52639076 
-121752.52639076 
-121752.52639076 
-121752.52639076 
-121752.52639076 
-121752.52639076 
-121752.52639076 
-121752.52639076 
-121752.52639076 
-121752.52639076 
-121752.52639076 
-121752.52639076 
-121752.52639076 
-121752.52639076 
-121752.52639076 
-121752.52639076 
-121752.52639076 
-121752.52639076 
-121752.52228982 
-121752.52228982 
-121752.52228982 
-121752.52228982 
-121752.52228982 
-121752.52228982 
-121752.52134739 
-121752.52134739 
-121752.52134739 
-121752.52134739 
-121752.52134739 
-121752.43950223 
-121752.43950223 
-121752.43950223 
-121752.43950223 
-121752.43947240 
-121752.43947240 
-121752.43947240 
-121752.43947240 
-121752.43947240 
-121752.43947240 
-121752.43843309 
-121752.41043626 
-121752.41043626 
-121752.41043626 
-121752.41014840 
-121752.41014840 
-121752.41014840 
-121752.41014840 
-121752.41014840 
-121752.41014840 
-121752.41014840 
-121752.41014840 
-121752.41014840 
-121752.41014840 
-121752.41014840 
-121752.41014840 
-121752.41014840 
-121752.41014840 
-121752.41014840 
-121752.39982458 
-121752.37713558 
-121752.37650714 
-121752.37650714 
-121752.37650714 
-121752.37650714 
-121752.37650714 
-121752.37650714 
-121752.37650714 
-121752.37650714 
-121752.37650714 
-121751.97447910 
-121751.97447910 
-121751.97447910 
-121751.97447910 
-121751.97447910 
-121751.97447910 
-121751.97447910 
-121751.97447910 
-121751.97322091 
-121751.97322091 
-121751.97322091 
-121751.97322091 
-121751.97322091 
-121751.97322091 
-121751.97322091 
-121751.97322091 
-121751.97322091 
-121751.97322091 
-121751.97322091 
-121751.97322091 
-121751.97322091 
-121751.85648812 
-121751.85648812 
-121751.85648812 
-121751.85648812 
-121751.85648812 
-121751.84480205 
-121751.84480205 
-121751.84480205 
-121751.84480205 
-121751.84480205 
-121751.84480205 
-121751.84480205 
-121751.84480205 
