-1308405.90603049 
-1220433.45785425 
-1139383.81377637 
-1091363.48507553 
-1085748.93595373 
-1079878.40120220 
-1059745.40310913 
-1053688.58684329 
-1014045.80210808 
-1004702.06081220 
-1001742.05554077 
-994221.15284137 
-991145.01596000 
-974955.96347048 
-960657.85212098 
-959882.95235533 
-949512.30918354 
-919492.90518741 
-681191.68508135 
-622591.47421979 
-565611.76131578 
-548235.80695841 
-548201.35900384 
-545281.48055565 
-537908.05795353 
-521981.87597792 
-501687.64800238 
-497044.73058915 
-491257.80313950 
-443064.44245204 
-353029.93047808 
-347072.32156962 
-193969.27886291 
-193969.27886291 
-189676.69860178 
-164679.88870464 
-163350.63603054 
-163350.63603054 
-163350.63603054 
-163350.63603054 
-163224.83526224 
-163224.83526224 
-162773.21777688 
-162661.98176983 
-161249.90039528 
-161249.90039528 
-160724.26878289 
-160204.02355727 
-156301.89277079 
-155499.09122415 
-155499.09122415 
-154832.75690598 
-154831.45196025 
-154831.45196025 
-154830.49008991 
-154830.49008991 
-154830.49008991 
-154830.49008991 
-154595.06863530 
-153159.95930351 
-153125.40049645 
-153121.28204000 
-152753.08218147 
-151309.49333754 
-151309.49333754 
-151261.93779821 
-150716.11918363 
-150614.95681985 
-148722.75783322 
-148645.34824582 
-148645.34824582 
-148606.45645073 
-135943.53209178 
-135943.53209178 
-130878.77325513 
-130330.33509950 
-129546.44106660 
-129533.04832863 
-129423.44990300 
-129306.88839500 
-127437.61726288 
-127405.86318839 
-127404.19651777 
-127331.73508939 
-127331.73508939 
-126840.33590263 
-126826.33845306 
-126567.78579047 
-126562.93064966 
-126560.32266966 
-126504.58266781 
-126504.58266781 
-126504.58266781 
-126504.58266781 
-126504.58266781 
-126029.96417038 
-126026.32569812 
-126008.48883931 
-125955.83730633 
-125259.42223461 
-125254.15427658 
-125250.52245682 
-125117.98690924 
-125117.98690924 
-125006.64902890 
-124917.69107945 
-124860.41799390 
-124676.61733308 
-120057.54921462 
-119244.17397325 
-118651.49437374 
-118651.49437374 
-117528.91041419 
-117095.09374768 
-117093.28065558 
-117093.28065558 
-116520.56803228 
-116520.56803228 
-116516.42287189 
-116516.42287189 
-116516.42287189 
-115457.07441504 
-115457.07441504 
-115226.65062571 
-115200.43719587 
-115200.43719587 
-115200.43719587 
-115200.43719587 
-115200.43719587 
-115191.48432180 
-115177.15982196 
-113750.22597157 
-113750.22597157 
-113750.22597157 
-113750.22597157 
-113750.22597157 
-113720.47315466 
-113720.44259464 
-113618.42753964 
-113618.42753964 
-113617.46008790 
-113613.96863193 
-113613.96863193 
-113598.34876081 
-113598.34876081 
-113533.98178507 
-113345.94725419 
-113297.11366417 
-113277.61331069 
-113236.28638875 
-113178.72890430 
-113176.68124673 
-113120.61469126 
-113118.63810954 
-113113.33703570 
-113112.36831462 
-113090.70692774 
-111713.71198066 
-111674.95186642 
-111243.29405575 
-111236.50791679 
-111234.82358963 
-111216.28828743 
-111067.04251145 
-110912.43708054 
-110903.06390210 
-110893.07027880 
-110893.07027880 
-110891.78599466 
-110891.78599466 
-110498.49046744 
-110367.48957824 
-110343.56455886 
-110336.09824145 
-110336.09824145 
-110336.09824145 
-110248.28953374 
-110248.28953374 
-110196.11245481 
-110196.11245481 
-110176.73533559 
-110069.77781856 
-108941.45484730 
-108941.45484730 
-108941.45484730 
-108941.07964612 
-108941.07964612 
-108930.61634617 
-108870.71212918 
-108867.42760955 
-108851.42679233 
-108838.49317065 
-108838.49317065 
-108767.55753727 
-108767.55753727 
-108767.55753727 
-108767.16245204 
-108765.15711812 
-108701.99081729 
-108701.99081729 
-108701.99081729 
-108684.71798435 
-108684.66852053 
-108675.00485105 
-108675.00485105 
-108672.04083345 
-108658.13454850 
-108658.13454850 
-108658.13454850 
-108657.58957629 
-108657.58957629 
-108645.27532879 
-108621.99215557 
-108619.34731842 
-108612.57860560 
-108612.57860560 
-108612.57860560 
-108587.11264740 
-108126.94084063 
-108122.03391883 
-108095.59272058 
-108095.59272058 
-108095.59272058 
-108039.30165211 
-107962.19419375 
-107959.20223806 
-107959.20223806 
-107959.20223806 
-107959.20223806 
-107775.96289071 
-107775.96289071 
-107757.76858024 
-107752.93807675 
-107752.93807675 
-107752.93807675 
-107752.93807675 
-107194.43611285 
-107194.03576353 
-107191.09372024 
-107157.66407466 
-107157.66394787 
-107157.66394787 
-107144.07223680 
-107144.07223680 
-107144.07223680 
-107144.07223680 
-107136.80349872 
-107136.78749013 
-107123.12679549 
-107122.05927720 
-107122.05927720 
-107105.59853474 
-107104.79598454 
-107104.79598454 
-107060.75912926 
-107060.75912926 
-107059.28064164 
-107051.57514681 
-107051.34284039 
-107051.20512465 
-107051.20512465 
-107051.20512465 
-107049.91232128 
-107049.91232128 
-107037.24202815 
-106878.29323560 
-106878.25186725 
-106878.25186725 
-106878.25186725 
-106877.78852192 
-106876.66853539 
-106876.66853539 
-106876.66853539 
-106876.66853539 
-106872.47640073 
-106872.33413097 
-106872.28148636 
-106864.28226784 
-106864.28226784 
-106862.30978323 
-106858.00650949 
-106856.55169573 
-106856.55169573 
-106856.55169573 
-106847.33386882 
-106846.92812890 
-106843.23804187 
-106843.23804187 
-106838.95222143 
-106837.77686007 
-106836.66659479 
-106831.46370323 
-106827.27181275 
-106826.89035454 
-106826.89035454 
-106826.51019363 
-106826.51019363 
-106826.51019363 
-106826.51019363 
-106825.72142229 
-106816.24156329 
-106780.09607575 
-106780.04208025 
-106780.04208025 
-106780.04208025 
-106780.04208025 
-106779.23378847 
-106776.67328094 
-106776.67328094 
-106776.57940846 
-106776.21220973 
-106776.04593077 
-106775.96185707 
-106775.96185707 
-106767.47335778 
-106767.45188143 
-106767.27941054 
-106767.27941054 
-106765.16051574 
-106765.16051574 
-106764.19349629 
-106763.97347631 
-106763.92007861 
-106763.92007861 
-106763.92007861 
-106762.12068897 
-106761.80448196 
-106761.80448196 
-106761.43791201 
-106761.43791201 
-106761.43791201 
-106761.43791201 
-106761.43791201 
-106761.43791201 
-106761.43773966 
-106761.43773966 
-106761.43773966 
-106742.11833107 
-106742.05831833 
-106742.05831833 
-106741.35932866 
-106740.54152233 
-106740.54152233 
-106740.54152233 
-106696.40455289 
-106696.40455289 
-106696.31927752 
-106696.31927752 
-106696.30237909 
-106696.18893239 
-106692.62184270 
-106692.62184270 
-106692.61855713 
-106692.61855713 
-106692.61855713 
-106692.60186828 
-106688.17892352 
-106687.91348289 
-106687.91310287 
-106687.91310287 
-106687.91310287 
-106687.70371411 
-106686.86847616 
-106686.86847616 
-106686.86847616 
-106686.86847616 
-106686.86847616 
-106686.86754810 
-106686.81007100 
-106686.75972120 
-106686.75842106 
-106686.75842106 
-106685.89704403 
-106683.43414277 
-106683.35442948 
-106683.35442948 
-106683.35442948 
-106683.18093152 
-106683.18093152 
-106671.65746892 
-106635.06261376 
-106635.06261376 
-106635.06261376 
-106635.06183615 
-106634.96314621 
-106633.52123913 
-106633.06273024 
-106633.05860575 
-106633.05814859 
-106633.05814859 
-106631.73758392 
-106631.73758392 
-106631.73758392 
-106631.73758392 
-106631.73662251 
-106631.69278599 
-106631.65959090 
-106629.22725066 
-106628.47564617 
-106628.43554308 
-106628.36864293 
-106624.91523123 
-106624.91523123 
-106624.88242883 
-106620.13299305 
-106620.13299305 
-106620.13299305 
-106618.85335030 
-106618.85335030 
-106618.85335030 
-106618.85335030 
-106618.85335030 
-106618.85335030 
-106618.85335030 
-106618.85335030 
-106618.85335030 
-106614.51618177 
-106614.27923007 
-106614.27923007 
-106614.27923007 
-106614.27923007 
-106614.27923007 
-106613.37073502 
-106613.35723190 
-106613.35431734 
-106613.30990828 
-106613.30990828 
-106613.30990828 
-106613.28520159 
-106612.87811362 
-106612.87685357 
-106612.87685357 
-106612.87685357 
-106612.87685357 
-106612.87685357 
-106612.87685357 
-106612.87685357 
-106612.80481947 
-106612.80481947 
-106612.80481947 
-106611.96586136 
-106611.96573490 
-106611.96573490 
-106611.95321251 
-106611.95321251 
-106611.44043028 
-106611.44043028 
-106611.44043028 
-106611.44043028 
-106611.44043028 
-106611.44043028 
-106611.22520918 
-106596.67728723 
-106596.67728723 
-106596.67522214 
-106596.67511288 
-106596.64645142 
-106596.64645142 
-106596.64645142 
-106596.64645142 
-106596.64645142 
-106596.62780283 
-106596.42986889 
-106596.42986889 
-106595.69619506 
-106595.66234623 
-106595.66204783 
-106595.66204783 
-106595.66204783 
-106595.66204783 
-106595.66204783 
-106595.66204783 
-106595.65955435 
-106595.65955435 
-106595.65955435 
-106595.65953084 
-106594.63066687 
-106594.63066687 
-106594.63066687 
-106594.58110224 
-106594.58110224 
-106594.58110224 
-106594.58110224 
-106592.78978897 
-106592.69515094 
-106592.69515094 
-106592.69515094 
-106592.69515094 
-106567.59512119 
-106567.59512119 
-106567.59444062 
-106567.59393889 
-106567.58491101 
-106567.58491101 
-106567.34470941 
-106567.34470941 
-106567.33916864 
-106567.33916864 
-106566.16092337 
-106566.15377992 
-106566.09185202 
-106566.07955791 
-106566.07955791 
-106566.07955791 
-106566.07955791 
-106566.07955791 
-106566.06588766 
-106566.06588766 
-106566.03913262 
-106566.03913262 
-106566.03913262 
-106566.03635406 
-106564.34977085 
-106564.34977085 
-106564.24953035 
-106564.24953035 
-106564.21614779 
-106564.04062564 
-106564.04062564 
-106564.03218788 
-106564.03218788 
-106563.98073108 
-106563.96945710 
-106563.68039508 
-106545.00765818 
-106544.50138866 
-106544.43669011 
-106544.43669011 
-106544.43669011 
-106544.43669011 
-106544.43259275 
-106544.43259275 
-106544.42414548 
-106544.42414548 
-106544.38627167 
-106544.38552262 
-106544.38351951 
-106544.09040752 
-106544.09029038 
-106544.09029038 
-106544.09029038 
-106544.08948393 
-106544.08948393 
-106544.06594712 
-106544.03534961 
-106544.03534961 
-106543.92039472 
-106543.91292019 
-106543.91292019 
-106543.91292019 
-106543.91292019 
-106543.91292019 
-106543.91292019 
-106543.91292019 
-106543.91292019 
-106543.91292019 
-106543.91292019 
-106543.89572794 
-106543.87399353 
-106543.86648975 
-106539.80138934 
-106539.80138934 
-106539.80138934 
-106539.80138934 
-106539.79996558 
-106539.79081038 
-106539.79081038 
-106539.79081038 
-106539.79081038 
-106539.79081038 
-106539.79081038 
-106539.79063196 
-106539.79063196 
-106539.79063196 
-106539.79050087 
-106539.79050087 
-106539.79050087 
-106539.79050087 
-106539.79050087 
-106539.79050087 
-106539.78501483 
-106539.51098498 
-106539.49992551 
-106539.49905104 
-106539.49905104 
-106539.49905104 
-106539.47390841 
-106539.47390841 
-106539.47390841 
-106539.47390841 
-106539.47390841 
-106539.47080117 
-106539.47080117 
-106539.46711463 
-106539.46711463 
-106539.37978357 
-106538.88833985 
-106538.88833985 
-106538.88833985 
-106538.88831795 
-106538.88818581 
-106538.87351050 
-106538.87351050 
-106538.87058606 
-106538.87058606 
-106538.86671121 
-106538.86671121 
-106538.86572881 
-106538.86572881 
-106538.86572881 
-106538.86572881 
-106538.86338313 
-106538.85479913 
-106538.85479913 
-106538.85433460 
-106538.83708308 
-106538.83708308 
-106538.83708308 
-106538.83708308 
-106538.82850448 
-106538.82850448 
-106538.82850448 
-106538.82850448 
-106538.82850448 
-106538.82850448 
-106538.82850448 
-106538.81510677 
-106538.81110570 
-106538.81110570 
-106538.81110570 
-106538.81110570 
-106538.81110570 
-106538.77289481 
-106538.76569662 
-106538.76569662 
-106538.76569662 
-106538.76569662 
-106538.71019121 
-106538.64106237 
-106538.64106237 
-106538.64106237 
-106538.64106237 
-106538.59621576 
-106538.59621576 
-106538.59621576 
-106538.59621576 
-106538.59621576 
-106538.59621576 
-106538.59621576 
-106538.59621576 
-106538.59621576 
-106538.59621576 
-106538.59621576 
-106538.58635905 
-106538.58435871 
-106538.58435871 
-106538.58435871 
-106538.58435871 
-106538.58435871 
-106538.58435871 
-106538.58435871 
-106538.58435871 
-106538.58435871 
-106538.58435871 
-106538.58380775 
-106538.58380775 
-106538.58380775 
-106538.58380775 
-106538.58380775 
-106538.58380775 
-106538.55560728 
-106538.53644705 
-106538.53519595 
-106538.51678642 
-106538.50952559 
-106538.50952559 
-106538.50952559 
-106538.50952559 
-106538.50952559 
-106538.50952559 
-106538.50952559 
-106538.50952559 
-106538.50952559 
-106538.50952559 
-106538.50952559 
-106538.47715560 
-106538.47678051 
-106538.47678051 
-106538.47678051 
-106538.47678051 
-106538.47678051 
-106538.47678051 
-106538.47678051 
-106538.47678051 
-106538.47678051 
-106538.47611511 
-106538.47611511 
-106538.47611511 
-106538.47611511 
-106538.47611511 
-106538.47611511 
-106538.47611511 
-106538.47611511 
-106538.41989726 
-106538.41989726 
-106538.41983973 
-106538.41983973 
-106538.39976093 
-106538.39976093 
-106538.39976093 
-106538.39976093 
-106538.39925577 
-106538.39925577 
-106538.39682413 
-106538.39682413 
-106538.39682413 
-106538.38612341 
-106538.38612341 
-106538.38612341 
-106538.38612341 
-106538.38612341 
-106538.38612341 
-106538.38612341 
-106538.38612341 
-106538.38612341 
-106538.38612341 
-106538.38612341 
-106538.38612341 
-106538.21129087 
-106538.21129087 
-106538.21129087 
-106538.21034540 
-106538.21034540 
-106538.21034540 
-106538.20987871 
-106538.20987871 
-106538.20987871 
-106538.20987871 
-106538.20987871 
-106538.20987871 
-106538.20987871 
-106538.20981793 
-106538.20981793 
-106538.20981793 
-106538.20972109 
-106538.20362238 
-106538.20333930 
-106538.20333930 
-106538.20333930 
-106538.20333930 
-106538.20333930 
-106538.20333930 
-106538.19550110 
-106538.19550110 
-106538.19550110 
-106538.19550110 
-106538.19550110 
-106538.19550110 
-106538.19550110 
-106538.19550110 
-106538.19550110 
-106538.19550110 
-106538.19550110 
-106538.19550110 
-106537.98946732 
-106537.98946732 
-106537.98946732 
-106537.98539394 
-106537.98539394 
-106537.98539394 
-106537.98539394 
-106537.98539394 
-106537.98539394 
-106537.98365409 
-106537.98365409 
-106537.98365409 
-106537.98365409 
-106537.98365409 
-106537.98355551 
-106537.98355551 
-106537.98355551 
-106537.98355551 
-106537.98355551 
-106537.98355551 
-106537.98355551 
-106537.98284271 
-106537.98284271 
-106537.98284271 
-106537.97512763 
-106537.97512763 
-106537.97512763 
-106537.97512763 
-106537.97512763 
-106537.85454843 
-106537.85454843 
-106537.85454843 
-106537.85454843 
-106537.85454843 
-106537.84129095 
-106537.84129095 
-106537.84129095 
-106537.84129095 
-106537.84129095 
-106537.84129095 
-106537.84129095 
-106537.84129095 
-106537.84129095 
-106537.84129095 
-106537.84129095 
-106537.84099515 
-106537.84099515 
-106537.84099515 
-106537.77068012 
-106537.77068012 
-106537.77068012 
-106537.77068012 
-106537.77068012 
-106537.77068012 
-106537.77068012 
-106537.77068012 
-106537.77068012 
-106537.76946316 
-106537.76946316 
-106537.76946316 
-106537.76946316 
-106537.76946316 
-106537.76946316 
-106537.76946316 
-106537.76946316 
-106537.76946316 
-106537.76946316 
-106537.76946316 
-106537.76946316 
-106537.76946316 
-106537.76946316 
-106537.76906120 
-106537.73719668 
-106537.73716231 
-106537.73716231 
-106537.73716231 
-106537.73716231 
-106537.72115315 
-106537.72115315 
-106537.72115315 
-106537.72115315 
-106537.72115315 
-106537.72115315 
-106537.72115315 
-106537.72115315 
-106537.72115315 
-106537.72115224 
-106537.72115224 
-106537.72115224 
-106537.72115224 
-106537.72115224 
-106537.72095160 
-106537.72095160 
-106537.72095160 
-106537.72095160 
-106537.72095160 
-106537.72095160 
-106537.71637073 
-106537.71637073 
-106537.71637073 
-106537.71637073 
-106537.71637073 
-106537.71637073 
-106537.71637073 
-106537.71637073 
-106537.71637073 
-106537.71637073 
-106537.71637073 
-106537.65867686 
-106537.65864706 
-106537.65770874 
-106537.65770874 
-106537.65748039 
-106537.65748039 
-106537.65748039 
-106537.65748039 
-106537.65748039 
-106537.65748039 
-106537.65748039 
-106537.44703963 
-106537.44703963 
-106537.44703963 
-106537.44703963 
-106537.44703963 
-106537.44703963 
-106537.44368746 
-106537.44368746 
-106537.44368746 
-106537.44368746 
-106537.44368746 
-106537.44218389 
-106537.44218389 
-106537.44218389 
-106537.44218389 
-106537.44218389 
-106537.44218389 
