-1452176.74589389 
-1410624.88179975 
-1401585.74815587 
-1257716.55571377 
-1257659.34639783 
-1197703.74196031 
-1140258.94925368 
-1119673.37330958 
-1114305.26416006 
-1112368.11213047 
-1112252.67502416 
-1050242.40555523 
-1031106.48017804 
-993639.23931255 
-990956.00443281 
-882581.59433235 
-863641.54919047 
-844560.63726554 
-786531.75857349 
-728381.73489319 
-710900.68661642 
-708282.43939214 
-667713.22063216 
-664267.81749772 
-650024.20773119 
-635277.16350969 
-623217.45649112 
-619587.16682179 
-581479.08907922 
-512632.70971924 
-479907.71735412 
-472955.76443968 
-379752.94433746 
-361178.65579739 
-253403.27777067 
-222113.62189518 
-222113.62189518 
-221026.52611456 
-220994.60158115 
-220709.74674474 
-220578.74954819 
-220578.74954819 
-220513.68155702 
-220513.68155702 
-220296.20587046 
-215172.24041943 
-215138.27163300 
-204386.92703687 
-202457.54327338 
-202457.54327338 
-202001.18121745 
-201382.04234052 
-201382.04234052 
-201382.04234052 
-201338.34975530 
-201338.34975530 
-201338.34975530 
-201338.10375988 
-201299.62785070 
-201180.78113608 
-200884.03966555 
-200884.03966555 
-200867.17159046 
-200528.88232203 
-200457.23742317 
-200444.44857422 
-200444.44857422 
-200444.44857422 
-200444.44857422 
-200325.27383657 
-200285.07499723 
-200285.07499723 
-195423.62092846 
-195043.88273196 
-194773.46009726 
-194773.46009726 
-194718.43079864 
-194478.40582218 
-194358.49539521 
-194358.49539521 
-186521.15458550 
-186521.15458550 
-186521.15458550 
-186521.15458550 
-186521.15458550 
-186471.22546844 
-186471.22546844 
-177080.57301418 
-176995.23061018 
-176460.89495989 
-176320.49474990 
-175889.63392353 
-174730.41496262 
-174730.41496262 
-174708.04043753 
-174380.99338167 
-174169.16691878 
-173919.07463153 
-173794.51520838 
-172332.41457557 
-172227.80506313 
-170806.26142242 
-170782.04983107 
-169193.59016609 
-168957.07368959 
-168957.07368959 
-168955.74008515 
-167292.28563075 
-167292.24711691 
-151845.82125976 
-150651.59185950 
-150622.49825689 
-150509.21428939 
-150498.44637243 
-150231.91346740 
-149849.63501180 
-149849.63501180 
-149849.63501180 
-149840.94146488 
-149840.94146488 
-149840.94146488 
-149596.12787205 
-149596.12787205 
-149596.12787205 
-149589.05666737 
-146571.37666096 
-146492.59111705 
-145800.10152099 
-145507.59107800 
-145501.43622265 
-145150.15957651 
-145023.10277372 
-145005.30176469 
-144330.86702351 
-144318.92862314 
-144241.25299232 
-144198.49748546 
-143859.65924783 
-143859.65924783 
-141069.41313795 
-140862.98301542 
-140862.98301542 
-140709.62161027 
-140675.64703935 
-140675.48403429 
-135375.84917464 
-135339.76372839 
-135339.76372839 
-135339.07409462 
-135330.55680036 
-135329.89457542 
-135324.51143165 
-135223.41251469 
-134406.59420627 
-134406.59420627 
-133664.14769287 
-133623.04014212 
-133604.01000889 
-133596.11157030 
-133596.11157030 
-133596.11157030 
-132889.41998095 
-132889.41998095 
-132836.86457058 
-132836.86457058 
-132834.42831130 
-132834.42831130 
-132787.78784447 
-132787.78784447 
-132392.16277774 
-132392.16277774 
-132392.16277774 
-132392.16277774 
-132392.16277774 
-132391.43372143 
-132391.43372143 
-132380.78085122 
-132373.13785007 
-132260.94371680 
-132260.94371680 
-132259.79142999 
-131941.67058950 
-131729.78815997 
-131714.40325944 
-131683.71648187 
-131677.02240779 
-131643.93517737 
-131643.93517737 
-131620.19925316 
-131619.20703543 
-131619.04975144 
-125542.97287144 
-125542.97287144 
-125489.95246986 
-125489.95246986 
-122488.02695811 
-122451.17341864 
-122443.40796396 
-122376.04969671 
-121372.08405865 
-121174.51589871 
-121174.51589871 
-121169.25457058 
-121167.58307175 
-121167.58307175 
-120102.16818334 
-120101.55867172 
-119204.35238582 
-119191.79503327 
-119191.79503327 
-119149.71002741 
-118811.89342937 
-118811.89342937 
-118810.19287857 
-118810.19287857 
-118810.19287857 
-118810.19287857 
-113475.61851424 
-113465.13435757 
-113465.13435757 
-113465.13435757 
-113463.59605881 
-113463.59605881 
-113458.52635204 
-113453.60265614 
-113453.60265614 
-113453.60265614 
-113453.60265614 
-113453.60265614 
-113444.78432371 
-113444.39304390 
-110390.35828820 
-110386.12810899 
-110339.57012209 
-110339.57012209 
-110313.05785453 
-109926.45236110 
-109926.41474808 
-109926.26857405 
-109917.25275351 
-109915.85451933 
-109827.06037658 
-109826.62850467 
-109826.62850467 
-109826.62850467 
-109817.74723997 
-109817.74723997 
-109807.92019605 
-109807.92019605 
-109807.92019605 
-109807.92019605 
-109803.96865421 
-109803.96865421 
-109793.58567403 
-109660.08371935 
-109660.08371935 
-109658.89167208 
-109657.94666365 
-109657.67347019 
-109652.93592440 
-109652.93592440 
-109652.93592440 
-109652.93592440 
-108622.07983604 
-108622.07983604 
-108622.07983604 
-108620.58669159 
-108514.59168879 
-108514.59168879 
-108514.59168879 
-108513.86368064 
-108498.57378116 
-108498.57378116 
-108498.57378116 
-108498.39979894 
-108498.39979894 
-108485.57244862 
-108461.58100838 
-108461.58100838 
-108461.58100838 
-108461.58100838 
-108461.58100838 
-108445.17481317 
-108132.07032169 
-108132.07032169 
-108131.09014762 
-108124.81950075 
-108124.32813948 
-108124.32813948 
-108124.32813948 
-108124.32813948 
-108124.32813948 
-108124.32813948 
-108124.32813948 
-108124.32813948 
-108124.32813948 
-108124.32813948 
-108122.95094654 
-108122.94217382 
-107377.74104418 
-107377.74044477 
-107377.00233501 
-107375.94960777 
-107340.37088815 
-107340.37088815 
-107340.37088815 
-107289.33747211 
-107289.06770514 
-107255.67119517 
-107255.67119517 
-107255.65559353 
-107213.95160960 
-107211.80791855 
-107211.80791855 
-107211.80791855 
-107208.09187545 
-107205.31442709 
-107205.31442709 
-107205.31442709 
-107197.62708363 
-107197.59700604 
-107197.59700604 
-107195.38745446 
-107194.86933691 
-107194.86933691 
-107118.69447670 
-107118.69447670 
-107113.72995920 
-107113.72995920 
-107113.72995920 
-107113.54522251 
-107113.54522251 
-107111.59577171 
-107111.59577171 
-107111.59577171 
-106967.22609899 
-106967.22609899 
-106965.68796233 
-106965.11605034 
-106965.03921112 
-106963.61488282 
-106963.61488282 
-106963.61488282 
-106953.98502633 
-106943.74034789 
-106943.74034789 
-106943.71212489 
-106938.83576646 
-106937.62361792 
-106934.20615452 
-106934.20615452 
-106934.20615452 
-106934.17054154 
-106934.17054154 
-106933.87083912 
-106933.87083912 
-106933.87083912 
-106933.87083912 
-106933.87083912 
-106933.41004923 
-106933.41004923 
-106933.41004923 
-106933.05260187 
-106933.05260187 
-106933.05260187 
-106933.05260187 
-106933.05260187 
-106933.05260187 
-106933.05260187 
-106933.05260187 
-106933.05260187 
-106931.85699162 
-106931.85699162 
-106931.85699162 
-106931.59688214 
-106931.59688214 
-106930.56400999 
-106930.56400999 
-106919.33715506 
-106919.33715506 
-106911.66103558 
-106911.66103558 
-106911.31835420 
-106911.31835420 
-106911.31835420 
-106911.19921666 
-106911.19921666 
-106877.85570458 
-106877.84824059 
-106877.84824059 
-106875.77165896 
-106857.55304219 
-106857.55304219 
-106857.55304219 
-106857.18125010 
-106857.18125010 
-106857.18125010 
-106851.72631157 
-106851.72631157 
-106851.72631157 
-106851.70292725 
-106851.70292725 
-106851.67716357 
-106851.67716357 
-106851.67716357 
-106851.67716357 
-106851.67716357 
-106848.37244246 
-106848.34704928 
-106848.34704928 
-106848.01810619 
-106848.01810619 
-106847.65634002 
-106847.47189480 
-106843.83675277 
-106843.58197005 
-106843.58197005 
-106843.31274747 
-106843.30815195 
-106837.31488495 
-106837.31488495 
-106831.55001419 
-106831.55001419 
-106831.55001419 
-106831.51672614 
-106831.51672614 
-106831.51672614 
-106828.81357494 
-106828.81357494 
-106828.71585331 
-106828.71585331 
-106828.71585331 
-106827.84547037 
-106827.31167482 
-106820.28203151 
-106819.39273731 
-106819.39273731 
-106819.39273731 
-106819.39273731 
-106819.39273731 
-106818.01830301 
-106818.01830301 
-106818.01830301 
-106818.01830301 
-106818.00570193 
-106817.93872397 
-106817.87235920 
-106817.87235920 
-106817.59843259 
-106813.07570928 
-106804.48123086 
-106804.48123086 
-106804.20886500 
-106803.66367158 
-106803.66361596 
-106803.66361596 
-106803.61676014 
-106801.61657194 
-106801.59434126 
-106773.21772552 
-106773.21772552 
-106773.21772552 
-106773.21772552 
-106762.14370480 
-106762.14370480 
-106762.14370480 
-106762.14370480 
-106761.89379101 
-106761.89379101 
-106761.89379101 
-106761.89379101 
-106761.89379101 
-106761.89379101 
-106761.89379101 
-106761.76287389 
-106761.76287389 
-106761.76287389 
-106761.76227225 
-106761.76227225 
-106759.16060682 
-106759.16060682 
-106759.16060682 
-106759.03879880 
-106759.03879880 
-106759.03879880 
-106758.51217891 
-106758.51217891 
-106758.51217891 
-106758.51217891 
-106758.51217891 
-106758.49482478 
-106758.16241321 
-106757.88298566 
-106757.81348998 
-106757.81348998 
-106754.98267025 
-106754.94603645 
-106754.84609938 
-106754.70795181 
-106754.70795181 
-106754.70795181 
-106754.50720026 
-106754.50720026 
-106754.50720026 
-106754.50720026 
-106754.50720026 
-106754.50720026 
-106754.50720026 
-106754.50350104 
-106754.50296789 
-106754.47187545 
-106754.47187545 
-106754.13592242 
-106754.13544681 
-106754.09511455 
-106753.97455473 
-106753.97455473 
-106753.38308841 
-106753.37839307 
-106753.37839307 
-106753.37825811 
-106753.37825811 
-106747.23104092 
-106747.23104092 
-106747.01141481 
-106746.80763460 
-106746.77487011 
-106746.77487011 
-106746.69779818 
-106746.69779818 
-106746.60603746 
-106746.60603746 
-106746.60274217 
-106746.60274217 
-106746.34458263 
-106746.34458263 
-106746.22771479 
-106746.22771479 
-106746.22771479 
-106746.22750772 
-106745.65375015 
-106745.65375015 
-106745.65375015 
-106745.64309449 
-106745.64309449 
-106745.64309449 
-106745.64309449 
-106745.64309449 
-106744.44306166 
-106744.42460541 
-106744.42460541 
-106744.42460541 
-106744.42460541 
-106744.42460541 
-106744.40933195 
-106744.40933195 
-106744.36449927 
-106744.17917779 
-106743.19601782 
-106743.19601782 
-106743.19601782 
-106742.28761695 
-106742.28752562 
-106742.28752562 
-106742.26278956 
-106742.12091459 
-106742.12091459 
-106741.78504848 
-106741.78504848 
-106741.71443727 
-106741.71443727 
-106741.71443727 
-106741.40395541 
-106741.40395541 
-106741.39227728 
-106741.38746433 
-106741.38746433 
-106741.38746433 
-106741.38746433 
-106741.32216203 
-106741.32216203 
-106741.32216203 
-106741.32216203 
-106741.32216203 
-106741.32216203 
-106741.32216203 
-106741.32216203 
-106741.32216203 
-106741.32216203 
-106741.32216203 
-106741.24433369 
-106741.24433369 
-106741.24433369 
-106741.24433369 
-106741.24433369 
-106741.24433369 
-106741.01591978 
-106741.01591978 
-106741.01580331 
-106740.97604437 
-106740.97604437 
-106740.96338626 
-106740.96338626 
-106739.61671830 
-106739.61671830 
-106739.61671830 
-106739.58164715 
-106739.58164715 
-106739.58164715 
-106739.55867675 
-106739.55867675 
-106739.55867675 
-106739.55867675 
-106739.55867675 
-106739.55867675 
-106739.55867675 
-106739.55867675 
-106739.55867675 
-106739.53417043 
-106739.53417043 
-106739.53417043 
-106739.53417043 
-106739.53417043 
-106739.48129353 
-106739.48129353 
-106739.48129353 
-106739.48129353 
-106739.48129353 
-106739.48129353 
-106739.48129353 
-106738.82214340 
-106738.82214340 
-106738.82214340 
-106738.82214340 
-106738.82214340 
-106738.80231115 
-106738.80119792 
-106738.67735262 
-106738.67735262 
-106737.00139360 
-106737.00139360 
-106737.00139360 
-106737.00139360 
-106737.00139360 
-106736.95424140 
-106736.95424140 
-106736.95424140 
-106736.92036143 
-106736.92036143 
-106735.09952920 
-106734.52541680 
-106734.52541680 
-106734.52541680 
-106734.52541680 
-106734.52541680 
-106734.52541680 
-106734.52541680 
-106734.52295029 
-106734.52295029 
-106734.52295029 
-106734.52295029 
-106734.52295029 
-106734.52295029 
-106734.52295029 
-106734.52295029 
-106734.22779440 
-106734.10936998 
-106733.59762530 
-106733.59762530 
-106733.59762530 
-106733.59762530 
-106733.59762530 
-106733.59762530 
-106733.59762530 
-106733.59762530 
-106733.28019078 
-106733.28019078 
-106733.28019078 
-106733.28019078 
-106733.28019078 
-106733.28019078 
-106733.28019078 
-106733.28019078 
-106733.28019078 
-106733.28019078 
-106733.28019078 
-106733.28019078 
-106733.28019078 
-106733.28019078 
-106733.28019078 
-106733.28019078 
-106733.27782116 
-106733.27782116 
-106733.27782116 
-106733.27782116 
-106733.26071442 
-106733.26071442 
-106733.26071442 
-106733.26071442 
-106733.26071442 
-106733.25762295 
-106733.19210113 
-106733.19210113 
-106733.19210113 
-106733.13673419 
-106733.13673419 
-106733.13673419 
-106733.13673419 
-106733.13673419 
-106733.13673419 
-106733.13673419 
-106733.13673419 
-106733.13673419 
-106733.13673419 
-106733.12053599 
-106733.06581371 
-106733.06581371 
-106733.05592668 
-106733.05592668 
-106733.05592668 
-106733.05592668 
-106733.05592668 
-106732.98883964 
-106732.63247733 
-106732.62503549 
-106732.62503549 
-106732.62503549 
-106732.62503549 
-106732.62503549 
-106732.62503549 
-106732.62503549 
-106732.58193640 
-106732.58193640 
-106732.58193640 
-106732.58193640 
-106732.58193640 
-106732.58193640 
-106732.58193640 
-106732.58193640 
-106732.04055721 
-106732.04055721 
-106732.01913588 
-106732.01913588 
-106732.01773078 
-106732.01773078 
-106732.01773078 
-106731.96987905 
-106731.96987905 
-106731.96987905 
-106731.96987905 
-106731.96987905 
-106731.96987905 
-106731.76510324 
-106731.76510324 
-106731.76510324 
-106731.76510324 
-106731.75812648 
-106731.27703007 
-106731.16414761 
-106731.16414761 
-106731.16414761 
-106731.16414761 
-106731.16414761 
-106731.16414761 
-106731.16414761 
-106731.16414761 
-106731.16414761 
-106731.16414761 
-106731.16414761 
-106731.16414761 
-106731.16414761 
-106731.16414761 
-106731.16414761 
-106731.16414761 
-106731.16414761 
-106731.16414761 
-106731.16414761 
-106731.13739679 
-106731.13739679 
-106731.13739679 
-106731.13739679 
-106731.13739679 
-106731.11049419 
-106731.11049419 
-106731.11049419 
-106731.11049419 
-106731.11049419 
-106731.11049419 
-106731.05420316 
-106731.05420316 
-106731.05420316 
-106731.05420316 
-106731.05420316 
-106731.05420316 
-106731.05420316 
-106731.05420316 
-106731.05420316 
-106731.05420316 
-106731.05420316 
-106731.05420316 
-106731.05420316 
-106731.05420316 
-106731.05420316 
-106731.02371844 
-106731.02371844 
-106731.02371844 
-106731.02371844 
-106731.02371844 
-106731.02371844 
-106731.02371844 
-106731.02371844 
-106731.01757296 
-106731.01757296 
-106731.01757296 
-106731.01757296 
-106731.01757296 
-106731.01757296 
-106731.01757296 
-106731.00552873 
-106731.00552873 
-106731.00552873 
-106731.00552873 
-106731.00552873 
-106731.00552873 
-106731.00552873 
-106731.00552873 
-106731.00552873 
-106731.00552873 
-106731.00552873 
-106729.77968698 
-106729.77968698 
-106729.77968698 
-106729.77968698 
-106729.77968698 
-106729.77968698 
-106729.77968698 
-106729.77968698 
-106729.77964292 
-106729.77062063 
-106729.77062063 
-106729.77062063 
-106729.77062063 
-106729.77062063 
-106729.77062063 
-106729.77062063 
-106729.77062063 
-106729.77062063 
-106729.73353499 
-106729.73353499 
-106729.73353499 
-106729.73353499 
-106729.73353499 
-106729.73353499 
-106729.73353499 
-106729.73353499 
-106729.73353499 
-106729.73353499 
-106729.73353499 
-106729.73353499 
-106729.71560583 
-106729.71560583 
-106729.71560583 
-106729.71560583 
-106729.71560583 
-106729.71560583 
-106729.66355954 
-106729.66355954 
-106729.66355954 
-106729.66355954 
-106729.66355954 
-106729.66071279 
-106729.66071279 
-106729.66071279 
-106729.66071279 
-106729.66071279 
-106729.66071279 
-106729.66071279 
-106729.64952043 
-106729.64952043 
-106729.64952043 
-106729.64952043 
-106729.64952043 
-106729.64952043 
-106729.64952043 
-106729.64952043 
-106729.54550461 
-106729.54550461 
-106729.54550461 
-106729.54550461 
-106729.54550461 
-106729.54550461 
-106729.54550461 
-106729.54550461 
-106729.54550461 
-106729.54550461 
-106729.54550461 
-106729.54550461 
-106729.54550461 
-106729.54550461 
-106729.54550461 
