-1468516.99836232 
-1416102.73402116 
-1414980.25366786 
-1404717.81518454 
-1398890.31980267 
-1379218.99124095 
-1355217.20987519 
-1306216.48442174 
-1247154.39667054 
-1247154.39667054 
-1213652.08566435 
-1168152.63560150 
-1164713.46352784 
-1125708.27150013 
-1104763.73977843 
-1062610.41532113 
-1060666.59509333 
-1057450.61986433 
-928142.34792668 
-884476.33579495 
-843024.91445190 
-732922.97125054 
-706285.01193430 
-634398.51263769 
-634398.51263769 
-633471.51544192 
-611526.31889821 
-577352.46097505 
-565396.40344623 
-528778.32606084 
-460167.78674184 
-407951.90091579 
-407030.04283461 
-344162.35420729 
-243467.76844087 
-230359.45586802 
-230359.45586802 
-230359.45586802 
-228704.88458158 
-228704.88458158 
-228458.90407897 
-228398.45082062 
-228398.45082062 
-228107.94589342 
-227079.12655402 
-226615.85897828 
-226323.60098244 
-226323.60098244 
-225789.36205602 
-223850.13898895 
-223850.13898895 
-223850.13898895 
-223850.13898895 
-223850.13898895 
-222989.44823947 
-222745.87308987 
-219390.26559368 
-219390.26559368 
-219380.32995767 
-212850.82560212 
-212424.20792292 
-212279.56146335 
-212109.80495912 
-211651.91067336 
-211651.91067336 
-211651.91067336 
-196767.05167869 
-196543.39118331 
-196543.39118331 
-196050.59906045 
-195968.99585442 
-195706.42113182 
-195706.42113182 
-190467.19853643 
-185979.44017083 
-185544.56973276 
-185408.57142529 
-185408.57142529 
-185073.87153368 
-184700.37519919 
-184700.37519919 
-184528.15165066 
-182808.64275940 
-181787.43057837 
-181780.81600464 
-181351.05709788 
-181351.05709788 
-181351.05709788 
-181321.96095177 
-179693.04429389 
-162905.00913120 
-162528.34498863 
-162528.34498863 
-162344.58033585 
-162338.44068958 
-162338.44068958 
-159262.71765798 
-159227.56773211 
-159205.73169989 
-159205.73169989 
-159178.51639274 
-156232.86611638 
-154427.25114456 
-153200.21512031 
-152220.48972085 
-150940.69277869 
-150603.19471525 
-150603.19471525 
-149219.25628931 
-145222.58628308 
-144491.23016296 
-144491.23016296 
-144479.48134450 
-144476.44441114 
-144476.44441114 
-144476.44441114 
-144421.75153259 
-144408.67206125 
-143918.45645385 
-143918.45645385 
-143867.15646652 
-143867.15646652 
-143585.82948239 
-142575.06951119 
-142575.06951119 
-142315.23877896 
-139701.13482727 
-139699.38570181 
-139699.38570181 
-139699.38570181 
-139699.26655945 
-136612.42757608 
-136605.54772738 
-136605.54772738 
-136602.43961000 
-135672.91887337 
-135672.13353442 
-134991.37067305 
-134949.86552594 
-128185.87168870 
-128185.87168870 
-123325.96630577 
-123261.48847144 
-123259.65764362 
-123155.79367440 
-120844.62258010 
-120844.62258010 
-120844.62258010 
-120844.62258010 
-120832.72006121 
-120819.65157433 
-120673.45096384 
-120673.45096384 
-120666.75814856 
-120666.75814856 
-119051.02386909 
-119050.17207750 
-119050.17207750 
-118961.24089872 
-118961.24089872 
-118960.69287384 
-118824.52842591 
-118824.52842591 
-118824.52842591 
-118803.04149245 
-118710.18881807 
-118710.12228333 
-109885.87690168 
-109885.87690168 
-109878.32351100 
-109878.32351100 
-109359.14214700 
-109359.14214700 
-109359.14214700 
-109323.59285032 
-109323.59285032 
-109323.59285032 
-109316.30003240 
-109305.93416083 
-109291.66942266 
-109267.08706162 
-108492.94639525 
-108426.01087179 
-108188.80323338 
-108186.46032435 
-108186.46032435 
-108186.41678359 
-107894.62629238 
-107820.51609910 
-107820.51609910 
-107747.09254143 
-107747.09254143 
-107745.70510402 
-107745.70510402 
-107742.09205294 
-107695.11827037 
-107694.84764305 
-107694.13484769 
-107694.13484769 
-107635.97594893 
-107480.64887377 
-107478.68481204 
-107478.68481204 
-105834.39090544 
-105614.42268206 
-105612.66249709 
-105612.66168252 
-105612.66168252 
-105612.66168252 
-105464.99193033 
-105464.92516706 
-105236.14111618 
-105221.62597781 
-105221.62597781 
-105116.79497020 
-105112.52793155 
-105099.70334288 
-104774.29629439 
-104663.38291447 
-104663.38291447 
-104663.38291447 
-104663.38291447 
-104659.72565743 
-104074.34881780 
-104074.34881780 
-104074.34881780 
-104053.37511697 
-104053.37511697 
-104053.37511697 
-103999.89618196 
-103999.89618196 
-103993.59269352 
-103991.88417864 
-103981.75236055 
-103791.95111598 
-103751.80230598 
-103735.65035307 
-103733.04454286 
-103733.04454286 
-103733.04454286 
-103681.61715770 
-103676.83972477 
-103676.63610278 
-103676.63610278 
-103676.34110151 
-103601.46817786 
-103594.53718009 
-103586.82114308 
-103447.96247153 
-103447.96247153 
-103447.96247153 
-103447.96247153 
-103447.77713090 
-103446.34375794 
-102746.38216740 
-102693.68341263 
-102693.68341263 
-102693.68341263 
-102693.65888626 
-102640.43466783 
-102640.43466783 
-102639.66482565 
-102620.20658247 
-102620.20658247 
-102618.89277577 
-102617.42695368 
-102617.42695368 
-102617.42695368 
-102617.42695368 
-102608.38154489 
-102069.29217650 
-102061.61752510 
-102054.95241323 
-102004.43666131 
-102004.41703382 
-100384.29348729 
-100371.56719290 
-100370.81385210 
-100365.10763380 
-100360.42828804 
-100360.25876659 
-100358.58264179 
-100347.23159577 
-100268.12208134 
-100215.88060060 
-100215.54315643 
-100212.57088530 
-100212.57088530 
-100211.19311222 
-100177.42699556 
-100177.42699556 
-100176.83962588 
-100176.83962588 
-100175.97149576 
-100175.97149576 
-100150.74411313 
-100148.45142601 
-100148.39835158 
-100139.49302041 
-100138.81660672 
-100138.78241211 
-100138.78241211 
-100138.78241211 
-100135.48406623 
-100135.47865490 
-100134.50036569 
-100119.68153613 
-100119.68153613 
-100119.68153613 
-100119.68153613 
-100119.65843669 
-98134.87219094 
-98134.87219094 
-98134.87219094 
-98133.62259891 
-98132.92260567 
-98132.92260567 
-98132.89262000 
-98132.74924307 
-98132.74924307 
-98132.74924307 
-98132.74924307 
-98130.31168162 
-98130.20617071 
-98130.20617071 
-98115.47230105 
-98085.39623507 
-98082.25899482 
-98082.25899482 
-98082.25899482 
-98081.71642814 
-97758.71242910 
-97758.71242910 
-97758.71242910 
-97758.71242910 
-97758.71242910 
-97757.51783937 
-97756.53085114 
-97738.25786879 
-97736.71990387 
-97736.71990387 
-97736.71990387 
-97736.71990387 
-97736.71990387 
-97736.71990387 
-97702.74889376 
-97702.71874064 
-95594.49279292 
-95594.49279292 
-95594.49279292 
-95594.48832930 
-95593.89757571 
-95593.89757571 
-95593.89757571 
-95591.29046218 
-95587.42956206 
-95572.21713914 
-95571.55837848 
-95571.55837848 
-95571.55837848 
-95569.64509878 
-95569.64509878 
-95569.64509878 
-95558.36029930 
-95557.66866920 
-95557.54991324 
-95554.78351539 
-95541.69093872 
-95541.69093872 
-95541.55514670 
-95538.48863844 
-95538.48863844 
-95538.48863844 
-95538.48863844 
-95534.66414393 
-95534.60825646 
-95534.60825646 
-95534.60825646 
-95534.60825646 
-95534.60825646 
-95534.60825646 
-95534.60825646 
-95534.60825646 
-95534.60825646 
-95534.60825646 
-95534.60825646 
-95534.60825646 
-95534.60825646 
-95534.60825646 
-95534.60825646 
-95529.60350446 
-95529.60350446 
-95527.15894945 
-95527.15894945 
-95527.15894945 
-95527.15894945 
-95527.15894945 
-95527.15894945 
-95521.51057193 
-95518.45951804 
-95518.45951804 
-95518.45951804 
-95516.11747381 
-95516.11747381 
-95516.11747381 
-95516.11747381 
-95515.04376446 
-95514.78146970 
-95514.78146970 
-95514.68064790 
-95514.68064790 
-95514.63927379 
-95514.63927379 
-95514.27260440 
-95514.03198816 
-95514.03198816 
-95513.87140672 
-95513.87140672 
-95513.87140672 
-95513.87140672 
-95513.86682428 
-95510.41920187 
-95510.41920187 
-95510.41920187 
-95510.41920187 
-95509.99530249 
-95509.99530249 
-95509.95639682 
-95504.89264943 
-95504.89264943 
-95504.89264943 
-95504.87332216 
-95504.87332216 
-95504.87332216 
-95504.09957944 
-95504.09957944 
-95503.88678610 
-95503.88678610 
-95503.88678610 
-95490.75302935 
-95490.75302935 
-95490.71977160 
-95490.71977160 
-95490.71977160 
-95490.68355813 
-95490.68355813 
-95490.46099423 
-95490.46098695 
-95490.46098695 
-95490.46098695 
-95489.51502489 
-95489.51502489 
-95489.51502489 
-95489.51502489 
-95489.51502489 
-95489.51502489 
-95489.51502489 
-95489.51502489 
-95489.35633504 
-95489.20613505 
-95489.20613505 
-95488.31687056 
-95488.20152309 
-95488.14848546 
-95488.14466818 
-95488.14466818 
-95488.14466818 
-95488.14466818 
-95488.14466818 
-95488.14466818 
-95488.12392725 
-95488.12392725 
-95488.12392725 
-95487.32627492 
-95487.32627492 
-95486.84309604 
-95486.84309604 
-95486.84309604 
-95486.54621249 
-95486.54621249 
-95486.54621249 
-95486.37673426 
-95486.37673426 
-95486.37673426 
-95486.37179456 
-95486.28516682 
-95486.28516682 
-95484.69947110 
-95484.61322067 
-95484.61322067 
-95484.61322067 
-95461.82544759 
-95461.82544759 
-95461.13655801 
-95461.13444643 
-95461.06806520 
-95461.06806520 
-95460.38978836 
-95460.38978836 
-95460.35927199 
-95460.26061698 
-95460.26061698 
-95460.26061698 
-95460.26061698 
-95460.26061698 
-95460.26061698 
-95458.48627944 
-95458.48627944 
-95458.48627944 
-95458.48627944 
-95458.48627944 
-95447.36908418 
-95447.36908418 
-95447.36908418 
-95447.36908418 
-95447.35571512 
-95447.33650728 
-95447.33650728 
-95444.71595549 
-95444.71595549 
-95444.71595549 
-95444.71595549 
-95444.29682002 
-95444.10595194 
-95444.10595194 
-95444.10595194 
-95444.10595194 
-95444.10595194 
-95444.10595194 
-95443.59229513 
-95443.59229513 
-95443.59229513 
-95443.59229513 
-95443.59229513 
-95443.59229513 
-95443.59229513 
-95443.59229513 
-95443.51839841 
-95443.38344980 
-95443.38344980 
-95443.38344980 
-95442.70640767 
-95442.11009351 
-95442.11009351 
-95442.11009351 
-95442.11009351 
-95442.11009351 
-95441.88982217 
-95441.77001937 
-95441.77001937 
-95441.77001937 
-95441.74520104 
-95441.74520104 
-95441.74520104 
-95441.68058096 
-95441.68058096 
-95441.68058064 
-95441.68058064 
-95441.68058064 
-95441.58944470 
-95441.58944470 
-95441.58944470 
-95441.58944470 
-95425.84518850 
-95425.84518850 
-95425.84518850 
-95425.82341156 
-95425.82341156 
-95425.76932614 
-95425.76932614 
-95425.76932614 
-95425.76932614 
-95425.76932614 
-95425.76932614 
-95425.59282350 
-95425.59282350 
-95425.57556292 
-95425.57556292 
-95425.57556292 
-95425.57556292 
-95425.57556292 
-95425.56721326 
-95425.56721326 
-95424.42588687 
-95424.09051542 
-95424.09051542 
-95424.08368340 
-95424.08357877 
-95424.08357877 
-95424.08357877 
-95424.08357877 
-95424.08356003 
-95424.08350499 
-95424.08350499 
-95423.82322624 
-95423.82322624 
-95423.82322624 
-95423.57030571 
-95423.57030571 
-95423.57030571 
-95423.57030571 
-95423.57030571 
-95423.57030571 
-95423.57030571 
-95423.57030104 
-95423.57030104 
-95423.57030104 
-95423.55571388 
-95423.55571388 
-95423.55571388 
-95423.55571388 
-95423.55571388 
-95423.55571388 
-95423.55571388 
-95423.55571388 
-95423.55571388 
-95423.55571388 
-95423.55571388 
-95423.55571388 
-95422.17328614 
-95422.10059064 
-95422.10059064 
-95422.10059064 
-95422.09545292 
-95422.09545292 
-95422.09545292 
-95422.09545292 
-95422.09545292 
-95422.09545292 
-95422.09545292 
-95422.09545292 
-95422.09545292 
-95422.09545292 
-95422.09545292 
-95422.09545292 
-95422.09545292 
-95422.09545292 
-95421.61732117 
-95421.61193024 
-95421.61193024 
-95421.61193024 
-95421.61193024 
-95421.61193024 
-95421.61193024 
-95421.61193024 
-95421.61193024 
-95421.61193024 
-95421.61193024 
-95421.61193024 
-95421.37153821 
-95421.37153821 
-95421.37153821 
-95421.37153821 
-95421.37153821 
-95421.37153821 
-95421.25744685 
-95421.22594144 
-95421.22594144 
-95421.20305444 
-95421.20305444 
-95421.20305444 
-95421.20305444 
-95421.20305444 
-95421.20305444 
-95421.20216238 
-95421.20216238 
-95421.20216238 
-95421.20216238 
-95421.19824193 
-95421.19824193 
-95421.19824193 
-95421.19824193 
-95421.18428731 
-95421.18428731 
-95421.18427051 
-95421.11647481 
-95421.11647481 
-95421.10925148 
-95421.10925148 
-95421.10925148 
-95420.98114321 
-95420.98114321 
-95420.98114321 
-95420.98114321 
-95420.98104192 
-95420.98104192 
-95420.98104192 
-95420.98104192 
-95420.98104192 
-95420.98104192 
-95420.98104192 
-95420.98104192 
-95420.98104192 
-95420.97733990 
-95420.97733990 
-95420.97733990 
-95420.97534565 
-95420.97534565 
-95420.97534565 
-95420.97526382 
-95420.97526382 
-95420.97526382 
-95420.95932540 
-95420.94342621 
-95420.94342621 
-95420.94342621 
-95420.94342621 
-95419.34362365 
-95419.34362365 
-95419.34362365 
-95419.34362363 
-95419.34361878 
-95419.34361878 
-95419.34361878 
-95419.34361878 
-95419.34361878 
-95419.34361878 
-95419.34361878 
-95419.34361878 
-95419.32575038 
-95419.32575038 
-95419.32575038 
-95418.84276258 
-95418.84276258 
-95418.84276258 
-95418.84276258 
-95418.84276258 
-95418.84276258 
-95418.84276258 
-95418.84240236 
-95418.78531610 
-95418.78531610 
-95418.78531610 
-95418.78531610 
-95418.78531610 
-95418.78531493 
-95418.78448551 
-95418.78448551 
-95418.78448551 
-95418.77997422 
-95418.77997422 
-95418.07968536 
-95418.07968536 
-95416.67396409 
-95416.67396409 
-95416.65068678 
-95416.65068546 
-95416.64456404 
-95416.64436055 
-95416.64436055 
-95416.64436055 
-95416.64436055 
-95416.64436055 
-95416.50933272 
-95416.50922472 
-95416.50922472 
-95416.50922472 
-95416.50922472 
-95416.50922472 
-95416.44364975 
-95416.44364975 
-95416.44364975 
-95416.44364975 
-95416.42002094 
-95416.42002094 
-95416.41712077 
-95416.41712077 
-95416.41712077 
-95416.41712077 
-95416.41712077 
-95416.13796951 
-95416.13796934 
-95416.13796934 
-95416.13796934 
-95416.13796934 
-95416.13796934 
-95416.13796934 
-95416.13796934 
-95416.13796934 
-95416.13796934 
-95416.13463650 
-95416.06570947 
-95416.06570841 
-95416.06570841 
-95416.06570841 
-95416.06570841 
-95416.06570841 
-95416.02770960 
-95416.02770960 
-95416.02770960 
-95416.02770960 
-95416.02770960 
-95416.02770960 
-95416.02720363 
-95415.96566245 
-95415.96566245 
-95415.96566245 
-95415.96566245 
-95415.96566245 
-95415.96566245 
-95415.96566245 
-95415.96566245 
-95415.96566245 
-95415.96053324 
-95415.96053307 
-95415.96053307 
-95415.96053307 
-95415.96053307 
-95415.95940760 
-95415.95940760 
-95415.95940760 
-95415.95940760 
-95415.95940760 
-95415.95683961 
-95415.95683961 
-95415.95683961 
-95415.95683961 
-95415.94935730 
-95415.94935730 
-95415.94935730 
-95415.94935730 
-95415.94935730 
-95415.94935730 
-95415.94935730 
-95415.89624501 
-95415.89263690 
-95415.89263690 
-95415.88871278 
-95415.88871278 
-95415.88871278 
-95415.88871278 
-95415.08361223 
-95415.08361223 
-95415.08361223 
-95415.08361223 
-95415.08361223 
-95415.08361223 
-95415.08361223 
-95415.08361223 
-95415.08361223 
-95415.08353939 
-95415.08353939 
-95415.08353939 
-95415.08353939 
-95415.08353939 
-95415.04959521 
-95415.04959521 
-95415.04959521 
-95415.04959521 
-95415.03575328 
-95415.03575328 
-95415.03575328 
-95415.03383768 
-95415.03383768 
-95415.03383768 
-95415.03383768 
-95415.03383768 
-95415.03383768 
-95415.03383768 
-95415.03383768 
-95414.99092048 
-95414.95154787 
-95414.94237773 
-95414.94237773 
-95414.94237773 
-95414.94237773 
-95414.94237773 
-95414.94237773 
-95414.94237773 
-95414.94237773 
-95414.94237773 
-95414.94237773 
-95414.94237773 
-95414.94237773 
-95414.94237773 
-95414.94237773 
-95414.94237773 
-95414.94237773 
-95414.94237773 
-95414.94237369 
-95414.94237369 
-95414.94237369 
-95414.94237369 
-95414.94237369 
-95414.94237369 
-95414.94237369 
-95414.94237369 
-95414.94237369 
-95414.94159889 
-95414.94150069 
-95414.94150069 
-95414.94150069 
-95414.94150069 
-95414.94150069 
-95414.94150069 
-95414.94150069 
-95414.91593871 
-95414.91475286 
-95414.91475286 
-95414.91465863 
