0.93327003 	0.79878424 	0.76479924 	0.43881043 	0.43761122 	0.18500346 	0.53756236 	0.79827575 	0.86087304 	0.65710267 	0.46020579 	
0.93327003 	0.88211869 	0.76479924 	0.43881043 	0.43761122 	0.18500346 	0.53756236 	0.79827575 	0.86087304 	0.65710267 	0.46020579 	
0.93327003 	0.88211869 	0.78405289 	0.43881043 	0.43761122 	0.18500346 	0.53756236 	0.79827575 	0.86087304 	0.65710267 	0.46020579 	
0.93327003 	0.88211869 	0.78405289 	0.94408484 	0.43761122 	0.18500346 	0.53756236 	0.79827575 	0.86087304 	0.65710267 	0.46020579 	
0.93327003 	0.88211869 	0.78405289 	0.94408484 	0.91969612 	0.18500346 	0.53756236 	0.79827575 	0.86087304 	0.65710267 	0.46020579 	
0.93327003 	0.88211869 	0.78405289 	0.94408484 	0.91969612 	0.98592528 	0.53756236 	0.79827575 	0.86087304 	0.65710267 	0.46020579 	
0.93327003 	0.88211869 	0.78405289 	0.94408484 	0.91969612 	0.98592528 	0.94537616 	0.79827575 	0.86087304 	0.65710267 	0.46020579 	
0.93327003 	0.88211869 	0.78405289 	0.94408484 	0.91969612 	0.98592528 	0.94537616 	0.97224244 	0.86087304 	0.65710267 	0.46020579 	
0.93327003 	0.88211869 	0.78405289 	0.94408484 	0.91969612 	0.98592528 	0.94537616 	0.97224244 	0.97333621 	0.65710267 	0.46020579 	
0.93327003 	0.88211869 	0.78405289 	0.94408484 	0.91969612 	0.98592528 	0.94537616 	0.97224244 	0.97333621 	0.03429693 	0.46020579 	
0.93327003 	0.88211869 	0.78405289 	0.94408484 	0.91969612 	0.98592528 	0.94537616 	0.97224244 	0.97333621 	0.03429693 	0.98235748 	
0.99930455 	0.88211869 	0.78405289 	0.94408484 	0.91969612 	0.98592528 	0.94537616 	0.97224244 	0.97333621 	0.03429693 	0.98235748 	
0.99930455 	0.88275758 	0.78405289 	0.94408484 	0.91969612 	0.98592528 	0.94537616 	0.97224244 	0.97333621 	0.03429693 	0.98235748 	
0.99930455 	0.88275758 	0.96238389 	0.94408484 	0.91969612 	0.98592528 	0.94537616 	0.97224244 	0.97333621 	0.03429693 	0.98235748 	
0.99930455 	0.88275758 	0.96238389 	0.94408484 	0.91969612 	0.98592528 	0.94537616 	0.97224244 	0.97333621 	0.03429693 	0.98235748 	
0.99930455 	0.88275758 	0.96238389 	0.94408484 	0.92346700 	0.98592528 	0.94537616 	0.97224244 	0.97333621 	0.03429693 	0.98235748 	
0.99930455 	0.88275758 	0.96238389 	0.94408484 	0.92346700 	0.99024481 	0.94537616 	0.97224244 	0.97333621 	0.03429693 	0.98235748 	
0.99930455 	0.88275758 	0.96238389 	0.94408484 	0.92346700 	0.99024481 	0.94537616 	0.97224244 	0.97333621 	0.03429693 	0.98235748 	
0.99930455 	0.88275758 	0.96238389 	0.94408484 	0.92346700 	0.99024481 	0.94537616 	0.98528680 	0.97333621 	0.03429693 	0.98235748 	
0.99930455 	0.88275758 	0.96238389 	0.94408484 	0.92346700 	0.99024481 	0.94537616 	0.98528680 	0.98748160 	0.03429693 	0.98235748 	
0.99930455 	0.88275758 	0.96238389 	0.94408484 	0.92346700 	0.99024481 	0.94537616 	0.98528680 	0.98748160 	0.03429693 	0.98235748 	
0.99930455 	0.88275758 	0.96238389 	0.94408484 	0.92346700 	0.99024481 	0.94537616 	0.98528680 	0.98748160 	0.03429693 	0.99734018 	
0.99941701 	0.88275758 	0.96238389 	0.94408484 	0.92346700 	0.99024481 	0.94537616 	0.98528680 	0.98748160 	0.03429693 	0.99734018 	
0.99941701 	0.90224986 	0.96238389 	0.94408484 	0.92346700 	0.99024481 	0.94537616 	0.98528680 	0.98748160 	0.03429693 	0.99734018 	
0.99941701 	0.90224986 	0.96352081 	0.94408484 	0.92346700 	0.99024481 	0.94537616 	0.98528680 	0.98748160 	0.03429693 	0.99734018 	
0.99941701 	0.90224986 	0.96352081 	0.98779383 	0.92346700 	0.99024481 	0.94537616 	0.98528680 	0.98748160 	0.03429693 	0.99734018 	
0.99941701 	0.90224986 	0.96352081 	0.98779383 	0.92346700 	0.99024481 	0.94537616 	0.98528680 	0.98748160 	0.03429693 	0.99734018 	
0.99941701 	0.90224986 	0.96352081 	0.98779383 	0.92346700 	0.99357012 	0.94537616 	0.98528680 	0.98748160 	0.03429693 	0.99734018 	
0.99941701 	0.90224986 	0.96352081 	0.98779383 	0.92346700 	0.99357012 	0.95584428 	0.98528680 	0.98748160 	0.03429693 	0.99734018 	
0.99941701 	0.90224986 	0.96352081 	0.98779383 	0.92346700 	0.99357012 	0.95584428 	0.98528680 	0.98748160 	0.03429693 	0.99734018 	
0.99941701 	0.90224986 	0.96352081 	0.98779383 	0.92346700 	0.99357012 	0.95584428 	0.98528680 	0.99075725 	0.03429693 	0.99734018 	
0.99941701 	0.90224986 	0.96352081 	0.98779383 	0.92346700 	0.99357012 	0.95584428 	0.98528680 	0.99075725 	0.02376673 	0.99734018 	
0.99941701 	0.90224986 	0.96352081 	0.98779383 	0.92346700 	0.99357012 	0.95584428 	0.98528680 	0.99075725 	0.02376673 	0.99734018 	
0.99941701 	0.90224986 	0.96352081 	0.98779383 	0.92346700 	0.99357012 	0.95584428 	0.98528680 	0.99075725 	0.02376673 	0.99734018 	
0.99941701 	0.90224986 	0.96352081 	0.98779383 	0.92346700 	0.99357012 	0.95584428 	0.98528680 	0.99075725 	0.02376673 	0.99734018 	
0.99941701 	0.90224986 	0.97417298 	0.98779383 	0.92346700 	0.99357012 	0.95584428 	0.98528680 	0.99075725 	0.02376673 	0.99734018 	
0.99941701 	0.90224986 	0.97417298 	0.99375214 	0.92346700 	0.99357012 	0.95584428 	0.98528680 	0.99075725 	0.02376673 	0.99734018 	
0.99941701 	0.90224986 	0.97417298 	0.99375214 	0.93102433 	0.99357012 	0.95584428 	0.98528680 	0.99075725 	0.02376673 	0.99734018 	
0.99941701 	0.90224986 	0.97417298 	0.99375214 	0.93102433 	0.99744167 	0.95584428 	0.98528680 	0.99075725 	0.02376673 	0.99734018 	
0.99941701 	0.90224986 	0.97417298 	0.99375214 	0.93102433 	0.99744167 	0.96149082 	0.98528680 	0.99075725 	0.02376673 	0.99734018 	
0.99941701 	0.90224986 	0.97417298 	0.99375214 	0.93102433 	0.99744167 	0.96149082 	0.99572826 	0.99075725 	0.02376673 	0.99734018 	
0.99941701 	0.90224986 	0.97417298 	0.99375214 	0.93102433 	0.99744167 	0.96149082 	0.99572826 	0.99075725 	0.02376673 	0.99734018 	
0.99941701 	0.90224986 	0.97417298 	0.99375214 	0.93102433 	0.99744167 	0.96149082 	0.99572826 	0.99075725 	0.02021099 	0.99734018 	
0.99941701 	0.90224986 	0.97417298 	0.99375214 	0.93102433 	0.99744167 	0.96149082 	0.99572826 	0.99075725 	0.02021099 	0.99734018 	
0.99979445 	0.90224986 	0.97417298 	0.99375214 	0.93102433 	0.99744167 	0.96149082 	0.99572826 	0.99075725 	0.02021099 	0.99734018 	
0.99979445 	0.94184505 	0.97417298 	0.99375214 	0.93102433 	0.99744167 	0.96149082 	0.99572826 	0.99075725 	0.02021099 	0.99734018 	
0.99979445 	0.94184505 	0.97799799 	0.99375214 	0.93102433 	0.99744167 	0.96149082 	0.99572826 	0.99075725 	0.02021099 	0.99734018 	
0.99979445 	0.94184505 	0.97799799 	0.99821313 	0.93102433 	0.99744167 	0.96149082 	0.99572826 	0.99075725 	0.02021099 	0.99734018 	
0.99979445 	0.94184505 	0.97799799 	0.99821313 	0.93102433 	0.99744167 	0.96149082 	0.99572826 	0.99075725 	0.02021099 	0.99734018 	
0.99979445 	0.94184505 	0.97799799 	0.99821313 	0.93102433 	0.99744167 	0.96149082 	0.99572826 	0.99075725 	0.02021099 	0.99734018 	
0.99979445 	0.94184505 	0.97799799 	0.99821313 	0.93102433 	0.99744167 	0.96331892 	0.99572826 	0.99075725 	0.02021099 	0.99734018 	
0.99979445 	0.94184505 	0.97799799 	0.99821313 	0.93102433 	0.99744167 	0.96331892 	0.99786528 	0.99075725 	0.02021099 	0.99734018 	
0.99979445 	0.94184505 	0.97799799 	0.99821313 	0.93102433 	0.99744167 	0.96331892 	0.99786528 	0.99647545 	0.02021099 	0.99734018 	
0.99979445 	0.94184505 	0.97799799 	0.99821313 	0.93102433 	0.99744167 	0.96331892 	0.99786528 	0.99647545 	0.02000818 	0.99734018 	
0.99979445 	0.94184505 	0.97799799 	0.99821313 	0.93102433 	0.99744167 	0.96331892 	0.99786528 	0.99647545 	0.02000818 	0.99769162 	
0.99979765 	0.94184505 	0.97799799 	0.99821313 	0.93102433 	0.99744167 	0.96331892 	0.99786528 	0.99647545 	0.02000818 	0.99769162 	
0.99979765 	0.99142556 	0.97799799 	0.99821313 	0.93102433 	0.99744167 	0.96331892 	0.99786528 	0.99647545 	0.02000818 	0.99769162 	
0.99979765 	0.99142556 	0.97808425 	0.99821313 	0.93102433 	0.99744167 	0.96331892 	0.99786528 	0.99647545 	0.02000818 	0.99769162 	
0.99979765 	0.99142556 	0.97808425 	0.99873822 	0.93102433 	0.99744167 	0.96331892 	0.99786528 	0.99647545 	0.02000818 	0.99769162 	
0.99979765 	0.99142556 	0.97808425 	0.99873822 	0.99189374 	0.99744167 	0.96331892 	0.99786528 	0.99647545 	0.02000818 	0.99769162 	
0.99979765 	0.99142556 	0.97808425 	0.99873822 	0.99189374 	0.99712342 	0.96331892 	0.99786528 	0.99647545 	0.02000818 	0.99769162 	
0.99979765 	0.99142556 	0.97808425 	0.99873822 	0.99189374 	0.99712342 	0.97430955 	0.99786528 	0.99647545 	0.02000818 	0.99769162 	
0.99979765 	0.99142556 	0.97808425 	0.99873822 	0.99189374 	0.99712342 	0.97430955 	0.99786528 	0.99647545 	0.02000818 	0.99769162 	
0.99979765 	0.99142556 	0.97808425 	0.99873822 	0.99189374 	0.99712342 	0.97430955 	0.99786528 	0.99377446 	0.02000818 	0.99769162 	
0.99979765 	0.99142556 	0.97808425 	0.99873822 	0.99189374 	0.99712342 	0.97430955 	0.99786528 	0.99377446 	0.01722376 	0.99769162 	
0.99979765 	0.99142556 	0.97808425 	0.99873822 	0.99189374 	0.99712342 	0.97430955 	0.99786528 	0.99377446 	0.01722376 	0.99902783 	
0.99524614 	0.99142556 	0.97808425 	0.99873822 	0.99189374 	0.99712342 	0.97430955 	0.99786528 	0.99377446 	0.01722376 	0.99902783 	
0.99524614 	0.99142556 	0.97808425 	0.99873822 	0.99189374 	0.99712342 	0.97430955 	0.99786528 	0.99377446 	0.01722376 	0.99902783 	
0.99524614 	0.99142556 	0.99091736 	0.99873822 	0.99189374 	0.99712342 	0.97430955 	0.99786528 	0.99377446 	0.01722376 	0.99902783 	
0.99524614 	0.99142556 	0.99091736 	0.99913282 	0.99189374 	0.99712342 	0.97430955 	0.99786528 	0.99377446 	0.01722376 	0.99902783 	
0.99524614 	0.99142556 	0.99091736 	0.99913282 	0.99998152 	0.99712342 	0.97430955 	0.99786528 	0.99377446 	0.01722376 	0.99902783 	
0.99524614 	0.99142556 	0.99091736 	0.99913282 	0.99998152 	0.99690004 	0.97430955 	0.99786528 	0.99377446 	0.01722376 	0.99902783 	
0.99524614 	0.99142556 	0.99091736 	0.99913282 	0.99998152 	0.99690004 	0.98156959 	0.99786528 	0.99377446 	0.01722376 	0.99902783 	
0.99524614 	0.99142556 	0.99091736 	0.99913282 	0.99998152 	0.99690004 	0.98156959 	0.99786528 	0.99377446 	0.01722376 	0.99902783 	
0.99524614 	0.99142556 	0.99091736 	0.99913282 	0.99998152 	0.99690004 	0.98156959 	0.99786528 	0.99505014 	0.01722376 	0.99902783 	
0.99524614 	0.99142556 	0.99091736 	0.99913282 	0.99998152 	0.99690004 	0.98156959 	0.99786528 	0.99505014 	0.01196645 	0.99902783 	
0.99524614 	0.99142556 	0.99091736 	0.99913282 	0.99998152 	0.99690004 	0.98156959 	0.99786528 	0.99505014 	0.01196645 	0.99945360 	
0.99524614 	0.99142556 	0.99091736 	0.99913282 	0.99998152 	0.99690004 	0.98156959 	0.99786528 	0.99505014 	0.01196645 	0.99945360 	
0.99524614 	0.99778802 	0.99091736 	0.99913282 	0.99998152 	0.99690004 	0.98156959 	0.99786528 	0.99505014 	0.01196645 	0.99945360 	
0.99524614 	0.99778802 	0.99145497 	0.99913282 	0.99998152 	0.99690004 	0.98156959 	0.99786528 	0.99505014 	0.01196645 	0.99945360 	
0.99524614 	0.99778802 	0.99145497 	0.99972533 	0.99998152 	0.99690004 	0.98156959 	0.99786528 	0.99505014 	0.01196645 	0.99945360 	
0.99524614 	0.99778802 	0.99145497 	0.99972533 	0.99998152 	0.99690004 	0.98156959 	0.99786528 	0.99505014 	0.01196645 	0.99945360 	
0.99524614 	0.99778802 	0.99145497 	0.99972533 	0.99998152 	0.99690004 	0.98156959 	0.99786528 	0.99505014 	0.01196645 	0.99945360 	
0.99524614 	0.99778802 	0.99145497 	0.99972533 	0.99998152 	0.99690004 	0.99346843 	0.99786528 	0.99505014 	0.01196645 	0.99945360 	
0.99524614 	0.99778802 	0.99145497 	0.99972533 	0.99998152 	0.99690004 	0.99346843 	0.99953037 	0.99505014 	0.01196645 	0.99945360 	
0.99524614 	0.99778802 	0.99145497 	0.99972533 	0.99998152 	0.99690004 	0.99346843 	0.99953037 	0.99418897 	0.01196645 	0.99945360 	
0.99524614 	0.99778802 	0.99145497 	0.99972533 	0.99998152 	0.99690004 	0.99346843 	0.99953037 	0.99418897 	0.00292337 	0.99945360 	
0.99524614 	0.99778802 	0.99145497 	0.99972533 	0.99998152 	0.99690004 	0.99346843 	0.99953037 	0.99418897 	0.00292337 	0.99954166 	
0.99507942 	0.99778802 	0.99145497 	0.99972533 	0.99998152 	0.99690004 	0.99346843 	0.99953037 	0.99418897 	0.00292337 	0.99954166 	
0.99507942 	0.99778802 	0.99145497 	0.99972533 	0.99998152 	0.99690004 	0.99346843 	0.99953037 	0.99418897 	0.00292337 	0.99954166 	
0.99507942 	0.99778802 	0.99610010 	0.99972533 	0.99998152 	0.99690004 	0.99346843 	0.99953037 	0.99418897 	0.00292337 	0.99954166 	
0.99507942 	0.99778802 	0.99610010 	0.99972533 	0.99998152 	0.99690004 	0.99346843 	0.99953037 	0.99418897 	0.00292337 	0.99954166 	
0.99507942 	0.99778802 	0.99610010 	0.99972533 	0.99998152 	0.99690004 	0.99346843 	0.99953037 	0.99418897 	0.00292337 	0.99954166 	
0.99507942 	0.99778802 	0.99610010 	0.99972533 	0.99998152 	0.99690004 	0.99346843 	0.99953037 	0.99418897 	0.00292337 	0.99954166 	
0.99507942 	0.99778802 	0.99610010 	0.99972533 	0.99998152 	0.99690004 	0.99381654 	0.99953037 	0.99418897 	0.00292337 	0.99954166 	
0.99507942 	0.99778802 	0.99610010 	0.99972533 	0.99998152 	0.99690004 	0.99381654 	0.99970334 	0.99418897 	0.00292337 	0.99954166 	
0.99507942 	0.99778802 	0.99610010 	0.99972533 	0.99998152 	0.99690004 	0.99381654 	0.99970334 	0.99505384 	0.00292337 	0.99954166 	
0.99507942 	0.99778802 	0.99610010 	0.99972533 	0.99998152 	0.99690004 	0.99381654 	0.99970334 	0.99505384 	0.00237499 	0.99954166 	
0.99507942 	0.99778802 	0.99610010 	0.99972533 	0.99998152 	0.99690004 	0.99381654 	0.99970334 	0.99505384 	0.00237499 	0.99981400 	
0.99507942 	0.99778802 	0.99610010 	0.99972533 	0.99998152 	0.99690004 	0.99381654 	0.99970334 	0.99505384 	0.00237499 	0.99981400 	
0.99507942 	0.99907598 	0.99610010 	0.99972533 	0.99998152 	0.99690004 	0.99381654 	0.99970334 	0.99505384 	0.00237499 	0.99981400 	
0.99507942 	0.99907598 	0.99737280 	0.99972533 	0.99998152 	0.99690004 	0.99381654 	0.99970334 	0.99505384 	0.00237499 	0.99981400 	
0.99507942 	0.99907598 	0.99737280 	0.99972533 	0.99998152 	0.99690004 	0.99381654 	0.99970334 	0.99505384 	0.00237499 	0.99981400 	
0.99507942 	0.99907598 	0.99737280 	0.99972533 	0.99998152 	0.99690004 	0.99381654 	0.99970334 	0.99505384 	0.00237499 	0.99981400 	
0.99507942 	0.99907598 	0.99737280 	0.99972533 	0.99998152 	0.99690004 	0.99381654 	0.99970334 	0.99505384 	0.00237499 	0.99981400 	
0.99507942 	0.99907598 	0.99737280 	0.99972533 	0.99998152 	0.99690004 	0.99381654 	0.99970334 	0.99505384 	0.00237499 	0.99981400 	
0.99507942 	0.99907598 	0.99737280 	0.99972533 	0.99998152 	0.99690004 	0.99381654 	0.99970334 	0.99505384 	0.00237499 	0.99981400 	
0.99507942 	0.99907598 	0.99737280 	0.99972533 	0.99998152 	0.99690004 	0.99381654 	0.99970334 	0.99534532 	0.00237499 	0.99981400 	
0.99507942 	0.99907598 	0.99737280 	0.99972533 	0.99998152 	0.99690004 	0.99381654 	0.99970334 	0.99534532 	0.00115979 	0.99981400 	
0.99507942 	0.99907598 	0.99737280 	0.99972533 	0.99998152 	0.99690004 	0.99381654 	0.99970334 	0.99534532 	0.00115979 	0.99981400 	
0.99507942 	0.99907598 	0.99737280 	0.99972533 	0.99998152 	0.99690004 	0.99381654 	0.99970334 	0.99534532 	0.00115979 	0.99981400 	
0.99507942 	0.99939719 	0.99737280 	0.99972533 	0.99998152 	0.99690004 	0.99381654 	0.99970334 	0.99534532 	0.00115979 	0.99981400 	
0.99507942 	0.99939719 	0.99891734 	0.99972533 	0.99998152 	0.99690004 	0.99381654 	0.99970334 	0.99534532 	0.00115979 	0.99981400 	
0.99507942 	0.99939719 	0.99891734 	0.99997090 	0.99998152 	0.99690004 	0.99381654 	0.99970334 	0.99534532 	0.00115979 	0.99981400 	
0.99507942 	0.99939719 	0.99891734 	0.99997090 	0.99998152 	0.99690004 	0.99381654 	0.99970334 	0.99534532 	0.00115979 	0.99981400 	
0.99507942 	0.99939719 	0.99891734 	0.99997090 	0.99998152 	0.99624526 	0.99381654 	0.99970334 	0.99534532 	0.00115979 	0.99981400 	
0.99507942 	0.99939719 	0.99891734 	0.99997090 	0.99998152 	0.99624526 	0.99971538 	0.99970334 	0.99534532 	0.00115979 	0.99981400 	
0.99507942 	0.99939719 	0.99891734 	0.99997090 	0.99998152 	0.99624526 	0.99971538 	0.99970334 	0.99534532 	0.00115979 	0.99981400 	
0.99507942 	0.99939719 	0.99891734 	0.99997090 	0.99998152 	0.99624526 	0.99971538 	0.99970334 	0.99505384 	0.00115979 	0.99981400 	
0.99507942 	0.99939719 	0.99891734 	0.99997090 	0.99998152 	0.99624526 	0.99971538 	0.99970334 	0.99505384 	0.00109535 	0.99981400 	
0.99507942 	0.99939719 	0.99891734 	0.99997090 	0.99998152 	0.99624526 	0.99971538 	0.99970334 	0.99505384 	0.00109535 	0.99993673 	
0.99507680 	0.99939719 	0.99891734 	0.99997090 	0.99998152 	0.99624526 	0.99971538 	0.99970334 	0.99505384 	0.00109535 	0.99993673 	
0.99507680 	0.99939719 	0.99891734 	0.99997090 	0.99998152 	0.99624526 	0.99971538 	0.99970334 	0.99505384 	0.00109535 	0.99993673 	
0.99507680 	0.99939719 	0.99891734 	0.99997090 	0.99998152 	0.99624526 	0.99971538 	0.99970334 	0.99505384 	0.00109535 	0.99993673 	
0.99507680 	0.99939719 	0.99891734 	0.99997090 	0.99998152 	0.99624526 	0.99971538 	0.99970334 	0.99505384 	0.00109535 	0.99993673 	
0.99507680 	0.99939719 	0.99891734 	0.99997090 	0.99998152 	0.99624526 	0.99971538 	0.99970334 	0.99505384 	0.00109535 	0.99993673 	
0.99507680 	0.99939719 	0.99891734 	0.99997090 	0.99998152 	0.99474598 	0.99971538 	0.99970334 	0.99505384 	0.00109535 	0.99993673 	
0.99507680 	0.99939719 	0.99891734 	0.99997090 	0.99998152 	0.99474598 	0.99971538 	0.99970334 	0.99505384 	0.00109535 	0.99993673 	
0.99507680 	0.99939719 	0.99891734 	0.99997090 	0.99998152 	0.99474598 	0.99971538 	0.99998878 	0.99505384 	0.00109535 	0.99993673 	
0.99507680 	0.99939719 	0.99891734 	0.99997090 	0.99998152 	0.99474598 	0.99971538 	0.99998878 	0.99505384 	0.00109535 	0.99993673 	
0.99507680 	0.99939719 	0.99891734 	0.99997090 	0.99998152 	0.99474598 	0.99971538 	0.99998878 	0.99505384 	0.00086973 	0.99993673 	
0.99507680 	0.99939719 	0.99891734 	0.99997090 	0.99998152 	0.99474598 	0.99971538 	0.99998878 	0.99505384 	0.00086973 	0.99998798 	
0.99339595 	0.99939719 	0.99891734 	0.99997090 	0.99998152 	0.99474598 	0.99971538 	0.99998878 	0.99505384 	0.00086973 	0.99998798 	
0.99339595 	0.99985170 	0.99891734 	0.99997090 	0.99998152 	0.99474598 	0.99971538 	0.99998878 	0.99505384 	0.00086973 	0.99998798 	
0.99339595 	0.99985170 	0.99989932 	0.99997090 	0.99998152 	0.99474598 	0.99971538 	0.99998878 	0.99505384 	0.00086973 	0.99998798 	
0.99339595 	0.99985170 	0.99989932 	0.99997090 	0.99998152 	0.99474598 	0.99971538 	0.99998878 	0.99505384 	0.00086973 	0.99998798 	
0.99339595 	0.99985170 	0.99989932 	0.99997090 	0.99999866 	0.99474598 	0.99971538 	0.99998878 	0.99505384 	0.00086973 	0.99998798 	
0.99339595 	0.99985170 	0.99989932 	0.99997090 	0.99999866 	0.99474598 	0.99971538 	0.99998878 	0.99505384 	0.00086973 	0.99998798 	
0.99339595 	0.99985170 	0.99989932 	0.99997090 	0.99999866 	0.99474598 	0.99971538 	0.99998878 	0.99505384 	0.00086973 	0.99998798 	
0.99339595 	0.99985170 	0.99989932 	0.99997090 	0.99999866 	0.99474598 	0.99971538 	0.99998878 	0.99505384 	0.00086973 	0.99998798 	
0.99339595 	0.99985170 	0.99989932 	0.99997090 	0.99999866 	0.99474598 	0.99971538 	0.99998878 	0.99505382 	0.00086973 	0.99998798 	
0.99339595 	0.99985170 	0.99989932 	0.99997090 	0.99999866 	0.99474598 	0.99971538 	0.99998878 	0.99505382 	0.00065326 	0.99998798 	
0.99339595 	0.99985170 	0.99989932 	0.99997090 	0.99999866 	0.99474598 	0.99971538 	0.99998878 	0.99505382 	0.00065326 	0.99999890 	
0.99339595 	0.99985170 	0.99989932 	0.99997090 	0.99999866 	0.99474598 	0.99971538 	0.99998878 	0.99505382 	0.00065326 	0.99999890 	
0.99339595 	0.99985170 	0.99989932 	0.99997090 	0.99999866 	0.99474598 	0.99971538 	0.99998878 	0.99505382 	0.00065326 	0.99999890 	
0.99339595 	0.99985170 	0.99989932 	0.99997090 	0.99999866 	0.99474598 	0.99971538 	0.99998878 	0.99505382 	0.00065326 	0.99999890 	
0.99339595 	0.99985170 	0.99989932 	0.99997112 	0.99999866 	0.99474598 	0.99971538 	0.99998878 	0.99505382 	0.00065326 	0.99999890 	
0.99339595 	0.99985170 	0.99989932 	0.99997112 	0.99999866 	0.99474598 	0.99971538 	0.99998878 	0.99505382 	0.00065326 	0.99999890 	
0.99339595 	0.99985170 	0.99989932 	0.99997112 	0.99999866 	0.99575843 	0.99971538 	0.99998878 	0.99505382 	0.00065326 	0.99999890 	
0.99339595 	0.99985170 	0.99989932 	0.99997112 	0.99999866 	0.99575843 	0.99991100 	0.99998878 	0.99505382 	0.00065326 	0.99999890 	
0.99339595 	0.99985170 	0.99989932 	0.99997112 	0.99999866 	0.99575843 	0.99991100 	0.99998878 	0.99505382 	0.00065326 	0.99999890 	
0.99339595 	0.99985170 	0.99989932 	0.99997112 	0.99999866 	0.99575843 	0.99991100 	0.99998878 	0.99505382 	0.00065326 	0.99999890 	
0.99339595 	0.99985170 	0.99989932 	0.99997112 	0.99999866 	0.99575843 	0.99991100 	0.99998878 	0.99505382 	0.00065326 	0.99999890 	
0.99339595 	0.99985170 	0.99989932 	0.99997112 	0.99999866 	0.99575843 	0.99991100 	0.99998878 	0.99505382 	0.00065326 	0.99999893 	
0.99339595 	0.99985170 	0.99989932 	0.99997112 	0.99999866 	0.99575843 	0.99991100 	0.99998878 	0.99505382 	0.00065326 	0.99999893 	
0.99339595 	0.99991650 	0.99989932 	0.99997112 	0.99999866 	0.99575843 	0.99991100 	0.99998878 	0.99505382 	0.00065326 	0.99999893 	
0.99339595 	0.99991650 	0.99989932 	0.99997112 	0.99999866 	0.99575843 	0.99991100 	0.99998878 	0.99505382 	0.00065326 	0.99999893 	
0.99339595 	0.99991650 	0.99989932 	0.99997626 	0.99999866 	0.99575843 	0.99991100 	0.99998878 	0.99505382 	0.00065326 	0.99999893 	
0.99339595 	0.99991650 	0.99989932 	0.99997626 	0.99999866 	0.99575843 	0.99991100 	0.99998878 	0.99505382 	0.00065326 	0.99999893 	
0.99339595 	0.99991650 	0.99989932 	0.99997626 	0.99999866 	0.99489175 	0.99991100 	0.99998878 	0.99505382 	0.00065326 	0.99999893 	
0.99339595 	0.99991650 	0.99989932 	0.99997626 	0.99999866 	0.99489175 	0.99991100 	0.99998878 	0.99505382 	0.00065326 	0.99999893 	
0.99339595 	0.99991650 	0.99989932 	0.99997626 	0.99999866 	0.99489175 	0.99991100 	0.99999626 	0.99505382 	0.00065326 	0.99999893 	
0.99339595 	0.99991650 	0.99989932 	0.99997626 	0.99999866 	0.99489175 	0.99991100 	0.99999626 	0.99491477 	0.00065326 	0.99999893 	
0.99339595 	0.99991650 	0.99989932 	0.99997626 	0.99999866 	0.99489175 	0.99991100 	0.99999626 	0.99491477 	0.00065326 	0.99999893 	
0.99339595 	0.99991650 	0.99989932 	0.99997626 	0.99999866 	0.99489175 	0.99991100 	0.99999626 	0.99491477 	0.00065326 	0.99999985 	
0.99334172 	0.99991650 	0.99989932 	0.99997626 	0.99999866 	0.99489175 	0.99991100 	0.99999626 	0.99491477 	0.00065326 	0.99999985 	
0.99334172 	0.99999677 	0.99989932 	0.99997626 	0.99999866 	0.99489175 	0.99991100 	0.99999626 	0.99491477 	0.00065326 	0.99999985 	
0.99334172 	0.99999677 	0.99989932 	0.99997626 	0.99999866 	0.99489175 	0.99991100 	0.99999626 	0.99491477 	0.00065326 	0.99999985 	
0.99334172 	0.99999677 	0.99989932 	0.99997626 	0.99999866 	0.99489175 	0.99991100 	0.99999626 	0.99491477 	0.00065326 	0.99999985 	
0.99334172 	0.99999677 	0.99989932 	0.99997626 	0.99999866 	0.99489175 	0.99991100 	0.99999626 	0.99491477 	0.00065326 	0.99999985 	
0.99334172 	0.99999677 	0.99989932 	0.99997626 	0.99999866 	0.99489175 	0.99991100 	0.99999626 	0.99491477 	0.00065326 	0.99999985 	
0.99334172 	0.99999677 	0.99989932 	0.99997626 	0.99999866 	0.99489175 	0.99991100 	0.99999626 	0.99491477 	0.00065326 	0.99999985 	
0.99334172 	0.99999677 	0.99989932 	0.99997626 	0.99999866 	0.99489175 	0.99991100 	0.99999626 	0.99491477 	0.00065326 	0.99999985 	
0.99334172 	0.99999677 	0.99989932 	0.99997626 	0.99999866 	0.99489175 	0.99991100 	0.99999626 	0.99491477 	0.00065326 	0.99999985 	
0.99334172 	0.99999677 	0.99989932 	0.99997626 	0.99999866 	0.99489175 	0.99991100 	0.99999626 	0.99491477 	0.00065326 	0.99999985 	
0.99334172 	0.99999677 	0.99989932 	0.99997626 	0.99999866 	0.99489175 	0.99991100 	0.99999626 	0.99491477 	0.00065326 	0.99999985 	
0.99334172 	0.99999677 	0.99989932 	0.99997626 	0.99999866 	0.99489175 	0.99991100 	0.99999626 	0.99491477 	0.00065326 	0.99999985 	
0.99334172 	0.99999677 	0.99989932 	0.99997626 	0.99999866 	0.99489175 	0.99991100 	0.99999626 	0.99491477 	0.00065326 	0.99999985 	
0.99334172 	0.99999677 	0.99989932 	0.99997626 	0.99999866 	0.99489175 	0.99991100 	0.99999626 	0.99491477 	0.00065326 	0.99999985 	
0.99334172 	0.99999677 	0.99989932 	0.99998825 	0.99999866 	0.99489175 	0.99991100 	0.99999626 	0.99491477 	0.00065326 	0.99999985 	
0.99334172 	0.99999677 	0.99989932 	0.99998825 	0.99999866 	0.99489175 	0.99991100 	0.99999626 	0.99491477 	0.00065326 	0.99999985 	
0.99334172 	0.99999677 	0.99989932 	0.99998825 	0.99999866 	0.99489175 	0.99991100 	0.99999626 	0.99491477 	0.00065326 	0.99999985 	
0.99334172 	0.99999677 	0.99989932 	0.99998825 	0.99999866 	0.99489175 	0.99997552 	0.99999626 	0.99491477 	0.00065326 	0.99999985 	
0.99334172 	0.99999677 	0.99989932 	0.99998825 	0.99999866 	0.99489175 	0.99997552 	0.99999844 	0.99491477 	0.00065326 	0.99999985 	
0.99334172 	0.99999677 	0.99989932 	0.99998825 	0.99999866 	0.99489175 	0.99997552 	0.99999844 	0.99491477 	0.00065326 	0.99999985 	
0.99334172 	0.99999677 	0.99989932 	0.99998825 	0.99999866 	0.99489175 	0.99997552 	0.99999844 	0.99491477 	0.00065326 	0.99999985 	
0.99334172 	0.99999677 	0.99989932 	0.99998825 	0.99999866 	0.99489175 	0.99997552 	0.99999844 	0.99491477 	0.00065326 	0.99999985 	
0.99334172 	0.99999677 	0.99989932 	0.99998825 	0.99999866 	0.99489175 	0.99997552 	0.99999844 	0.99491477 	0.00065326 	0.99999985 	
0.99334172 	0.99999677 	0.99989932 	0.99998825 	0.99999866 	0.99489175 	0.99997552 	0.99999844 	0.99491477 	0.00065326 	0.99999985 	
0.99334172 	0.99999677 	0.99989932 	0.99998825 	0.99999866 	0.99489175 	0.99997552 	0.99999844 	0.99491477 	0.00065326 	0.99999985 	
0.99334172 	0.99999677 	0.99989932 	0.99998825 	0.99999866 	0.99489175 	0.99997552 	0.99999844 	0.99491477 	0.00065326 	0.99999985 	
0.99334172 	0.99999677 	0.99989932 	0.99998825 	0.99999866 	0.99489175 	0.99997552 	0.99999844 	0.99491477 	0.00065326 	0.99999985 	
0.99334172 	0.99999677 	0.99989932 	0.99998825 	0.99999866 	0.99554924 	0.99997552 	0.99999844 	0.99491477 	0.00065326 	0.99999985 	
0.99334172 	0.99999677 	0.99989932 	0.99998825 	0.99999866 	0.99554924 	0.99998506 	0.99999844 	0.99491477 	0.00065326 	0.99999985 	
0.99334172 	0.99999677 	0.99989932 	0.99998825 	0.99999866 	0.99554924 	0.99998506 	0.99999859 	0.99491477 	0.00065326 	0.99999985 	
0.99334172 	0.99999677 	0.99989932 	0.99998825 	0.99999866 	0.99554924 	0.99998506 	0.99999859 	0.99491477 	0.00065326 	0.99999985 	
0.99334172 	0.99999677 	0.99989932 	0.99998825 	0.99999866 	0.99554924 	0.99998506 	0.99999859 	0.99491477 	0.00065326 	0.99999985 	
0.99334172 	0.99999677 	0.99989932 	0.99998825 	0.99999866 	0.99554924 	0.99998506 	0.99999859 	0.99491477 	0.00065326 	0.99999985 	
0.99289319 	0.99999677 	0.99989932 	0.99998825 	0.99999866 	0.99554924 	0.99998506 	0.99999859 	0.99491477 	0.00065326 	0.99999985 	
0.99289319 	0.99999677 	0.99989932 	0.99998825 	0.99999866 	0.99554924 	0.99998506 	0.99999859 	0.99491477 	0.00065326 	0.99999985 	
0.99289319 	0.99999677 	0.99989932 	0.99998825 	0.99999866 	0.99554924 	0.99998506 	0.99999859 	0.99491477 	0.00065326 	0.99999985 	
0.99289319 	0.99999677 	0.99989932 	0.99999404 	0.99999866 	0.99554924 	0.99998506 	0.99999859 	0.99491477 	0.00065326 	0.99999985 	
0.99289319 	0.99999677 	0.99989932 	0.99999404 	0.99999866 	0.99554924 	0.99998506 	0.99999859 	0.99491477 	0.00065326 	0.99999985 	
0.99289319 	0.99999677 	0.99989932 	0.99999404 	0.99999866 	0.99552015 	0.99998506 	0.99999859 	0.99491477 	0.00065326 	0.99999985 	
0.99289319 	0.99999677 	0.99989932 	0.99999404 	0.99999866 	0.99552015 	0.99998506 	0.99999859 	0.99491477 	0.00065326 	0.99999985 	
0.99289319 	0.99999677 	0.99989932 	0.99999404 	0.99999866 	0.99552015 	0.99998506 	0.99999963 	0.99491477 	0.00065326 	0.99999985 	
0.99289319 	0.99999677 	0.99989932 	0.99999404 	0.99999866 	0.99552015 	0.99998506 	0.99999963 	0.99491477 	0.00065326 	0.99999985 	
0.99289319 	0.99999677 	0.99989932 	0.99999404 	0.99999866 	0.99552015 	0.99998506 	0.99999963 	0.99491477 	0.00065326 	0.99999985 	
0.99289319 	0.99999677 	0.99989932 	0.99999404 	0.99999866 	0.99552015 	0.99998506 	0.99999963 	0.99491477 	0.00065326 	0.99999985 	
0.99289257 	0.99999677 	0.99989932 	0.99999404 	0.99999866 	0.99552015 	0.99998506 	0.99999963 	0.99491477 	0.00065326 	0.99999985 	
0.99289257 	0.99999677 	0.99989932 	0.99999404 	0.99999866 	0.99552015 	0.99998506 	0.99999963 	0.99491477 	0.00065326 	0.99999985 	
0.99289257 	0.99999677 	0.99989932 	0.99999404 	0.99999866 	0.99552015 	0.99998506 	0.99999963 	0.99491477 	0.00065326 	0.99999985 	
0.99289257 	0.99999677 	0.99989932 	0.99999465 	0.99999866 	0.99552015 	0.99998506 	0.99999963 	0.99491477 	0.00065326 	0.99999985 	
0.99289257 	0.99999677 	0.99989932 	0.99999465 	0.99999866 	0.99552015 	0.99998506 	0.99999963 	0.99491477 	0.00065326 	0.99999985 	
0.99289257 	0.99999677 	0.99989932 	0.99999465 	0.99999866 	0.99514819 	0.99998506 	0.99999963 	0.99491477 	0.00065326 	0.99999985 	
0.99289257 	0.99999677 	0.99989932 	0.99999465 	0.99999866 	0.99514819 	0.99998506 	0.99999963 	0.99491477 	0.00065326 	0.99999985 	
0.99289257 	0.99999677 	0.99989932 	0.99999465 	0.99999866 	0.99514819 	0.99998506 	0.99999963 	0.99491477 	0.00065326 	0.99999985 	
0.99289257 	0.99999677 	0.99989932 	0.99999465 	0.99999866 	0.99514819 	0.99998506 	0.99999963 	0.99491477 	0.00065326 	0.99999985 	
0.99289257 	0.99999677 	0.99989932 	0.99999465 	0.99999866 	0.99514819 	0.99998506 	0.99999963 	0.99491477 	0.00066470 	0.99999985 	
0.99289257 	0.99999677 	0.99989932 	0.99999465 	0.99999866 	0.99514819 	0.99998506 	0.99999963 	0.99491477 	0.00066470 	0.99999985 	
0.99285579 	0.99999677 	0.99989932 	0.99999465 	0.99999866 	0.99514819 	0.99998506 	0.99999963 	0.99491477 	0.00066470 	0.99999985 	
0.99285579 	0.99999677 	0.99989932 	0.99999465 	0.99999866 	0.99514819 	0.99998506 	0.99999963 	0.99491477 	0.00066470 	0.99999985 	
0.99285579 	0.99999677 	0.99996482 	0.99999465 	0.99999866 	0.99514819 	0.99998506 	0.99999963 	0.99491477 	0.00066470 	0.99999985 	
0.99285579 	0.99999677 	0.99996482 	0.99999465 	0.99999866 	0.99514819 	0.99998506 	0.99999963 	0.99491477 	0.00066470 	0.99999985 	
0.99285579 	0.99999677 	0.99996482 	0.99999465 	0.99999866 	0.99514819 	0.99998506 	0.99999963 	0.99491477 	0.00066470 	0.99999985 	
0.99285579 	0.99999677 	0.99996482 	0.99999465 	0.99999866 	0.99516414 	0.99998506 	0.99999963 	0.99491477 	0.00066470 	0.99999985 	
0.99285579 	0.99999677 	0.99996482 	0.99999465 	0.99999866 	0.99516414 	0.99998506 	0.99999963 	0.99491477 	0.00066470 	0.99999985 	
0.99285579 	0.99999677 	0.99996482 	0.99999465 	0.99999866 	0.99516414 	0.99998506 	0.99999963 	0.99491477 	0.00066470 	0.99999985 	
0.99285579 	0.99999677 	0.99996482 	0.99999465 	0.99999866 	0.99516414 	0.99998506 	0.99999963 	0.99491477 	0.00066470 	0.99999985 	
0.99285579 	0.99999677 	0.99996482 	0.99999465 	0.99999866 	0.99516414 	0.99998506 	0.99999963 	0.99491477 	0.00066470 	0.99999985 	
0.99285579 	0.99999677 	0.99996482 	0.99999465 	0.99999866 	0.99516414 	0.99998506 	0.99999963 	0.99491477 	0.00066470 	0.99999985 	
0.99285579 	0.99999677 	0.99996482 	0.99999465 	0.99999866 	0.99516414 	0.99998506 	0.99999963 	0.99491477 	0.00066470 	0.99999985 	
0.99285579 	0.99999677 	0.99996482 	0.99999465 	0.99999866 	0.99516414 	0.99998506 	0.99999963 	0.99491477 	0.00066470 	0.99999985 	
0.99285579 	0.99999677 	0.99996630 	0.99999465 	0.99999866 	0.99516414 	0.99998506 	0.99999963 	0.99491477 	0.00066470 	0.99999985 	
0.99285579 	0.99999677 	0.99996630 	0.99999917 	0.99999866 	0.99516414 	0.99998506 	0.99999963 	0.99491477 	0.00066470 	0.99999985 	
0.99285579 	0.99999677 	0.99996630 	0.99999917 	0.99999866 	0.99516414 	0.99998506 	0.99999963 	0.99491477 	0.00066470 	0.99999985 	
0.99285579 	0.99999677 	0.99996630 	0.99999917 	0.99999866 	0.99516414 	0.99998506 	0.99999963 	0.99491477 	0.00066470 	0.99999985 	
0.99285579 	0.99999677 	0.99996630 	0.99999917 	0.99999866 	0.99516414 	0.99998506 	0.99999963 	0.99491477 	0.00066470 	0.99999985 	
0.99285579 	0.99999677 	0.99996630 	0.99999917 	0.99999866 	0.99516414 	0.99998506 	0.99999963 	0.99491477 	0.00066470 	0.99999985 	
0.99285579 	0.99999677 	0.99996630 	0.99999917 	0.99999866 	0.99516414 	0.99998506 	0.99999963 	0.99491477 	0.00066470 	0.99999985 	
0.99285579 	0.99999677 	0.99996630 	0.99999917 	0.99999866 	0.99516414 	0.99998506 	0.99999963 	0.99491477 	0.00066470 	0.99999985 	
0.99285579 	0.99999677 	0.99996630 	0.99999917 	0.99999866 	0.99516414 	0.99998506 	0.99999963 	0.99491477 	0.00066470 	0.99999985 	
0.99285579 	0.99999677 	0.99996630 	0.99999917 	0.99999866 	0.99516414 	0.99998506 	0.99999963 	0.99491477 	0.00066470 	0.99999985 	
0.99285579 	0.99999677 	0.99996630 	0.99999917 	0.99999866 	0.99516414 	0.99998506 	0.99999963 	0.99491477 	0.00066470 	0.99999985 	
0.99285579 	0.99999677 	0.99998397 	0.99999917 	0.99999866 	0.99516414 	0.99998506 	0.99999963 	0.99491477 	0.00066470 	0.99999985 	
0.99285579 	0.99999677 	0.99998397 	0.99999917 	0.99999866 	0.99516414 	0.99998506 	0.99999963 	0.99491477 	0.00066470 	0.99999985 	
0.99285579 	0.99999677 	0.99998397 	0.99999917 	0.99999866 	0.99516414 	0.99998506 	0.99999963 	0.99491477 	0.00066470 	0.99999985 	
0.99285579 	0.99999677 	0.99998397 	0.99999917 	0.99999866 	0.99516414 	0.99998506 	0.99999963 	0.99491477 	0.00066470 	0.99999985 	
0.99285579 	0.99999677 	0.99998397 	0.99999917 	0.99999866 	0.99516414 	0.99998506 	0.99999963 	0.99491477 	0.00066470 	0.99999985 	
0.99285579 	0.99999677 	0.99998397 	0.99999917 	0.99999866 	0.99516414 	0.99998506 	0.99999963 	0.99491477 	0.00066470 	0.99999985 	
0.99285579 	0.99999677 	0.99998397 	0.99999917 	0.99999866 	0.99516414 	0.99998506 	0.99999963 	0.99491477 	0.00066470 	0.99999985 	
0.99285579 	0.99999677 	0.99998397 	0.99999917 	0.99999866 	0.99516414 	0.99998506 	0.99999963 	0.99491477 	0.00066470 	0.99999985 	
0.99285579 	0.99999677 	0.99998397 	0.99999917 	0.99999866 	0.99516414 	0.99998506 	0.99999963 	0.99491477 	0.00066470 	0.99999985 	
0.99283941 	0.99999677 	0.99998397 	0.99999917 	0.99999866 	0.99516414 	0.99998506 	0.99999963 	0.99491477 	0.00066470 	0.99999985 	
0.99283941 	0.99999677 	0.99998397 	0.99999917 	0.99999866 	0.99516414 	0.99998506 	0.99999963 	0.99491477 	0.00066470 	0.99999985 	
0.99283941 	0.99999677 	0.99998397 	0.99999917 	0.99999866 	0.99516414 	0.99998506 	0.99999963 	0.99491477 	0.00066470 	0.99999985 	
0.99283941 	0.99999677 	0.99998397 	0.99999917 	0.99999866 	0.99516414 	0.99998506 	0.99999963 	0.99491477 	0.00066470 	0.99999985 	
0.99283941 	0.99999677 	0.99998397 	0.99999917 	0.99999866 	0.99516414 	0.99998506 	0.99999963 	0.99491477 	0.00066470 	0.99999985 	
0.99283941 	0.99999677 	0.99998397 	0.99999917 	0.99999866 	0.99516414 	0.99998506 	0.99999963 	0.99491477 	0.00066470 	0.99999985 	
0.99283941 	0.99999677 	0.99998397 	0.99999917 	0.99999866 	0.99516414 	0.99998506 	0.99999963 	0.99491477 	0.00066470 	0.99999985 	
0.99283941 	0.99999677 	0.99998397 	0.99999917 	0.99999866 	0.99516414 	0.99998506 	0.99999963 	0.99491477 	0.00066470 	0.99999985 	
0.99283941 	0.99999677 	0.99998397 	0.99999917 	0.99999866 	0.99516414 	0.99998506 	0.99999963 	0.99491477 	0.00066470 	0.99999985 	
0.99283941 	0.99999677 	0.99998397 	0.99999917 	0.99999866 	0.99516414 	0.99998506 	0.99999963 	0.99491477 	0.00066950 	0.99999985 	
0.99283941 	0.99999677 	0.99998397 	0.99999917 	0.99999866 	0.99516414 	0.99998506 	0.99999963 	0.99491477 	0.00066950 	0.99999985 	
0.99280398 	0.99999677 	0.99998397 	0.99999917 	0.99999866 	0.99516414 	0.99998506 	0.99999963 	0.99491477 	0.00066950 	0.99999985 	
0.99280398 	0.99999677 	0.99998397 	0.99999917 	0.99999866 	0.99516414 	0.99998506 	0.99999963 	0.99491477 	0.00066950 	0.99999985 	
0.99280398 	0.99999677 	0.99998397 	0.99999917 	0.99999866 	0.99516414 	0.99998506 	0.99999963 	0.99491477 	0.00066950 	0.99999985 	
0.99280398 	0.99999677 	0.99998397 	0.99999917 	0.99999866 	0.99516414 	0.99998506 	0.99999963 	0.99491477 	0.00066950 	0.99999985 	
0.99280398 	0.99999677 	0.99998397 	0.99999917 	0.99999866 	0.99516414 	0.99998506 	0.99999963 	0.99491477 	0.00066950 	0.99999985 	
0.99280398 	0.99999677 	0.99998397 	0.99999917 	0.99999866 	0.99516414 	0.99998506 	0.99999963 	0.99491477 	0.00066950 	0.99999985 	
0.99280398 	0.99999677 	0.99998397 	0.99999917 	0.99999866 	0.99516414 	0.99999232 	0.99999963 	0.99491477 	0.00066950 	0.99999985 	
0.99280398 	0.99999677 	0.99998397 	0.99999917 	0.99999866 	0.99516414 	0.99999232 	0.99999963 	0.99491477 	0.00066950 	0.99999985 	
0.99280398 	0.99999677 	0.99998397 	0.99999917 	0.99999866 	0.99516414 	0.99999232 	0.99999963 	0.99491477 	0.00066950 	0.99999985 	
0.99280398 	0.99999677 	0.99998397 	0.99999917 	0.99999866 	0.99516414 	0.99999232 	0.99999963 	0.99491477 	0.00066950 	0.99999985 	
0.99280398 	0.99999677 	0.99998397 	0.99999917 	0.99999866 	0.99516414 	0.99999232 	0.99999963 	0.99491477 	0.00066950 	0.99999985 	
