-675700154.15420330 
-562124053.71136761 
-562124053.71136761 
-562124053.71136761 
-541105821.25804758 
-523310044.51135993 
-487481874.55496812 
-467079419.50062859 
-236445503.26567435 
-175533779.12820590 
-125127175.46076092 
-124965116.72116669 
-124882398.02802856 
-117415281.53470391 
-113956364.03111072 
-110545520.99481569 
-110371369.89716597 
-110371369.89716597 
-110371369.89716597 
-110371369.89716597 
-110371369.89716597 
-110371369.89716597 
-110371369.89716597 
-110371369.89716597 
-110371369.89716597 
-102501147.43933117 
-102501147.43933117 
-101845147.92296827 
-101845147.92296827 
-101676276.27944997 
-100381640.24350029 
-99999346.53081510 
-99828821.42526043 
-99828011.29163921 
-99828011.29163921 
-99828011.29163921 
-99828011.29163921 
-95379831.47222696 
-94333745.81773397 
-93837166.11694489 
-93837166.11694489 
-93771593.27495314 
-93771593.27495314 
-93639004.71029662 
-93638537.61499618 
-93638537.61499618 
-93624044.59403582 
-81476636.05096601 
-78449235.08611667 
-78405594.13960607 
-78405594.13960607 
-78383033.24797227 
-78381463.65684518 
-78375640.58631112 
-73940724.13074483 
-73937616.14221934 
-73937616.14221934 
-73937616.14221934 
-73937616.14221934 
-72946951.18648462 
-72892355.60757463 
-72892355.60757463 
-72892355.60757463 
-72860001.98925382 
-72855492.89470734 
-72855492.89470734 
-72855218.06152111 
-72855218.06152111 
-72853850.37828372 
-72326063.02379993 
-72283709.24210908 
-72283607.80197236 
-72239121.80786203 
-72238986.38512231 
-72238695.03911023 
-72238695.03911023 
-72156831.02098250 
-72156831.02098250 
-72156831.02098250 
-72156702.25752455 
-64315131.84913027 
-64315131.84913027 
-64308474.22097401 
-64308474.22097401 
-64308152.76349736 
-64303166.37367093 
-64292884.71875774 
-64155654.99972456 
-64155435.87994724 
-64155435.87994724 
-64154566.50221200 
-64154566.50221200 
-63984028.13812091 
-63983638.94748556 
-63976399.37355650 
-63975326.58677683 
-63975326.58677683 
-63975255.28782854 
-63878132.77426224 
-63878132.77426224 
-63878132.77426224 
-63877991.11405100 
-63877991.11405100 
-63877991.11405100 
-63877991.11405100 
-63877991.11405100 
-63877991.11405100 
-63877243.14438300 
-63877243.14438300 
-63877243.14438300 
-63877243.14438300 
-63877243.14438300 
-63877243.14438300 
-56178222.27194066 
-56178222.27194066 
-56177850.70366257 
-56177499.19633419 
-56177499.19633419 
-56177448.36941687 
-56176561.94196731 
-56173885.14721958 
-56173885.14721958 
-56173744.84460371 
-56173744.84460371 
-56173744.84460371 
-56173744.84460371 
-56173744.84460371 
-56165059.09497272 
-56164915.37492867 
-56164915.37492867 
-56164836.45318483 
-56147066.07324748 
-56147060.25299108 
-56147049.40747219 
-56147049.40747219 
-50299060.19741605 
-50291533.72064794 
-50291533.72064794 
-50291254.44321443 
-50291254.44321443 
-50291252.78852033 
-50291252.78852033 
-50288079.05098613 
-50288028.89152306 
-50288028.89152306 
-50288028.30217479 
-45386098.60046261 
-45378314.58006664 
-45378314.58006664 
-45376623.04343552 
-45376623.04343552 
-45376623.04343552 
-45376295.17044059 
-45372163.39373316 
-45372163.39373316 
-45372163.39373316 
-45372163.39373316 
-43833483.07126879 
-43832294.70860560 
-43832294.70860560 
-43832291.36442188 
-43832204.76188611 
-43832204.76188611 
-43832204.76188611 
-43832204.76188611 
-43832200.32515805 
-43832200.32515805 
-43832200.32515805 
-43685688.99740672 
-43685688.99740672 
-43685688.99740672 
-43685688.99740672 
-43685688.99740672 
-43685688.99740672 
-43685602.33696689 
-43685602.33696689 
-43685591.01970482 
-43685591.01970482 
-43685591.01970482 
-43685591.01970482 
-43685591.01970482 
-43685591.01970482 
-43685591.01970482 
-43685591.01970482 
-43685591.01970482 
-43685591.01970482 
-43685591.01970482 
-43685591.01970482 
-43685591.01970482 
-43685591.01970482 
-43684543.29459783 
-43684418.59472659 
-43684418.59472659 
-43684418.59472659 
-43684418.59472659 
-43684418.59472659 
-43684418.59472659 
-43684418.59472659 
-43684418.59472659 
-43684418.59472659 
-43684418.59472659 
-43684418.59472659 
-43684418.59472659 
-43684418.59472659 
-43684417.58356135 
-43684417.58356135 
-43684417.58356135 
-43684417.58356135 
-43684417.58356135 
-43684417.58356135 
-43684417.58356135 
-43684417.58356135 
-43684417.58356135 
-43684302.68355744 
-43684301.62103561 
-43684298.20670445 
-43684298.20670445 
-43684298.20670445 
-43684293.33005803 
-43684102.10161918 
-43684102.10161918 
-43684102.10161918 
-43684102.10161918 
-43684093.72445361 
-43684093.72445361 
-43684036.09904981 
-43684036.09904981 
-43684036.09904981 
-43684032.71213868 
-43684032.71213868 
-43683990.48665266 
-43683990.48665266 
-43683990.48665266 
-43683990.48665266 
-43683990.48665266 
-43683990.48665266 
-43683983.60652274 
-43683983.60652274 
-43683983.60652274 
-43683983.60652274 
-43683983.60652274 
-43683983.60652274 
-43683983.60652274 
-43683983.60652274 
-43683983.60652274 
-43683940.31223317 
-43683940.31223317 
-43683940.31223317 
-43683940.31223317 
-43683940.31223317 
-43683940.31223317 
-43683940.31223317 
-43683940.31223317 
-43683940.31223317 
-43683940.31223317 
-43683940.31223317 
-43683808.54040036 
-43683808.54040036 
-43683808.54040036 
-43683808.54040036 
-43683808.54040036 
-43683808.54040036 
-43683808.54040036 
-43683808.54040036 
-43683808.54040036 
-43683808.54040036 
-43683808.54040036 
-43683808.21987885 
-43683808.21987885 
-43683808.21987885 
-43683808.21987885 
-43683808.21987885 
-43683808.21987885 
-43683808.21987885 
-43683808.21987885 
