-714694773.21529830 
-707589050.06436479 
-707552848.23899114 
-599879857.96282637 
-484921368.09568721 
-394916565.24284905 
-377845406.29760599 
-363694032.81331241 
-358059081.40420324 
-245875868.16855782 
-139635241.48757830 
-136098884.83294404 
-135921889.77922162 
-115203524.38256870 
-115203524.38256870 
-114119603.18204878 
-114059080.73263939 
-114059080.73263939 
-112876389.68895133 
-112117480.66587456 
-112117480.66587456 
-110464606.08488661 
-110459264.66554266 
-104337811.76317587 
-104289094.00972214 
-93553617.67123708 
-93553617.67123708 
-93525131.39442486 
-93035737.05731902 
-93035737.05731902 
-92952615.88057508 
-92807234.34362862 
-92807234.34362862 
-92807234.34362862 
-92807234.34362862 
-92321863.42187937 
-91239333.08305061 
-88972015.90870225 
-88953712.97024795 
-88716019.71888916 
-87874416.53602703 
-87874416.53602703 
-87855215.40617007 
-87855215.40617007 
-87836450.63696681 
-75906297.94022258 
-75727660.07483888 
-74865174.69923726 
-74865174.69923726 
-74865174.69923726 
-74778879.57596295 
-74622270.01682599 
-74559669.99540840 
-74555007.30539522 
-74518842.56367934 
-74518746.90002658 
-67049569.69553261 
-67045287.54186025 
-66937576.48730560 
-50568545.15912719 
-50567625.16324972 
-50134399.38709132 
-50134399.38709132 
-50134287.02779356 
-49986397.79916033 
-49863833.35229040 
-49845623.04655999 
-49845623.04655999 
-49143223.01770020 
-49067800.33066101 
-48223404.12046697 
-48222859.71863262 
-47984784.14361754 
-47984784.14361754 
-47981986.34316628 
-47730398.24606121 
-47692094.50790829 
-47692094.50790829 
-47385021.51874976 
-47360495.47637203 
-47250982.59051359 
-47250982.59051359 
-47250982.59051359 
-46950092.06856192 
-46871621.09702462 
-46868853.00648665 
-46673826.25278465 
-46666215.49699635 
-46665974.58984292 
-46665974.58984292 
-46444151.79201189 
-46444151.79201189 
-46444151.79201189 
-46444151.79201189 
-46436672.59361754 
-46428863.09107535 
-46425086.26346178 
-46422219.65412881 
-46398809.90518651 
-46398809.90518651 
-46362138.58149362 
-46309648.33790954 
-46309648.33790954 
-46309648.33790954 
-46309648.33790954 
-46309648.33790954 
-46309648.33790954 
-46309502.74247289 
-46305323.96754327 
-46305323.96754327 
-46305323.96754327 
-46297682.99167462 
-46237600.39515159 
-46190917.21068175 
-46190917.21068175 
-46189125.10313699 
-46080445.43875210 
-46080445.43875210 
-46079853.85689711 
-46079721.64052509 
-46069328.07187981 
-46069322.15558147 
-46069322.15558147 
-46069322.15558147 
-46069322.15558147 
-46069322.15558147 
-46068916.49796691 
-46068916.49796691 
-46056081.56881013 
-46056081.56881013 
-46055763.78841382 
-46051430.88873875 
-46049373.08643187 
-46038854.82674447 
-46003248.06938741 
-46003248.06938741 
-46002043.68808807 
-46002043.68808807 
-46002043.68808807 
-46002043.68808807 
-46002043.66981947 
-46001915.30639552 
-46000995.93336318 
-46000995.93336318 
-46000995.93336318 
-46000995.93336318 
-46000955.69865985 
-46000955.69865985 
-46000852.37718129 
-45997664.60313585 
-45997664.60313585 
-45997664.60313585 
-45997664.60313585 
-45997661.82447913 
-45997661.82447913 
-45996267.66721846 
-45996267.66721846 
-45995300.11529811 
-45995300.11529811 
-45995243.25831385 
-45995243.25831385 
-45994907.50668325 
-45994843.63251492 
-45994843.63251492 
-45994766.54313791 
-45994731.53061575 
-45993039.19044841 
-45993039.19044841 
-45993039.19044841 
-45993039.19044841 
-45993039.19044841 
-45993039.19044841 
-45993039.19044841 
-45993039.19044841 
-45993039.19044841 
-45993039.19044841 
-45993039.19044841 
-45993039.19044841 
-45993039.19044841 
-45990783.99691371 
-45990783.99691371 
-45990783.99691371 
-45989733.70888919 
-45989635.31054538 
-45989635.31054538 
-45989635.31054538 
-45989635.31054538 
-45989635.31054538 
-45989635.31054538 
-45989635.31054538 
-45989635.31054538 
-45989635.31054538 
-45989524.38917191 
-45989369.39149422 
-45989362.72466452 
-45989362.72466452 
-45989362.72466452 
-45989362.72466452 
-45989168.96359009 
-45989168.96359009 
-45989168.96359009 
-45988078.31563245 
-45988078.31563245 
-45988062.19499265 
-45988062.19499265 
-45988015.53978247 
-45988015.53978247 
-45988015.53978247 
-45988015.53978247 
-45988015.44092675 
-45988015.44092675 
-45988015.44092675 
-45987902.28554080 
-45987902.28554080 
-45987867.46669987 
-45987867.46669987 
-45987867.46669987 
-45987867.46669987 
-45987865.58854087 
-45987865.58854087 
-45987860.38140824 
-45987860.38140824 
-45985556.23380729 
-45985556.23380729 
-45985556.23380729 
-45985551.19647358 
-45985551.19647358 
-45985551.19647358 
-45985551.19647358 
-45985551.19647358 
-45985551.19647358 
-45985551.19647358 
-45985551.19647358 
-45985499.08181738 
-45984648.19483876 
-45984648.19483876 
-45984648.19483876 
-45984648.19483876 
-45984648.19483876 
-45984648.19483876 
-45984648.19483876 
-45984648.19483876 
-45984648.19483876 
-45984648.19483876 
-45984028.52021080 
-45984028.52021080 
-45984028.52021080 
-45984028.52021080 
-45984028.52021080 
-45984028.52021080 
-45984028.52021080 
-45984028.52021080 
-45984028.52021080 
-45984026.73308776 
-45984026.73308776 
-45984026.73308776 
-45984026.73308776 
-45984026.73308776 
-45984026.73308776 
-45984026.73308776 
-45984026.73308776 
-45984026.73308776 
-45984026.33873263 
-45984026.33873263 
-45984023.50010516 
-45984023.50010516 
-45984023.50010516 
-45984023.50010516 
-45984023.50010516 
-45984023.50010516 
-45983905.50917982 
-45983905.50917982 
-45983905.50917982 
-45983905.50917982 
-45983905.50917982 
