-756985911.82996786 
-747705556.76766229 
-733787931.61370647 
-653155382.49525046 
-645188728.68877697 
-546379662.32092094 
-513586231.23449290 
-393479127.84509331 
-252114368.52205259 
-108689320.83631137 
-108689320.83631137 
-108689320.83631137 
-107844394.66213271 
-97049624.09789208 
-90433148.87003894 
-89019105.40315443 
-88968231.14988506 
-88963299.18027337 
-88963299.18027337 
-88963299.18027337 
-88790067.47334512 
-88790067.47334512 
-88790067.47334512 
-78639022.06357622 
-78639022.06357622 
-75581776.38039286 
-70583649.23625134 
-70575068.93810214 
-68949213.15677759 
-68949213.15677759 
-64664413.73375939 
-64603099.07186721 
-64603099.07186721 
-64489675.78368583 
-61364494.48157484 
-61364494.48157484 
-61364494.48157484 
-61364494.48157484 
-61287340.95977184 
-61287340.95977184 
-61255408.82370491 
-60151801.09559941 
-60029427.89299507 
-60029427.89299507 
-60029427.89299507 
-52611224.67901643 
-52598566.07651953 
-52416567.48228787 
-52416567.48228787 
-52414257.07272009 
-49948253.18429484 
-49024816.04647688 
-48692879.48062789 
-48684131.82439788 
-48625669.69751959 
-48597562.48235662 
-48597562.48235662 
-48595295.98048260 
-48595295.98048260 
-48583660.31286511 
-48580894.38318746 
-48003233.03178812 
-48003233.03178812 
-47937979.01591912 
-47933588.37971474 
-47933588.37971474 
-47925262.82359963 
-47876615.38412252 
-47874520.95935237 
-47874520.95935237 
-47874096.48703691 
-47872435.31088018 
-47850063.80868972 
-47820395.95795009 
-47489235.70322526 
-47487882.69248286 
-47487882.69248286 
-47487882.69248286 
-47487882.69248286 
-47487092.28076685 
-47482785.46196125 
-47482599.77268009 
-47482505.14713275 
-47110416.99993701 
-47108585.80335950 
-47108585.80335950 
-47108585.80335950 
-47108585.80335950 
-47108585.80335950 
-47026186.22552026 
-47025824.00814398 
-47021293.28026174 
-47019718.96759389 
-47019718.96759389 
-47017012.33822786 
-47016269.73209143 
-47016269.73209143 
-47016269.73209143 
-47016269.73209143 
-47016169.34862950 
-46991673.23188586 
-46991586.60497055 
-46991538.11356804 
-46984265.48373637 
-46983742.02788656 
-46983716.56691369 
-46967501.71430318 
-46965321.55347004 
-46965321.55347004 
-46965321.55347004 
-46965164.71592537 
-46962369.17427798 
-46962341.79423695 
-46962341.79423695 
-46962307.91057910 
-46960588.13943125 
-46960036.07307974 
-46960036.07307974 
-46959729.69286523 
-46959729.69286523 
-46959729.69286523 
-46959729.69286523 
-46959729.69286523 
-46959729.69286523 
-46959492.70836293 
-46959492.70836293 
-46959413.72669138 
-46959264.93302073 
-46959264.93302073 
-46959264.93302073 
-46959264.93302073 
-46959264.93302073 
-46959264.93302073 
-46959264.93302073 
-46959257.15346887 
-46959204.28982268 
-46959204.28982268 
-46959039.10677595 
-46959039.10677595 
-46959001.50658871 
-46958995.12250920 
-46958995.12250920 
-46958995.12250920 
-46958995.12250920 
-46958995.12250920 
-46958995.12250920 
-46958995.12250920 
-46958995.12250920 
-46958995.12250920 
-46958986.33245414 
-46958986.33245414 
-46958986.33245414 
-46958986.33245414 
-46958986.33245414 
-46958986.33245414 
-46958986.33245414 
-46958986.33245414 
-46958986.33245414 
-46958986.33245414 
-46958986.33245414 
-46958981.21723264 
-46958699.18787052 
-46958530.91962101 
-46958530.91962101 
-46958530.91962101 
-46958530.91962101 
-46958530.91962101 
-46958530.91558053 
-46958530.70776672 
-46958530.70776672 
-46958530.70776672 
-46958523.45281242 
-46958453.83960751 
-46958453.83960751 
-46958453.83960751 
-46958420.73120045 
-46958420.73120045 
-46958420.73120045 
-46958420.73120045 
-46958420.73120045 
-46958420.73120045 
-46958420.73120045 
-46958420.73120045 
-46958420.73120045 
-46958420.73120045 
-46958420.73120045 
-46958420.73120045 
-46958420.52323964 
-46958420.52323964 
-46958420.52323964 
-46958419.69990860 
-46958419.69990860 
-46958419.69990860 
-46958419.69990860 
-46958419.69990860 
-46958419.69990860 
-46958419.69990860 
-46958419.69990860 
-46958419.69990860 
-46958419.69990860 
-46958419.69990860 
-46958419.69990860 
-46958419.69990860 
-46958419.43810599 
-46958419.43810599 
-46958368.67612556 
-46958368.67612556 
-46958368.67612556 
-46958368.67612556 
-46958368.67612556 
-46958368.67612556 
-46958368.67612556 
-46958368.67612556 
-46958368.67612556 
-46958368.29206245 
-46958364.87677175 
-46958339.81819747 
-46958339.81819747 
-46958339.81819747 
-46958339.81819747 
-46958339.81819747 
-46958339.81819747 
-46958339.81819747 
-46958339.81819747 
-46958339.81819747 
-46958335.07806290 
-46958329.71041922 
-46958329.71041922 
-46958329.71041922 
-46958329.71041922 
-46958329.71041922 
-46958329.64202057 
-46958329.64202057 
-46958329.64202057 
-46958329.64202057 
-46958329.15695574 
-46958328.98897211 
-46958328.98897211 
-46958328.98897211 
-46958328.98897211 
-46958328.98897211 
-46958328.98897211 
-46958328.98897211 
-46958328.98897211 
-46958328.98897211 
-46958328.98897211 
-46958328.98897211 
-46958328.98897211 
-46958328.98897211 
-46958328.98897211 
-46958328.98897211 
-46958328.98897211 
-46958328.98897211 
-46958328.98897211 
-46958328.98897211 
-46958328.98897211 
-46958328.98897211 
-46958328.23679552 
-46958325.48164473 
-46958325.48164473 
-46958325.48164473 
-46958325.48164473 
-46958317.79008235 
-46958317.79008235 
-46958317.79008235 
-46958317.79008235 
-46958317.79008235 
-46958317.79008235 
-46958317.79008235 
-46958317.79008235 
-46958317.79008235 
-46958317.79008235 
-46958317.79008235 
-46958317.32421485 
-46958317.32421485 
