-646767241.98946345 
-643888248.31066501 
-641762426.58973408 
-641762426.58973408 
-581801154.59217381 
-553360848.81693816 
-537169727.96553349 
-454113589.33386952 
-452010541.53782135 
-327004652.86226338 
-107481005.21928103 
-106498102.67121977 
-105900481.79885951 
-75094408.21112880 
-75024486.19541514 
-71304390.17442334 
-67155615.91758397 
-64503309.41331139 
-64503309.41331139 
-64503309.41331139 
-60501656.74006793 
-54972086.42661627 
-54972086.42661627 
-52512827.98443596 
-51555011.28273413 
-50386742.51311702 
-50386742.51311702 
-49577945.75493187 
-49577945.75493187 
-48816261.01795553 
-48802144.36942125 
-48802144.36942125 
-48802144.36942125 
-48755678.70322250 
-48692552.51792556 
-48692552.51792556 
-48692552.51792556 
-40036525.33354855 
-39962703.92056644 
-38218534.36626914 
-36936445.20854268 
-36750529.84352383 
-36616293.94665659 
-36572930.16324862 
-36571594.81864125 
-36571594.81864125 
-36559979.65539491 
-36559979.65539491 
-34152475.64771089 
-34149428.59262208 
-34149428.59262208 
-34140320.68744598 
-34140320.68744598 
-34140320.68744598 
-33922655.53088956 
-33922037.07286195 
-33922037.07286195 
-33920733.44362231 
-33920733.44362231 
-33812510.86687861 
-33783643.21331256 
-33191160.35218352 
-33153904.07108855 
-33153904.07108855 
-33147477.51724112 
-33147477.51724112 
-33144767.45278721 
-33137690.33152034 
-33134901.74303505 
-33133671.03110421 
-33118013.04955050 
-33116896.59338206 
-32962588.64885158 
-32962588.64885158 
-32962588.64885158 
-32953662.41938943 
-32932968.14349806 
-32924816.64320292 
-32919492.34806070 
-32919492.34806070 
-32916376.69600775 
-32916376.69600775 
-32915785.99578500 
-32907958.80625185 
-32893536.38832118 
-32893536.38832118 
-32884770.17695470 
-32884770.17695470 
-32884455.23520425 
-32884415.99814494 
-32884415.99814494 
-32882739.01554209 
-32882739.01554209 
-32882739.01554209 
-32815130.95999942 
-32815056.73803061 
-32814964.25073322 
-32814964.25073322 
-32814964.25073322 
-32806020.12116952 
-32805618.79293403 
-32804611.59457850 
-32804611.37281840 
-32804602.64037561 
-32804523.29881749 
-32804523.29881749 
-32803893.80438135 
-32802958.74513799 
-32802958.74513799 
-32802958.74513799 
-32802958.74513799 
-32802958.74513799 
-32802450.52722497 
-32802359.51275653 
-32802359.51275653 
-32802127.05681938 
-32802127.05681938 
-32801809.60599231 
-32801809.60599231 
-32801809.60599231 
-32801809.60599231 
-32801809.60599231 
-32801806.08324486 
-32801806.08324486 
-32800595.28077586 
-32800567.60369274 
-32800567.60369274 
-32799818.97351552 
-32799818.97351552 
-32799818.97351552 
-32799818.97351552 
-32799818.97351552 
-32799818.97351552 
-32799818.97351552 
-32798694.98902094 
-32798694.98902094 
-32798694.98902094 
-32798694.98902094 
-32798694.98902094 
-32798694.98902094 
-32798694.98902094 
-32798694.98902094 
-32798694.98902094 
-32798694.98902094 
-32798694.98902094 
-32798694.98902094 
-32798694.98902094 
-32798693.04350525 
-32798693.04350525 
-32796705.23001200 
-32796705.23001200 
-32796705.23001200 
-32796705.23001200 
-32796705.23001200 
-32795992.17539957 
-32795992.17539957 
-32795809.17283221 
-32795738.01399907 
-32795735.11227666 
-32795735.11227666 
-32795292.61025129 
-32794436.37498999 
-32794436.37498999 
-32794436.37498999 
-32794436.37498999 
-32794268.94265984 
-32794268.94265984 
-32794268.94265984 
-32794263.40862475 
-32794263.40862475 
-32794263.40862475 
-32794263.40862475 
-32794210.19144242 
-32794210.19144242 
-32794207.10375269 
-32794207.10375269 
-32794023.72966347 
-32794023.72966347 
-32793909.18119612 
-32793909.18119612 
-32793909.18119612 
-32793909.18119612 
-32793901.22155044 
-32793901.22155044 
-32793901.22155044 
-32793878.52114422 
-32793878.52114422 
-32793560.23351025 
-32793560.23351025 
-32793505.09284788 
-32793505.09284788 
-32793505.09284788 
-32793505.09284788 
-32793505.09284788 
-32792756.51277009 
-32792756.51277009 
-32792756.51277009 
-32792756.51277009 
-32791866.70990431 
-32791866.24061486 
-32791450.68461309 
-32791450.68461309 
-32791450.68461309 
-32791450.68461309 
-32791450.68461309 
-32790847.81225064 
-32790847.81225064 
-32790844.51802655 
-32790844.51802655 
-32790844.51802655 
-32790844.51802655 
-32790844.51802655 
-32790844.51802655 
-32790844.51802655 
-32790844.51802655 
-32790844.51802655 
-32790844.51802655 
-32790844.51802655 
-32790844.37352309 
-32790844.37352309 
-32790844.37352309 
-32790844.37352309 
-32790844.34172348 
-32790844.34172348 
-32790844.34172348 
-32790844.34172348 
-32790844.34172348 
-32790844.34172348 
-32790844.34172348 
-32790844.34172348 
-32790844.34172348 
-32790844.34172348 
-32790844.34172348 
-32790820.90253831 
-32790820.90253831 
-32790820.90253831 
-32790820.90253831 
-32790566.43326929 
-32790566.43326929 
-32790566.43326929 
-32790566.43326929 
-32790565.72976209 
-32790565.72976209 
-32790565.72976209 
-32790565.72976209 
-32790565.72976209 
-32790565.72976209 
-32790565.72976209 
-32790565.72976209 
-32790565.72976209 
-32790565.72976209 
-32790564.84478771 
-32790564.84478771 
-32790564.84478771 
-32790564.84478771 
-32790564.84478771 
-32790564.84478771 
-32790564.84478771 
-32790564.84478771 
-32790327.26476210 
-32790318.32397217 
-32790318.32397217 
-32790318.16148878 
-32790318.13604526 
-32790318.13604526 
-32790318.13604526 
-32790318.13604526 
-32790318.13604526 
-32790318.13604526 
-32790318.13604526 
-32790312.55069915 
-32790312.55069915 
-32790312.55069915 
-32790312.54967013 
-32790312.54967013 
