0.94524423 	0.81342886 	0.64080752 	0.10858671 	0.80741049 	0.03471335 	0.42029189 	0.69486902 	0.12338457 	0.70630696 	0.73413608 	0.80220797 	0.95820468 	0.40121969 	0.85099057 	0.42327226 	
0.94524423 	0.92671320 	0.64080752 	0.10858671 	0.80741049 	0.03471335 	0.42029189 	0.69486902 	0.12338457 	0.70630696 	0.73413608 	0.80220797 	0.95820468 	0.40121969 	0.85099057 	0.42327226 	
0.94524423 	0.92671320 	0.99774690 	0.10858671 	0.80741049 	0.03471335 	0.42029189 	0.69486902 	0.12338457 	0.70630696 	0.73413608 	0.80220797 	0.95820468 	0.40121969 	0.85099057 	0.42327226 	
0.94524423 	0.92671320 	0.99774690 	0.86739699 	0.80741049 	0.03471335 	0.42029189 	0.69486902 	0.12338457 	0.70630696 	0.73413608 	0.80220797 	0.95820468 	0.40121969 	0.85099057 	0.42327226 	
0.94524423 	0.92671320 	0.99774690 	0.86739699 	0.99310843 	0.03471335 	0.42029189 	0.69486902 	0.12338457 	0.70630696 	0.73413608 	0.80220797 	0.95820468 	0.40121969 	0.85099057 	0.42327226 	
0.94524423 	0.92671320 	0.99774690 	0.86739699 	0.99310843 	0.89537231 	0.42029189 	0.69486902 	0.12338457 	0.70630696 	0.73413608 	0.80220797 	0.95820468 	0.40121969 	0.85099057 	0.42327226 	
0.94524423 	0.92671320 	0.99774690 	0.86739699 	0.99310843 	0.89537231 	0.81397601 	0.69486902 	0.12338457 	0.70630696 	0.73413608 	0.80220797 	0.95820468 	0.40121969 	0.85099057 	0.42327226 	
0.94524423 	0.92671320 	0.99774690 	0.86739699 	0.99310843 	0.89537231 	0.81397601 	0.84638545 	0.12338457 	0.70630696 	0.73413608 	0.80220797 	0.95820468 	0.40121969 	0.85099057 	0.42327226 	
0.94524423 	0.92671320 	0.99774690 	0.86739699 	0.99310843 	0.89537231 	0.81397601 	0.84638545 	0.42794730 	0.70630696 	0.73413608 	0.80220797 	0.95820468 	0.40121969 	0.85099057 	0.42327226 	
0.94524423 	0.92671320 	0.99774690 	0.86739699 	0.99310843 	0.89537231 	0.81397601 	0.84638545 	0.42794730 	0.99821537 	0.73413608 	0.80220797 	0.95820468 	0.40121969 	0.85099057 	0.42327226 	
0.94524423 	0.92671320 	0.99774690 	0.86739699 	0.99310843 	0.89537231 	0.81397601 	0.84638545 	0.42794730 	0.99821537 	0.74053941 	0.80220797 	0.95820468 	0.40121969 	0.85099057 	0.42327226 	
0.94524423 	0.92671320 	0.99774690 	0.86739699 	0.99310843 	0.89537231 	0.81397601 	0.84638545 	0.42794730 	0.99821537 	0.74053941 	0.86156973 	0.95820468 	0.40121969 	0.85099057 	0.42327226 	
0.94524423 	0.92671320 	0.99774690 	0.86739699 	0.99310843 	0.89537231 	0.81397601 	0.84638545 	0.42794730 	0.99821537 	0.74053941 	0.86156973 	0.98261125 	0.40121969 	0.85099057 	0.42327226 	
0.94524423 	0.92671320 	0.99774690 	0.86739699 	0.99310843 	0.89537231 	0.81397601 	0.84638545 	0.42794730 	0.99821537 	0.74053941 	0.86156973 	0.98261125 	0.94969176 	0.85099057 	0.42327226 	
0.94524423 	0.92671320 	0.99774690 	0.86739699 	0.99310843 	0.89537231 	0.81397601 	0.84638545 	0.42794730 	0.99821537 	0.74053941 	0.86156973 	0.98261125 	0.94969176 	0.97443742 	0.42327226 	
0.94524423 	0.92671320 	0.99774690 	0.86739699 	0.99310843 	0.89537231 	0.81397601 	0.84638545 	0.42794730 	0.99821537 	0.74053941 	0.86156973 	0.98261125 	0.94969176 	0.97443742 	0.99929959 	
0.98652766 	0.92671320 	0.99774690 	0.86739699 	0.99310843 	0.89537231 	0.81397601 	0.84638545 	0.42794730 	0.99821537 	0.74053941 	0.86156973 	0.98261125 	0.94969176 	0.97443742 	0.99929959 	
0.98652766 	0.92671320 	0.99774690 	0.86739699 	0.99310843 	0.89537231 	0.81397601 	0.84638545 	0.42794730 	0.99821537 	0.74053941 	0.86156973 	0.98261125 	0.94969176 	0.97443742 	0.99929959 	
0.98652766 	0.92671320 	0.99857422 	0.86739699 	0.99310843 	0.89537231 	0.81397601 	0.84638545 	0.42794730 	0.99821537 	0.74053941 	0.86156973 	0.98261125 	0.94969176 	0.97443742 	0.99929959 	
0.98652766 	0.92671320 	0.99857422 	0.86739699 	0.99310843 	0.89537231 	0.81397601 	0.84638545 	0.42794730 	0.99821537 	0.74053941 	0.86156973 	0.98261125 	0.94969176 	0.97443742 	0.99929959 	
0.98652766 	0.92671320 	0.99857422 	0.86739699 	0.99742134 	0.89537231 	0.81397601 	0.84638545 	0.42794730 	0.99821537 	0.74053941 	0.86156973 	0.98261125 	0.94969176 	0.97443742 	0.99929959 	
0.98652766 	0.92671320 	0.99857422 	0.86739699 	0.99742134 	0.92768590 	0.81397601 	0.84638545 	0.42794730 	0.99821537 	0.74053941 	0.86156973 	0.98261125 	0.94969176 	0.97443742 	0.99929959 	
0.98652766 	0.92671320 	0.99857422 	0.86739699 	0.99742134 	0.92768590 	0.86392991 	0.84638545 	0.42794730 	0.99821537 	0.74053941 	0.86156973 	0.98261125 	0.94969176 	0.97443742 	0.99929959 	
0.98652766 	0.92671320 	0.99857422 	0.86739699 	0.99742134 	0.92768590 	0.86392991 	0.87385133 	0.42794730 	0.99821537 	0.74053941 	0.86156973 	0.98261125 	0.94969176 	0.97443742 	0.99929959 	
0.98652766 	0.92671320 	0.99857422 	0.86739699 	0.99742134 	0.92768590 	0.86392991 	0.87385133 	0.30239686 	0.99821537 	0.74053941 	0.86156973 	0.98261125 	0.94969176 	0.97443742 	0.99929959 	
0.98652766 	0.92671320 	0.99857422 	0.86739699 	0.99742134 	0.92768590 	0.86392991 	0.87385133 	0.30239686 	0.99821537 	0.74053941 	0.86156973 	0.98261125 	0.94969176 	0.97443742 	0.99929959 	
0.98652766 	0.92671320 	0.99857422 	0.86739699 	0.99742134 	0.92768590 	0.86392991 	0.87385133 	0.30239686 	0.99821537 	0.78542672 	0.86156973 	0.98261125 	0.94969176 	0.97443742 	0.99929959 	
0.98652766 	0.92671320 	0.99857422 	0.86739699 	0.99742134 	0.92768590 	0.86392991 	0.87385133 	0.30239686 	0.99821537 	0.78542672 	0.86732647 	0.98261125 	0.94969176 	0.97443742 	0.99929959 	
0.98652766 	0.92671320 	0.99857422 	0.86739699 	0.99742134 	0.92768590 	0.86392991 	0.87385133 	0.30239686 	0.99821537 	0.78542672 	0.86732647 	0.98938180 	0.94969176 	0.97443742 	0.99929959 	
0.98652766 	0.92671320 	0.99857422 	0.86739699 	0.99742134 	0.92768590 	0.86392991 	0.87385133 	0.30239686 	0.99821537 	0.78542672 	0.86732647 	0.98938180 	0.98120188 	0.97443742 	0.99929959 	
0.98652766 	0.92671320 	0.99857422 	0.86739699 	0.99742134 	0.92768590 	0.86392991 	0.87385133 	0.30239686 	0.99821537 	0.78542672 	0.86732647 	0.98938180 	0.98120188 	0.97443742 	0.99929959 	
0.98652766 	0.92671320 	0.99857422 	0.86739699 	0.99742134 	0.92768590 	0.86392991 	0.87385133 	0.30239686 	0.99821537 	0.78542672 	0.86732647 	0.98938180 	0.98120188 	0.97443742 	0.99929959 	
0.99525703 	0.92671320 	0.99857422 	0.86739699 	0.99742134 	0.92768590 	0.86392991 	0.87385133 	0.30239686 	0.99821537 	0.78542672 	0.86732647 	0.98938180 	0.98120188 	0.97443742 	0.99929959 	
0.99525703 	0.95208159 	0.99857422 	0.86739699 	0.99742134 	0.92768590 	0.86392991 	0.87385133 	0.30239686 	0.99821537 	0.78542672 	0.86732647 	0.98938180 	0.98120188 	0.97443742 	0.99929959 	
0.99525703 	0.95208159 	0.99857422 	0.86739699 	0.99742134 	0.92768590 	0.86392991 	0.87385133 	0.30239686 	0.99821537 	0.78542672 	0.86732647 	0.98938180 	0.98120188 	0.97443742 	0.99929959 	
0.99525703 	0.95208159 	0.99857422 	0.88500977 	0.99742134 	0.92768590 	0.86392991 	0.87385133 	0.30239686 	0.99821537 	0.78542672 	0.86732647 	0.98938180 	0.98120188 	0.97443742 	0.99929959 	
0.99525703 	0.95208159 	0.99857422 	0.88500977 	0.99994446 	0.92768590 	0.86392991 	0.87385133 	0.30239686 	0.99821537 	0.78542672 	0.86732647 	0.98938180 	0.98120188 	0.97443742 	0.99929959 	
0.99525703 	0.95208159 	0.99857422 	0.88500977 	0.99994446 	0.92956757 	0.86392991 	0.87385133 	0.30239686 	0.99821537 	0.78542672 	0.86732647 	0.98938180 	0.98120188 	0.97443742 	0.99929959 	
0.99525703 	0.95208159 	0.99857422 	0.88500977 	0.99994446 	0.92956757 	0.86392991 	0.87385133 	0.30239686 	0.99821537 	0.78542672 	0.86732647 	0.98938180 	0.98120188 	0.97443742 	0.99929959 	
0.99525703 	0.95208159 	0.99857422 	0.88500977 	0.99994446 	0.92956757 	0.86392991 	0.89447873 	0.30239686 	0.99821537 	0.78542672 	0.86732647 	0.98938180 	0.98120188 	0.97443742 	0.99929959 	
0.99525703 	0.95208159 	0.99857422 	0.88500977 	0.99994446 	0.92956757 	0.86392991 	0.89447873 	0.30436833 	0.99821537 	0.78542672 	0.86732647 	0.98938180 	0.98120188 	0.97443742 	0.99929959 	
0.99525703 	0.95208159 	0.99857422 	0.88500977 	0.99994446 	0.92956757 	0.86392991 	0.89447873 	0.30436833 	0.99821537 	0.78542672 	0.86732647 	0.98938180 	0.98120188 	0.97443742 	0.99929959 	
0.99525703 	0.95208159 	0.99857422 	0.88500977 	0.99994446 	0.92956757 	0.86392991 	0.89447873 	0.30436833 	0.99821537 	0.81899194 	0.86732647 	0.98938180 	0.98120188 	0.97443742 	0.99929959 	
0.99525703 	0.95208159 	0.99857422 	0.88500977 	0.99994446 	0.92956757 	0.86392991 	0.89447873 	0.30436833 	0.99821537 	0.81899194 	0.86978741 	0.98938180 	0.98120188 	0.97443742 	0.99929959 	
0.99525703 	0.95208159 	0.99857422 	0.88500977 	0.99994446 	0.92956757 	0.86392991 	0.89447873 	0.30436833 	0.99821537 	0.81899194 	0.86978741 	0.99265143 	0.98120188 	0.97443742 	0.99929959 	
0.99525703 	0.95208159 	0.99857422 	0.88500977 	0.99994446 	0.92956757 	0.86392991 	0.89447873 	0.30436833 	0.99821537 	0.81899194 	0.86978741 	0.99265143 	0.98120188 	0.97443742 	0.99929959 	
0.99525703 	0.95208159 	0.99857422 	0.88500977 	0.99994446 	0.92956757 	0.86392991 	0.89447873 	0.30436833 	0.99821537 	0.81899194 	0.86978741 	0.99265143 	0.98120188 	0.97838136 	0.99929959 	
0.99525703 	0.95208159 	0.99857422 	0.88500977 	0.99994446 	0.92956757 	0.86392991 	0.89447873 	0.30436833 	0.99821537 	0.81899194 	0.86978741 	0.99265143 	0.98120188 	0.97838136 	0.99929959 	
0.99525703 	0.95208159 	0.99857422 	0.88500977 	0.99994446 	0.92956757 	0.86392991 	0.89447873 	0.30436833 	0.99821537 	0.81899194 	0.86978741 	0.99265143 	0.98120188 	0.97838136 	0.99929959 	
0.99525703 	0.97630346 	0.99857422 	0.88500977 	0.99994446 	0.92956757 	0.86392991 	0.89447873 	0.30436833 	0.99821537 	0.81899194 	0.86978741 	0.99265143 	0.98120188 	0.97838136 	0.99929959 	
0.99525703 	0.97630346 	0.99857422 	0.88500977 	0.99994446 	0.92956757 	0.86392991 	0.89447873 	0.30436833 	0.99821537 	0.81899194 	0.86978741 	0.99265143 	0.98120188 	0.97838136 	0.99929959 	
0.99525703 	0.97630346 	0.99857422 	0.92707368 	0.99994446 	0.92956757 	0.86392991 	0.89447873 	0.30436833 	0.99821537 	0.81899194 	0.86978741 	0.99265143 	0.98120188 	0.97838136 	0.99929959 	
0.99525703 	0.97630346 	0.99857422 	0.92707368 	0.99994446 	0.92956757 	0.86392991 	0.89447873 	0.30436833 	0.99821537 	0.81899194 	0.86978741 	0.99265143 	0.98120188 	0.97838136 	0.99929959 	
0.99525703 	0.97630346 	0.99857422 	0.92707368 	0.99994446 	0.95563068 	0.86392991 	0.89447873 	0.30436833 	0.99821537 	0.81899194 	0.86978741 	0.99265143 	0.98120188 	0.97838136 	0.99929959 	
0.99525703 	0.97630346 	0.99857422 	0.92707368 	0.99994446 	0.95563068 	0.86392991 	0.89447873 	0.30436833 	0.99821537 	0.81899194 	0.86978741 	0.99265143 	0.98120188 	0.97838136 	0.99929959 	
0.99525703 	0.97630346 	0.99857422 	0.92707368 	0.99994446 	0.95563068 	0.86392991 	0.98856608 	0.30436833 	0.99821537 	0.81899194 	0.86978741 	0.99265143 	0.98120188 	0.97838136 	0.99929959 	
0.99525703 	0.97630346 	0.99857422 	0.92707368 	0.99994446 	0.95563068 	0.86392991 	0.98856608 	0.30239686 	0.99821537 	0.81899194 	0.86978741 	0.99265143 	0.98120188 	0.97838136 	0.99929959 	
0.99525703 	0.97630346 	0.99857422 	0.92707368 	0.99994446 	0.95563068 	0.86392991 	0.98856608 	0.30239686 	0.99821537 	0.81899194 	0.86978741 	0.99265143 	0.98120188 	0.97838136 	0.99929959 	
0.99525703 	0.97630346 	0.99857422 	0.92707368 	0.99994446 	0.95563068 	0.86392991 	0.98856608 	0.30239686 	0.99821537 	0.82453114 	0.86978741 	0.99265143 	0.98120188 	0.97838136 	0.99929959 	
0.99525703 	0.97630346 	0.99857422 	0.92707368 	0.99994446 	0.95563068 	0.86392991 	0.98856608 	0.30239686 	0.99821537 	0.82453114 	0.88444559 	0.99265143 	0.98120188 	0.97838136 	0.99929959 	
0.99525703 	0.97630346 	0.99857422 	0.92707368 	0.99994446 	0.95563068 	0.86392991 	0.98856608 	0.30239686 	0.99821537 	0.82453114 	0.88444559 	0.99936124 	0.98120188 	0.97838136 	0.99929959 	
0.99525703 	0.97630346 	0.99857422 	0.92707368 	0.99994446 	0.95563068 	0.86392991 	0.98856608 	0.30239686 	0.99821537 	0.82453114 	0.88444559 	0.99936124 	0.99987246 	0.97838136 	0.99929959 	
0.99525703 	0.97630346 	0.99857422 	0.92707368 	0.99994446 	0.95563068 	0.86392991 	0.98856608 	0.30239686 	0.99821537 	0.82453114 	0.88444559 	0.99936124 	0.99987246 	0.97940810 	0.99929959 	
0.99525703 	0.97630346 	0.99857422 	0.92707368 	0.99994446 	0.95563068 	0.86392991 	0.98856608 	0.30239686 	0.99821537 	0.82453114 	0.88444559 	0.99936124 	0.99987246 	0.97940810 	0.99929959 	
0.99931839 	0.97630346 	0.99857422 	0.92707368 	0.99994446 	0.95563068 	0.86392991 	0.98856608 	0.30239686 	0.99821537 	0.82453114 	0.88444559 	0.99936124 	0.99987246 	0.97940810 	0.99929959 	
0.99931839 	0.97873271 	0.99857422 	0.92707368 	0.99994446 	0.95563068 	0.86392991 	0.98856608 	0.30239686 	0.99821537 	0.82453114 	0.88444559 	0.99936124 	0.99987246 	0.97940810 	0.99929959 	
0.99931839 	0.97873271 	0.99975103 	0.92707368 	0.99994446 	0.95563068 	0.86392991 	0.98856608 	0.30239686 	0.99821537 	0.82453114 	0.88444559 	0.99936124 	0.99987246 	0.97940810 	0.99929959 	
0.99931839 	0.97873271 	0.99975103 	0.96426043 	0.99994446 	0.95563068 	0.86392991 	0.98856608 	0.30239686 	0.99821537 	0.82453114 	0.88444559 	0.99936124 	0.99987246 	0.97940810 	0.99929959 	
0.99931839 	0.97873271 	0.99975103 	0.96426043 	0.99994446 	0.95563068 	0.86392991 	0.98856608 	0.30239686 	0.99821537 	0.82453114 	0.88444559 	0.99936124 	0.99987246 	0.97940810 	0.99929959 	
0.99931839 	0.97873271 	0.99975103 	0.96426043 	0.99994446 	0.99234323 	0.86392991 	0.98856608 	0.30239686 	0.99821537 	0.82453114 	0.88444559 	0.99936124 	0.99987246 	0.97940810 	0.99929959 	
0.99931839 	0.97873271 	0.99975103 	0.96426043 	0.99994446 	0.99234323 	0.87694603 	0.98856608 	0.30239686 	0.99821537 	0.82453114 	0.88444559 	0.99936124 	0.99987246 	0.97940810 	0.99929959 	
0.99931839 	0.97873271 	0.99975103 	0.96426043 	0.99994446 	0.99234323 	0.87694603 	0.98919438 	0.30239686 	0.99821537 	0.82453114 	0.88444559 	0.99936124 	0.99987246 	0.97940810 	0.99929959 	
0.99931839 	0.97873271 	0.99975103 	0.96426043 	0.99994446 	0.99234323 	0.87694603 	0.98919438 	0.30239686 	0.99821537 	0.82453114 	0.88444559 	0.99936124 	0.99987246 	0.97940810 	0.99929959 	
0.99931839 	0.97873271 	0.99975103 	0.96426043 	0.99994446 	0.99234323 	0.87694603 	0.98919438 	0.30239686 	0.99912714 	0.82453114 	0.88444559 	0.99936124 	0.99987246 	0.97940810 	0.99929959 	
0.99931839 	0.97873271 	0.99975103 	0.96426043 	0.99994446 	0.99234323 	0.87694603 	0.98919438 	0.30239686 	0.99912714 	0.86364040 	0.88444559 	0.99936124 	0.99987246 	0.97940810 	0.99929959 	
0.99931839 	0.97873271 	0.99975103 	0.96426043 	0.99994446 	0.99234323 	0.87694603 	0.98919438 	0.30239686 	0.99912714 	0.86364040 	0.94202963 	0.99936124 	0.99987246 	0.97940810 	0.99929959 	
0.99931839 	0.97873271 	0.99975103 	0.96426043 	0.99994446 	0.99234323 	0.87694603 	0.98919438 	0.30239686 	0.99912714 	0.86364040 	0.94202963 	0.99936124 	0.99987246 	0.97940810 	0.99929959 	
0.99931839 	0.97873271 	0.99975103 	0.96426043 	0.99994446 	0.99234323 	0.87694603 	0.98919438 	0.30239686 	0.99912714 	0.86364040 	0.94202963 	0.99936124 	0.99987246 	0.97940810 	0.99929959 	
0.99931839 	0.97873271 	0.99975103 	0.96426043 	0.99994446 	0.99234323 	0.87694603 	0.98919438 	0.30239686 	0.99912714 	0.86364040 	0.94202963 	0.99936124 	0.99987246 	0.97951652 	0.99929959 	
0.99931839 	0.97873271 	0.99975103 	0.96426043 	0.99994446 	0.99234323 	0.87694603 	0.98919438 	0.30239686 	0.99912714 	0.86364040 	0.94202963 	0.99936124 	0.99987246 	0.97951652 	0.99929959 	
0.99931839 	0.97873271 	0.99975103 	0.96426043 	0.99994446 	0.99234323 	0.87694603 	0.98919438 	0.30239686 	0.99912714 	0.86364040 	0.94202963 	0.99936124 	0.99987246 	0.97951652 	0.99929959 	
0.99931839 	0.98941627 	0.99975103 	0.96426043 	0.99994446 	0.99234323 	0.87694603 	0.98919438 	0.30239686 	0.99912714 	0.86364040 	0.94202963 	0.99936124 	0.99987246 	0.97951652 	0.99929959 	
0.99931839 	0.98941627 	0.99993752 	0.96426043 	0.99994446 	0.99234323 	0.87694603 	0.98919438 	0.30239686 	0.99912714 	0.86364040 	0.94202963 	0.99936124 	0.99987246 	0.97951652 	0.99929959 	
0.99931839 	0.98941627 	0.99993752 	0.96426043 	0.99994446 	0.99234323 	0.87694603 	0.98919438 	0.30239686 	0.99912714 	0.86364040 	0.94202963 	0.99936124 	0.99987246 	0.97951652 	0.99929959 	
0.99931839 	0.98941627 	0.99993752 	0.96426043 	0.99995730 	0.99234323 	0.87694603 	0.98919438 	0.30239686 	0.99912714 	0.86364040 	0.94202963 	0.99936124 	0.99987246 	0.97951652 	0.99929959 	
0.99931839 	0.98941627 	0.99993752 	0.96426043 	0.99995730 	0.99234323 	0.87694603 	0.98919438 	0.30239686 	0.99912714 	0.86364040 	0.94202963 	0.99936124 	0.99987246 	0.97951652 	0.99929959 	
0.99931839 	0.98941627 	0.99993752 	0.96426043 	0.99995730 	0.99234323 	0.89365926 	0.98919438 	0.30239686 	0.99912714 	0.86364040 	0.94202963 	0.99936124 	0.99987246 	0.97951652 	0.99929959 	
0.99931839 	0.98941627 	0.99993752 	0.96426043 	0.99995730 	0.99234323 	0.89365926 	0.99690339 	0.30239686 	0.99912714 	0.86364040 	0.94202963 	0.99936124 	0.99987246 	0.97951652 	0.99929959 	
0.99931839 	0.98941627 	0.99993752 	0.96426043 	0.99995730 	0.99234323 	0.89365926 	0.99690339 	0.29934244 	0.99912714 	0.86364040 	0.94202963 	0.99936124 	0.99987246 	0.97951652 	0.99929959 	
0.99931839 	0.98941627 	0.99993752 	0.96426043 	0.99995730 	0.99234323 	0.89365926 	0.99690339 	0.29934244 	0.99949958 	0.86364040 	0.94202963 	0.99936124 	0.99987246 	0.97951652 	0.99929959 	
0.99931839 	0.98941627 	0.99993752 	0.96426043 	0.99995730 	0.99234323 	0.89365926 	0.99690339 	0.29934244 	0.99949958 	0.91631130 	0.94202963 	0.99936124 	0.99987246 	0.97951652 	0.99929959 	
0.99931839 	0.98941627 	0.99993752 	0.96426043 	0.99995730 	0.99234323 	0.89365926 	0.99690339 	0.29934244 	0.99949958 	0.91631130 	0.99529231 	0.99936124 	0.99987246 	0.97951652 	0.99929959 	
0.99931839 	0.98941627 	0.99993752 	0.96426043 	0.99995730 	0.99234323 	0.89365926 	0.99690339 	0.29934244 	0.99949958 	0.91631130 	0.99529231 	0.99964736 	0.99987246 	0.97951652 	0.99929959 	
0.99931839 	0.98941627 	0.99993752 	0.96426043 	0.99995730 	0.99234323 	0.89365926 	0.99690339 	0.29934244 	0.99949958 	0.91631130 	0.99529231 	0.99964736 	0.99987246 	0.97951652 	0.99929959 	
0.99931839 	0.98941627 	0.99993752 	0.96426043 	0.99995730 	0.99234323 	0.89365926 	0.99690339 	0.29934244 	0.99949958 	0.91631130 	0.99529231 	0.99964736 	0.99987246 	0.97951652 	0.99929959 	
0.99931839 	0.98941627 	0.99993752 	0.96426043 	0.99995730 	0.99234323 	0.89365926 	0.99690339 	0.29934244 	0.99949958 	0.91631130 	0.99529231 	0.99964736 	0.99987246 	0.97951652 	0.99956422 	
0.99991099 	0.98941627 	0.99993752 	0.96426043 	0.99995730 	0.99234323 	0.89365926 	0.99690339 	0.29934244 	0.99949958 	0.91631130 	0.99529231 	0.99964736 	0.99987246 	0.97951652 	0.99956422 	
0.99991099 	0.99264332 	0.99993752 	0.96426043 	0.99995730 	0.99234323 	0.89365926 	0.99690339 	0.29934244 	0.99949958 	0.91631130 	0.99529231 	0.99964736 	0.99987246 	0.97951652 	0.99956422 	
0.99991099 	0.99264332 	0.99994741 	0.96426043 	0.99995730 	0.99234323 	0.89365926 	0.99690339 	0.29934244 	0.99949958 	0.91631130 	0.99529231 	0.99964736 	0.99987246 	0.97951652 	0.99956422 	
0.99991099 	0.99264332 	0.99994741 	0.96426043 	0.99995730 	0.99234323 	0.89365926 	0.99690339 	0.29934244 	0.99949958 	0.91631130 	0.99529231 	0.99964736 	0.99987246 	0.97951652 	0.99956422 	
0.99991099 	0.99264332 	0.99994741 	0.96426043 	0.99995730 	0.99234323 	0.89365926 	0.99690339 	0.29934244 	0.99949958 	0.91631130 	0.99529231 	0.99964736 	0.99987246 	0.97951652 	0.99956422 	
0.99991099 	0.99264332 	0.99994741 	0.96426043 	0.99995730 	0.99234323 	0.89365926 	0.99690339 	0.29934244 	0.99949958 	0.91631130 	0.99529231 	0.99964736 	0.99987246 	0.97951652 	0.99956422 	
0.99991099 	0.99264332 	0.99994741 	0.96426043 	0.99995730 	0.99234323 	0.99445669 	0.99690339 	0.29934244 	0.99949958 	0.91631130 	0.99529231 	0.99964736 	0.99987246 	0.97951652 	0.99956422 	
0.99991099 	0.99264332 	0.99994741 	0.96426043 	0.99995730 	0.99234323 	0.99445669 	0.98856608 	0.29934244 	0.99949958 	0.91631130 	0.99529231 	0.99964736 	0.99987246 	0.97951652 	0.99956422 	
0.99991099 	0.99264332 	0.99994741 	0.96426043 	0.99995730 	0.99234323 	0.99445669 	0.98856608 	0.30026637 	0.99949958 	0.91631130 	0.99529231 	0.99964736 	0.99987246 	0.97951652 	0.99956422 	
0.99991099 	0.99264332 	0.99994741 	0.96426043 	0.99995730 	0.99234323 	0.99445669 	0.98856608 	0.30026637 	0.99950795 	0.91631130 	0.99529231 	0.99964736 	0.99987246 	0.97951652 	0.99956422 	
0.99991099 	0.99264332 	0.99994741 	0.96426043 	0.99995730 	0.99234323 	0.99445669 	0.98856608 	0.30026637 	0.99950795 	0.91904681 	0.99529231 	0.99964736 	0.99987246 	0.97951652 	0.99956422 	
0.99991099 	0.99264332 	0.99994741 	0.96426043 	0.99995730 	0.99234323 	0.99445669 	0.98856608 	0.30026637 	0.99950795 	0.91904681 	0.99529231 	0.99964736 	0.99987246 	0.97951652 	0.99956422 	
0.99991099 	0.99264332 	0.99994741 	0.96426043 	0.99995730 	0.99234323 	0.99445669 	0.98856608 	0.30026637 	0.99950795 	0.91904681 	0.99529231 	0.99965568 	0.99987246 	0.97951652 	0.99956422 	
0.99991099 	0.99264332 	0.99994741 	0.96426043 	0.99995730 	0.99234323 	0.99445669 	0.98856608 	0.30026637 	0.99950795 	0.91904681 	0.99529231 	0.99965568 	0.99994192 	0.97951652 	0.99956422 	
0.99991099 	0.99264332 	0.99994741 	0.96426043 	0.99995730 	0.99234323 	0.99445669 	0.98856608 	0.30026637 	0.99950795 	0.91904681 	0.99529231 	0.99965568 	0.99994192 	0.97951652 	0.99956422 	
0.99991099 	0.99264332 	0.99994741 	0.96426043 	0.99995730 	0.99234323 	0.99445669 	0.98856608 	0.30026637 	0.99950795 	0.91904681 	0.99529231 	0.99965568 	0.99994192 	0.97951652 	0.99989269 	
0.99991099 	0.99264332 	0.99994741 	0.96426043 	0.99995730 	0.99234323 	0.99445669 	0.98856608 	0.30026637 	0.99950795 	0.91904681 	0.99529231 	0.99965568 	0.99994192 	0.97951652 	0.99989269 	
0.99991099 	0.99802973 	0.99994741 	0.96426043 	0.99995730 	0.99234323 	0.99445669 	0.98856608 	0.30026637 	0.99950795 	0.91904681 	0.99529231 	0.99965568 	0.99994192 	0.97951652 	0.99989269 	
0.99991099 	0.99802973 	0.99999430 	0.96426043 	0.99995730 	0.99234323 	0.99445669 	0.98856608 	0.30026637 	0.99950795 	0.91904681 	0.99529231 	0.99965568 	0.99994192 	0.97951652 	0.99989269 	
0.99991099 	0.99802973 	0.99999430 	0.99893062 	0.99995730 	0.99234323 	0.99445669 	0.98856608 	0.30026637 	0.99950795 	0.91904681 	0.99529231 	0.99965568 	0.99994192 	0.97951652 	0.99989269 	
0.99991099 	0.99802973 	0.99999430 	0.99893062 	0.99995730 	0.99234323 	0.99445669 	0.98856608 	0.30026637 	0.99950795 	0.91904681 	0.99529231 	0.99965568 	0.99994192 	0.97951652 	0.99989269 	
0.99991099 	0.99802973 	0.99999430 	0.99893062 	0.99995730 	0.99748544 	0.99445669 	0.98856608 	0.30026637 	0.99950795 	0.91904681 	0.99529231 	0.99965568 	0.99994192 	0.97951652 	0.99989269 	
0.99991099 	0.99802973 	0.99999430 	0.99893062 	0.99995730 	0.99748544 	0.99445669 	0.98856608 	0.30026637 	0.99950795 	0.91904681 	0.99529231 	0.99965568 	0.99994192 	0.97951652 	0.99989269 	
0.99991099 	0.99802973 	0.99999430 	0.99893062 	0.99995730 	0.99748544 	0.99445669 	0.98772467 	0.30026637 	0.99950795 	0.91904681 	0.99529231 	0.99965568 	0.99994192 	0.97951652 	0.99989269 	
0.99991099 	0.99802973 	0.99999430 	0.99893062 	0.99995730 	0.99748544 	0.99445669 	0.98772467 	0.30026637 	0.99950795 	0.91904681 	0.99529231 	0.99965568 	0.99994192 	0.97951652 	0.99989269 	
0.99991099 	0.99802973 	0.99999430 	0.99893062 	0.99995730 	0.99748544 	0.99445669 	0.98772467 	0.30026637 	0.99967273 	0.91904681 	0.99529231 	0.99965568 	0.99994192 	0.97951652 	0.99989269 	
0.99991099 	0.99802973 	0.99999430 	0.99893062 	0.99995730 	0.99748544 	0.99445669 	0.98772467 	0.30026637 	0.99967273 	0.95203675 	0.99529231 	0.99965568 	0.99994192 	0.97951652 	0.99989269 	
0.99991099 	0.99802973 	0.99999430 	0.99893062 	0.99995730 	0.99748544 	0.99445669 	0.98772467 	0.30026637 	0.99967273 	0.95203675 	0.99529231 	0.99965568 	0.99994192 	0.97951652 	0.99989269 	
0.99991099 	0.99802973 	0.99999430 	0.99893062 	0.99995730 	0.99748544 	0.99445669 	0.98772467 	0.30026637 	0.99967273 	0.95203675 	0.99529231 	0.99965568 	0.99994192 	0.97951652 	0.99989269 	
0.99991099 	0.99802973 	0.99999430 	0.99893062 	0.99995730 	0.99748544 	0.99445669 	0.98772467 	0.30026637 	0.99967273 	0.95203675 	0.99529231 	0.99965568 	0.99994192 	0.97951652 	0.99989269 	
0.99991099 	0.99802973 	0.99999430 	0.99893062 	0.99995730 	0.99748544 	0.99445669 	0.98772467 	0.30026637 	0.99967273 	0.95203675 	0.99529231 	0.99965568 	0.99994192 	0.97951652 	0.99989269 	
0.99991099 	0.99802973 	0.99999430 	0.99893062 	0.99995730 	0.99748544 	0.99445669 	0.98772467 	0.30026637 	0.99967273 	0.95203675 	0.99529231 	0.99965568 	0.99994192 	0.97951652 	0.99992258 	
0.99996459 	0.99802973 	0.99999430 	0.99893062 	0.99995730 	0.99748544 	0.99445669 	0.98772467 	0.30026637 	0.99967273 	0.95203675 	0.99529231 	0.99965568 	0.99994192 	0.97951652 	0.99992258 	
0.99996459 	0.99832587 	0.99999430 	0.99893062 	0.99995730 	0.99748544 	0.99445669 	0.98772467 	0.30026637 	0.99967273 	0.95203675 	0.99529231 	0.99965568 	0.99994192 	0.97951652 	0.99992258 	
0.99996459 	0.99832587 	0.99999430 	0.99893062 	0.99995730 	0.99748544 	0.99445669 	0.98772467 	0.30026637 	0.99967273 	0.95203675 	0.99529231 	0.99965568 	0.99994192 	0.97951652 	0.99992258 	
0.99996459 	0.99832587 	0.99999430 	0.99893062 	0.99995730 	0.99748544 	0.99445669 	0.98772467 	0.30026637 	0.99967273 	0.95203675 	0.99529231 	0.99965568 	0.99994192 	0.97951652 	0.99992258 	
0.99996459 	0.99832587 	0.99999430 	0.99893062 	0.99995730 	0.99748544 	0.99445669 	0.98772467 	0.30026637 	0.99967273 	0.95203675 	0.99529231 	0.99965568 	0.99994192 	0.97951652 	0.99992258 	
0.99996459 	0.99832587 	0.99999430 	0.99893062 	0.99995730 	0.99873980 	0.99445669 	0.98772467 	0.30026637 	0.99967273 	0.95203675 	0.99529231 	0.99965568 	0.99994192 	0.97951652 	0.99992258 	
0.99996459 	0.99832587 	0.99999430 	0.99893062 	0.99995730 	0.99873980 	0.99854357 	0.98772467 	0.30026637 	0.99967273 	0.95203675 	0.99529231 	0.99965568 	0.99994192 	0.97951652 	0.99992258 	
0.99996459 	0.99832587 	0.99999430 	0.99893062 	0.99995730 	0.99873980 	0.99854357 	0.98605824 	0.30026637 	0.99967273 	0.95203675 	0.99529231 	0.99965568 	0.99994192 	0.97951652 	0.99992258 	
0.99996459 	0.99832587 	0.99999430 	0.99893062 	0.99995730 	0.99873980 	0.99854357 	0.98605824 	0.30054119 	0.99967273 	0.95203675 	0.99529231 	0.99965568 	0.99994192 	0.97951652 	0.99992258 	
0.99996459 	0.99832587 	0.99999430 	0.99893062 	0.99995730 	0.99873980 	0.99854357 	0.98605824 	0.30054119 	0.99972689 	0.95203675 	0.99529231 	0.99965568 	0.99994192 	0.97951652 	0.99992258 	
0.99996459 	0.99832587 	0.99999430 	0.99893062 	0.99995730 	0.99873980 	0.99854357 	0.98605824 	0.30054119 	0.99972689 	0.98740066 	0.99529231 	0.99965568 	0.99994192 	0.97951652 	0.99992258 	
0.99996459 	0.99832587 	0.99999430 	0.99893062 	0.99995730 	0.99873980 	0.99854357 	0.98605824 	0.30054119 	0.99972689 	0.98740066 	0.99914149 	0.99965568 	0.99994192 	0.97951652 	0.99992258 	
0.99996459 	0.99832587 	0.99999430 	0.99893062 	0.99995730 	0.99873980 	0.99854357 	0.98605824 	0.30054119 	0.99972689 	0.98740066 	0.99914149 	0.99986450 	0.99994192 	0.97951652 	0.99992258 	
0.99996459 	0.99832587 	0.99999430 	0.99893062 	0.99995730 	0.99873980 	0.99854357 	0.98605824 	0.30054119 	0.99972689 	0.98740066 	0.99914149 	0.99986450 	0.99994192 	0.97951652 	0.99992258 	
0.99996459 	0.99832587 	0.99999430 	0.99893062 	0.99995730 	0.99873980 	0.99854357 	0.98605824 	0.30054119 	0.99972689 	0.98740066 	0.99914149 	0.99986450 	0.99994192 	0.97951207 	0.99992258 	
0.99996459 	0.99832587 	0.99999430 	0.99893062 	0.99995730 	0.99873980 	0.99854357 	0.98605824 	0.30054119 	0.99972689 	0.98740066 	0.99914149 	0.99986450 	0.99994192 	0.97951207 	0.99992258 	
0.99996459 	0.99832587 	0.99999430 	0.99893062 	0.99995730 	0.99873980 	0.99854357 	0.98605824 	0.30054119 	0.99972689 	0.98740066 	0.99914149 	0.99986450 	0.99994192 	0.97951207 	0.99992258 	
0.99996459 	0.99956385 	0.99999430 	0.99893062 	0.99995730 	0.99873980 	0.99854357 	0.98605824 	0.30054119 	0.99972689 	0.98740066 	0.99914149 	0.99986450 	0.99994192 	0.97951207 	0.99992258 	
0.99996459 	0.99956385 	0.99999430 	0.99893062 	0.99995730 	0.99873980 	0.99854357 	0.98605824 	0.30054119 	0.99972689 	0.98740066 	0.99914149 	0.99986450 	0.99994192 	0.97951207 	0.99992258 	
0.99996459 	0.99956385 	0.99999430 	0.99893062 	0.99995730 	0.99873980 	0.99854357 	0.98605824 	0.30054119 	0.99972689 	0.98740066 	0.99914149 	0.99986450 	0.99994192 	0.97951207 	0.99992258 	
0.99996459 	0.99956385 	0.99999430 	0.99893062 	0.99996876 	0.99873980 	0.99854357 	0.98605824 	0.30054119 	0.99972689 	0.98740066 	0.99914149 	0.99986450 	0.99994192 	0.97951207 	0.99992258 	
0.99996459 	0.99956385 	0.99999430 	0.99893062 	0.99996876 	0.99873980 	0.99854357 	0.98605824 	0.30054119 	0.99972689 	0.98740066 	0.99914149 	0.99986450 	0.99994192 	0.97951207 	0.99992258 	
0.99996459 	0.99956385 	0.99999430 	0.99893062 	0.99996876 	0.99873980 	0.99854357 	0.98605824 	0.30054119 	0.99972689 	0.98740066 	0.99914149 	0.99986450 	0.99994192 	0.97951207 	0.99992258 	
0.99996459 	0.99956385 	0.99999430 	0.99893062 	0.99996876 	0.99873980 	0.99854357 	0.98601634 	0.30054119 	0.99972689 	0.98740066 	0.99914149 	0.99986450 	0.99994192 	0.97951207 	0.99992258 	
0.99996459 	0.99956385 	0.99999430 	0.99893062 	0.99996876 	0.99873980 	0.99854357 	0.98601634 	0.30054119 	0.99972689 	0.98740066 	0.99914149 	0.99986450 	0.99994192 	0.97951207 	0.99992258 	
0.99996459 	0.99956385 	0.99999430 	0.99893062 	0.99996876 	0.99873980 	0.99854357 	0.98601634 	0.30054119 	0.99972689 	0.98740066 	0.99914149 	0.99986450 	0.99994192 	0.97951207 	0.99992258 	
0.99996459 	0.99956385 	0.99999430 	0.99893062 	0.99996876 	0.99873980 	0.99854357 	0.98601634 	0.30054119 	0.99972689 	0.99130394 	0.99914149 	0.99986450 	0.99994192 	0.97951207 	0.99992258 	
0.99996459 	0.99956385 	0.99999430 	0.99893062 	0.99996876 	0.99873980 	0.99854357 	0.98601634 	0.30054119 	0.99972689 	0.99130394 	0.99995393 	0.99986450 	0.99994192 	0.97951207 	0.99992258 	
0.99996459 	0.99956385 	0.99999430 	0.99893062 	0.99996876 	0.99873980 	0.99854357 	0.98601634 	0.30054119 	0.99972689 	0.99130394 	0.99995393 	0.99993045 	0.99994192 	0.97951207 	0.99992258 	
0.99996459 	0.99956385 	0.99999430 	0.99893062 	0.99996876 	0.99873980 	0.99854357 	0.98601634 	0.30054119 	0.99972689 	0.99130394 	0.99995393 	0.99993045 	0.99994192 	0.97951207 	0.99992258 	
0.99996459 	0.99956385 	0.99999430 	0.99893062 	0.99996876 	0.99873980 	0.99854357 	0.98601634 	0.30054119 	0.99972689 	0.99130394 	0.99995393 	0.99993045 	0.99994192 	0.97782366 	0.99992258 	
0.99996459 	0.99956385 	0.99999430 	0.99893062 	0.99996876 	0.99873980 	0.99854357 	0.98601634 	0.30054119 	0.99972689 	0.99130394 	0.99995393 	0.99993045 	0.99994192 	0.97782366 	0.99992537 	
0.99999562 	0.99956385 	0.99999430 	0.99893062 	0.99996876 	0.99873980 	0.99854357 	0.98601634 	0.30054119 	0.99972689 	0.99130394 	0.99995393 	0.99993045 	0.99994192 	0.97782366 	0.99992537 	
0.99999562 	0.99986660 	0.99999430 	0.99893062 	0.99996876 	0.99873980 	0.99854357 	0.98601634 	0.30054119 	0.99972689 	0.99130394 	0.99995393 	0.99993045 	0.99994192 	0.97782366 	0.99992537 	
0.99999562 	0.99986660 	0.99999430 	0.99893062 	0.99996876 	0.99873980 	0.99854357 	0.98601634 	0.30054119 	0.99972689 	0.99130394 	0.99995393 	0.99993045 	0.99994192 	0.97782366 	0.99992537 	
0.99999562 	0.99986660 	0.99999430 	0.99957609 	0.99996876 	0.99873980 	0.99854357 	0.98601634 	0.30054119 	0.99972689 	0.99130394 	0.99995393 	0.99993045 	0.99994192 	0.97782366 	0.99992537 	
0.99999562 	0.99986660 	0.99999430 	0.99957609 	0.99998632 	0.99873980 	0.99854357 	0.98601634 	0.30054119 	0.99972689 	0.99130394 	0.99995393 	0.99993045 	0.99994192 	0.97782366 	0.99992537 	
0.99999562 	0.99986660 	0.99999430 	0.99957609 	0.99998632 	0.99935768 	0.99854357 	0.98601634 	0.30054119 	0.99972689 	0.99130394 	0.99995393 	0.99993045 	0.99994192 	0.97782366 	0.99992537 	
0.99999562 	0.99986660 	0.99999430 	0.99957609 	0.99998632 	0.99935768 	0.99865246 	0.98601634 	0.30054119 	0.99972689 	0.99130394 	0.99995393 	0.99993045 	0.99994192 	0.97782366 	0.99992537 	
0.99999562 	0.99986660 	0.99999430 	0.99957609 	0.99998632 	0.99935768 	0.99865246 	0.98601634 	0.30054119 	0.99972689 	0.99130394 	0.99995393 	0.99993045 	0.99994192 	0.97782366 	0.99992537 	
0.99999562 	0.99986660 	0.99999430 	0.99957609 	0.99998632 	0.99935768 	0.99865246 	0.98601634 	0.30067176 	0.99972689 	0.99130394 	0.99995393 	0.99993045 	0.99994192 	0.97782366 	0.99992537 	
0.99999562 	0.99986660 	0.99999430 	0.99957609 	0.99998632 	0.99935768 	0.99865246 	0.98601634 	0.30067176 	0.99972689 	0.99130394 	0.99995393 	0.99993045 	0.99994192 	0.97782366 	0.99992537 	
0.99999562 	0.99986660 	0.99999430 	0.99957609 	0.99998632 	0.99935768 	0.99865246 	0.98601634 	0.30067176 	0.99972689 	0.99130394 	0.99995393 	0.99993045 	0.99994192 	0.97782366 	0.99992537 	
0.99999562 	0.99986660 	0.99999430 	0.99957609 	0.99998632 	0.99935768 	0.99865246 	0.98601634 	0.30067176 	0.99972689 	0.99130394 	0.99995393 	0.99993045 	0.99994192 	0.97782366 	0.99992537 	
0.99999562 	0.99986660 	0.99999430 	0.99957609 	0.99998632 	0.99935768 	0.99865246 	0.98601634 	0.30067176 	0.99972689 	0.99130394 	0.99995393 	0.99994173 	0.99994192 	0.97782366 	0.99992537 	
0.99999562 	0.99986660 	0.99999430 	0.99957609 	0.99998632 	0.99935768 	0.99865246 	0.98601634 	0.30067176 	0.99972689 	0.99130394 	0.99995393 	0.99994173 	0.99999168 	0.97782366 	0.99992537 	
0.99999562 	0.99986660 	0.99999430 	0.99957609 	0.99998632 	0.99935768 	0.99865246 	0.98601634 	0.30067176 	0.99972689 	0.99130394 	0.99995393 	0.99994173 	0.99999168 	0.97850273 	0.99992537 	
0.99999562 	0.99986660 	0.99999430 	0.99957609 	0.99998632 	0.99935768 	0.99865246 	0.98601634 	0.30067176 	0.99972689 	0.99130394 	0.99995393 	0.99994173 	0.99999168 	0.97850273 	0.99992537 	
0.99999562 	0.99986660 	0.99999430 	0.99957609 	0.99998632 	0.99935768 	0.99865246 	0.98601634 	0.30067176 	0.99972689 	0.99130394 	0.99995393 	0.99994173 	0.99999168 	0.97850273 	0.99992537 	
0.99999562 	0.99999701 	0.99999430 	0.99957609 	0.99998632 	0.99935768 	0.99865246 	0.98601634 	0.30067176 	0.99972689 	0.99130394 	0.99995393 	0.99994173 	0.99999168 	0.97850273 	0.99992537 	
0.99999562 	0.99999701 	0.99999430 	0.99957609 	0.99998632 	0.99935768 	0.99865246 	0.98601634 	0.30067176 	0.99972689 	0.99130394 	0.99995393 	0.99994173 	0.99999168 	0.97850273 	0.99992537 	
0.99999562 	0.99999701 	0.99999430 	0.99957609 	0.99998632 	0.99935768 	0.99865246 	0.98601634 	0.30067176 	0.99972689 	0.99130394 	0.99995393 	0.99994173 	0.99999168 	0.97850273 	0.99992537 	
0.99999562 	0.99999701 	0.99999430 	0.99957609 	0.99998632 	0.99935768 	0.99865246 	0.98601634 	0.30067176 	0.99972689 	0.99130394 	0.99995393 	0.99994173 	0.99999168 	0.97850273 	0.99992537 	
0.99999562 	0.99999701 	0.99999430 	0.99957609 	0.99998632 	0.99961380 	0.99865246 	0.98601634 	0.30067176 	0.99972689 	0.99130394 	0.99995393 	0.99994173 	0.99999168 	0.97850273 	0.99992537 	
0.99999562 	0.99999701 	0.99999430 	0.99957609 	0.99998632 	0.99961380 	0.99979186 	0.98601634 	0.30067176 	0.99972689 	0.99130394 	0.99995393 	0.99994173 	0.99999168 	0.97850273 	0.99992537 	
0.99999562 	0.99999701 	0.99999430 	0.99957609 	0.99998632 	0.99961380 	0.99979186 	0.98541683 	0.30067176 	0.99972689 	0.99130394 	0.99995393 	0.99994173 	0.99999168 	0.97850273 	0.99992537 	
0.99999562 	0.99999701 	0.99999430 	0.99957609 	0.99998632 	0.99961380 	0.99979186 	0.98541683 	0.30054119 	0.99972689 	0.99130394 	0.99995393 	0.99994173 	0.99999168 	0.97850273 	0.99992537 	
0.99999562 	0.99999701 	0.99999430 	0.99957609 	0.99998632 	0.99961380 	0.99979186 	0.98541683 	0.30054119 	0.99997487 	0.99130394 	0.99995393 	0.99994173 	0.99999168 	0.97850273 	0.99992537 	
0.99999562 	0.99999701 	0.99999430 	0.99957609 	0.99998632 	0.99961380 	0.99979186 	0.98541683 	0.30054119 	0.99997487 	0.99879992 	0.99995393 	0.99994173 	0.99999168 	0.97850273 	0.99992537 	
0.99999562 	0.99999701 	0.99999430 	0.99957609 	0.99998632 	0.99961380 	0.99979186 	0.98541683 	0.30054119 	0.99997487 	0.99879992 	0.99998480 	0.99994173 	0.99999168 	0.97850273 	0.99992537 	
0.99999562 	0.99999701 	0.99999430 	0.99957609 	0.99998632 	0.99961380 	0.99979186 	0.98541683 	0.30054119 	0.99997487 	0.99879992 	0.99998480 	0.99995448 	0.99999168 	0.97850273 	0.99992537 	
0.99999562 	0.99999701 	0.99999430 	0.99957609 	0.99998632 	0.99961380 	0.99979186 	0.98541683 	0.30054119 	0.99997487 	0.99879992 	0.99998480 	0.99995448 	0.99999168 	0.97850273 	0.99992537 	
0.99999562 	0.99999701 	0.99999430 	0.99957609 	0.99998632 	0.99961380 	0.99979186 	0.98541683 	0.30054119 	0.99997487 	0.99879992 	0.99998480 	0.99995448 	0.99999168 	0.97850273 	0.99992537 	
0.99999562 	0.99999701 	0.99999430 	0.99957609 	0.99998632 	0.99961380 	0.99979186 	0.98541683 	0.30054119 	0.99997487 	0.99879992 	0.99998480 	0.99995448 	0.99999168 	0.97850273 	0.99992842 	
0.99999562 	0.99999701 	0.99999430 	0.99957609 	0.99998632 	0.99961380 	0.99979186 	0.98541683 	0.30054119 	0.99997487 	0.99879992 	0.99998480 	0.99995448 	0.99999168 	0.97850273 	0.99992842 	
0.99999562 	0.99999701 	0.99999430 	0.99957609 	0.99998632 	0.99961380 	0.99979186 	0.98541683 	0.30054119 	0.99997487 	0.99879992 	0.99998480 	0.99995448 	0.99999168 	0.97850273 	0.99992842 	
0.99999562 	0.99999701 	0.99999793 	0.99957609 	0.99998632 	0.99961380 	0.99979186 	0.98541683 	0.30054119 	0.99997487 	0.99879992 	0.99998480 	0.99995448 	0.99999168 	0.97850273 	0.99992842 	
0.99999562 	0.99999701 	0.99999793 	0.99974893 	0.99998632 	0.99961380 	0.99979186 	0.98541683 	0.30054119 	0.99997487 	0.99879992 	0.99998480 	0.99995448 	0.99999168 	0.97850273 	0.99992842 	
0.99999562 	0.99999701 	0.99999793 	0.99974893 	0.99998632 	0.99961380 	0.99979186 	0.98541683 	0.30054119 	0.99997487 	0.99879992 	0.99998480 	0.99995448 	0.99999168 	0.97850273 	0.99992842 	
0.99999562 	0.99999701 	0.99999793 	0.99974893 	0.99998632 	0.99971215 	0.99979186 	0.98541683 	0.30054119 	0.99997487 	0.99879992 	0.99998480 	0.99995448 	0.99999168 	0.97850273 	0.99992842 	
0.99999562 	0.99999701 	0.99999793 	0.99974893 	0.99998632 	0.99971215 	0.99990000 	0.98541683 	0.30054119 	0.99997487 	0.99879992 	0.99998480 	0.99995448 	0.99999168 	0.97850273 	0.99992842 	
0.99999562 	0.99999701 	0.99999793 	0.99974893 	0.99998632 	0.99971215 	0.99990000 	0.98522873 	0.30054119 	0.99997487 	0.99879992 	0.99998480 	0.99995448 	0.99999168 	0.97850273 	0.99992842 	
0.99999562 	0.99999701 	0.99999793 	0.99974893 	0.99998632 	0.99971215 	0.99990000 	0.98522873 	0.30054119 	0.99997487 	0.99879992 	0.99998480 	0.99995448 	0.99999168 	0.97850273 	0.99992842 	
0.99999562 	0.99999701 	0.99999793 	0.99974893 	0.99998632 	0.99971215 	0.99990000 	0.98522873 	0.30054119 	0.99997487 	0.99879992 	0.99998480 	0.99995448 	0.99999168 	0.97850273 	0.99992842 	
0.99999562 	0.99999701 	0.99999793 	0.99974893 	0.99998632 	0.99971215 	0.99990000 	0.98522873 	0.30054119 	0.99997487 	0.99879992 	0.99998480 	0.99995448 	0.99999168 	0.97850273 	0.99992842 	
0.99999562 	0.99999701 	0.99999793 	0.99974893 	0.99998632 	0.99971215 	0.99990000 	0.98522873 	0.30054119 	0.99997487 	0.99879992 	0.99998480 	0.99995448 	0.99999168 	0.97850273 	0.99992842 	
0.99999562 	0.99999701 	0.99999793 	0.99974893 	0.99998632 	0.99971215 	0.99990000 	0.98522873 	0.30054119 	0.99997487 	0.99879992 	0.99998480 	0.99996987 	0.99999168 	0.97850273 	0.99992842 	
0.99999562 	0.99999701 	0.99999793 	0.99974893 	0.99998632 	0.99971215 	0.99990000 	0.98522873 	0.30054119 	0.99997487 	0.99879992 	0.99998480 	0.99996987 	0.99999168 	0.97850273 	0.99992842 	
0.99999562 	0.99999701 	0.99999793 	0.99974893 	0.99998632 	0.99971215 	0.99990000 	0.98522873 	0.30054119 	0.99997487 	0.99879992 	0.99998480 	0.99996987 	0.99999168 	0.97850273 	0.99992842 	
0.99999562 	0.99999701 	0.99999793 	0.99974893 	0.99998632 	0.99971215 	0.99990000 	0.98522873 	0.30054119 	0.99997487 	0.99879992 	0.99998480 	0.99996987 	0.99999168 	0.97850273 	0.99996233 	
0.99999562 	0.99999701 	0.99999793 	0.99974893 	0.99998632 	0.99971215 	0.99990000 	0.98522873 	0.30054119 	0.99997487 	0.99879992 	0.99998480 	0.99996987 	0.99999168 	0.97850273 	0.99996233 	
0.99999562 	0.99999701 	0.99999793 	0.99974893 	0.99998632 	0.99971215 	0.99990000 	0.98522873 	0.30054119 	0.99997487 	0.99879992 	0.99998480 	0.99996987 	0.99999168 	0.97850273 	0.99996233 	
0.99999562 	0.99999701 	0.99999793 	0.99974893 	0.99998632 	0.99971215 	0.99990000 	0.98522873 	0.30054119 	0.99997487 	0.99879992 	0.99998480 	0.99996987 	0.99999168 	0.97850273 	0.99996233 	
0.99999562 	0.99999701 	0.99999793 	0.99974893 	0.99998632 	0.99971215 	0.99990000 	0.98522873 	0.30054119 	0.99997487 	0.99879992 	0.99998480 	0.99996987 	0.99999168 	0.97850273 	0.99996233 	
0.99999562 	0.99999701 	0.99999793 	0.99974893 	0.99998632 	0.99971215 	0.99990000 	0.98522873 	0.30054119 	0.99997487 	0.99879992 	0.99998480 	0.99996987 	0.99999168 	0.97850273 	0.99996233 	
0.99999562 	0.99999701 	0.99999793 	0.99974893 	0.99998632 	0.99971215 	0.99990000 	0.98522873 	0.30054119 	0.99997487 	0.99879992 	0.99998480 	0.99996987 	0.99999168 	0.97850273 	0.99996233 	
0.99999562 	0.99999701 	0.99999793 	0.99974893 	0.99998632 	0.99971215 	0.99990000 	0.98522873 	0.30054119 	0.99997487 	0.99879992 	0.99998480 	0.99996987 	0.99999168 	0.97850273 	0.99996233 	
0.99999562 	0.99999701 	0.99999793 	0.99974893 	0.99998632 	0.99971215 	0.99990000 	0.98275374 	0.30054119 	0.99997487 	0.99879992 	0.99998480 	0.99996987 	0.99999168 	0.97850273 	0.99996233 	
0.99999562 	0.99999701 	0.99999793 	0.99974893 	0.99998632 	0.99971215 	0.99990000 	0.98275374 	0.30055479 	0.99997487 	0.99879992 	0.99998480 	0.99996987 	0.99999168 	0.97850273 	0.99996233 	
0.99999562 	0.99999701 	0.99999793 	0.99974893 	0.99998632 	0.99971215 	0.99990000 	0.98275374 	0.30055479 	0.99997487 	0.99879992 	0.99998480 	0.99996987 	0.99999168 	0.97850273 	0.99996233 	
0.99999562 	0.99999701 	0.99999793 	0.99974893 	0.99998632 	0.99971215 	0.99990000 	0.98275374 	0.30055479 	0.99997487 	0.99922341 	0.99998480 	0.99996987 	0.99999168 	0.97850273 	0.99996233 	
0.99999562 	0.99999701 	0.99999793 	0.99974893 	0.99998632 	0.99971215 	0.99990000 	0.98275374 	0.30055479 	0.99997487 	0.99922341 	0.99998660 	0.99996987 	0.99999168 	0.97850273 	0.99996233 	
0.99999562 	0.99999701 	0.99999793 	0.99974893 	0.99998632 	0.99971215 	0.99990000 	0.98275374 	0.30055479 	0.99997487 	0.99922341 	0.99998660 	0.99999529 	0.99999168 	0.97850273 	0.99996233 	
0.99999562 	0.99999701 	0.99999793 	0.99974893 	0.99998632 	0.99971215 	0.99990000 	0.98275374 	0.30055479 	0.99997487 	0.99922341 	0.99998660 	0.99999529 	0.99999168 	0.97850273 	0.99996233 	
0.99999562 	0.99999701 	0.99999793 	0.99974893 	0.99998632 	0.99971215 	0.99990000 	0.98275374 	0.30055479 	0.99997487 	0.99922341 	0.99998660 	0.99999529 	0.99999168 	0.97850273 	0.99996233 	
0.99999562 	0.99999701 	0.99999793 	0.99974893 	0.99998632 	0.99971215 	0.99990000 	0.98275374 	0.30055479 	0.99997487 	0.99922341 	0.99998660 	0.99999529 	0.99999168 	0.97850273 	0.99997886 	
0.99999562 	0.99999701 	0.99999793 	0.99974893 	0.99998632 	0.99971215 	0.99990000 	0.98275374 	0.30055479 	0.99997487 	0.99922341 	0.99998660 	0.99999529 	0.99999168 	0.97850273 	0.99997886 	
0.99999562 	0.99999701 	0.99999793 	0.99974893 	0.99998632 	0.99971215 	0.99990000 	0.98275374 	0.30055479 	0.99997487 	0.99922341 	0.99998660 	0.99999529 	0.99999168 	0.97850273 	0.99997886 	
0.99999562 	0.99999701 	0.99999802 	0.99974893 	0.99998632 	0.99971215 	0.99990000 	0.98275374 	0.30055479 	0.99997487 	0.99922341 	0.99998660 	0.99999529 	0.99999168 	0.97850273 	0.99997886 	
0.99999562 	0.99999701 	0.99999802 	0.99993967 	0.99998632 	0.99971215 	0.99990000 	0.98275374 	0.30055479 	0.99997487 	0.99922341 	0.99998660 	0.99999529 	0.99999168 	0.97850273 	0.99997886 	
0.99999562 	0.99999701 	0.99999802 	0.99993967 	0.99998632 	0.99971215 	0.99990000 	0.98275374 	0.30055479 	0.99997487 	0.99922341 	0.99998660 	0.99999529 	0.99999168 	0.97850273 	0.99997886 	
0.99999562 	0.99999701 	0.99999802 	0.99993967 	0.99998632 	0.99997896 	0.99990000 	0.98275374 	0.30055479 	0.99997487 	0.99922341 	0.99998660 	0.99999529 	0.99999168 	0.97850273 	0.99997886 	
0.99999562 	0.99999701 	0.99999802 	0.99993967 	0.99998632 	0.99997896 	0.99996540 	0.98275374 	0.30055479 	0.99997487 	0.99922341 	0.99998660 	0.99999529 	0.99999168 	0.97850273 	0.99997886 	
0.99999562 	0.99999701 	0.99999802 	0.99993967 	0.99998632 	0.99997896 	0.99996540 	0.97784104 	0.30055479 	0.99997487 	0.99922341 	0.99998660 	0.99999529 	0.99999168 	0.97850273 	0.99997886 	
0.99999562 	0.99999701 	0.99999802 	0.99993967 	0.99998632 	0.99997896 	0.99996540 	0.97784104 	0.30055042 	0.99997487 	0.99922341 	0.99998660 	0.99999529 	0.99999168 	0.97850273 	0.99997886 	
0.99999562 	0.99999701 	0.99999802 	0.99993967 	0.99998632 	0.99997896 	0.99996540 	0.97784104 	0.30055042 	0.99998194 	0.99922341 	0.99998660 	0.99999529 	0.99999168 	0.97850273 	0.99997886 	
0.99999562 	0.99999701 	0.99999802 	0.99993967 	0.99998632 	0.99997896 	0.99996540 	0.97784104 	0.30055042 	0.99998194 	0.99987586 	0.99998660 	0.99999529 	0.99999168 	0.97850273 	0.99997886 	
0.99999562 	0.99999701 	0.99999802 	0.99993967 	0.99998632 	0.99997896 	0.99996540 	0.97784104 	0.30055042 	0.99998194 	0.99987586 	0.99998830 	0.99999529 	0.99999168 	0.97850273 	0.99997886 	
0.99999562 	0.99999701 	0.99999802 	0.99993967 	0.99998632 	0.99997896 	0.99996540 	0.97784104 	0.30055042 	0.99998194 	0.99987586 	0.99998830 	0.99999587 	0.99999168 	0.97850273 	0.99997886 	
0.99999562 	0.99999701 	0.99999802 	0.99993967 	0.99998632 	0.99997896 	0.99996540 	0.97784104 	0.30055042 	0.99998194 	0.99987586 	0.99998830 	0.99999587 	0.99999168 	0.97850273 	0.99997886 	
0.99999562 	0.99999701 	0.99999802 	0.99993967 	0.99998632 	0.99997896 	0.99996540 	0.97784104 	0.30055042 	0.99998194 	0.99987586 	0.99998830 	0.99999587 	0.99999168 	0.97850273 	0.99997886 	
0.99999562 	0.99999701 	0.99999802 	0.99993967 	0.99998632 	0.99997896 	0.99996540 	0.97784104 	0.30055042 	0.99998194 	0.99987586 	0.99998830 	0.99999587 	0.99999168 	0.97850273 	0.99997886 	
0.99999562 	0.99999701 	0.99999802 	0.99993967 	0.99998632 	0.99997896 	0.99996540 	0.97784104 	0.30055042 	0.99998194 	0.99987586 	0.99998830 	0.99999587 	0.99999168 	0.97850273 	0.99997886 	
0.99999562 	0.99999996 	0.99999802 	0.99993967 	0.99998632 	0.99997896 	0.99996540 	0.97784104 	0.30055042 	0.99998194 	0.99987586 	0.99998830 	0.99999587 	0.99999168 	0.97850273 	0.99997886 	
0.99999562 	0.99999996 	0.99999802 	0.99993967 	0.99998632 	0.99997896 	0.99996540 	0.97784104 	0.30055042 	0.99998194 	0.99987586 	0.99998830 	0.99999587 	0.99999168 	0.97850273 	0.99997886 	
0.99999562 	0.99999996 	0.99999802 	0.99993967 	0.99998632 	0.99997896 	0.99996540 	0.97784104 	0.30055042 	0.99998194 	0.99987586 	0.99998830 	0.99999587 	0.99999168 	0.97850273 	0.99997886 	
0.99999562 	0.99999996 	0.99999802 	0.99993967 	0.99998632 	0.99997896 	0.99996540 	0.97784104 	0.30055042 	0.99998194 	0.99987586 	0.99998830 	0.99999587 	0.99999168 	0.97850273 	0.99997886 	
0.99999562 	0.99999996 	0.99999802 	0.99993967 	0.99998632 	0.99997896 	0.99996540 	0.97784104 	0.30055042 	0.99998194 	0.99987586 	0.99998830 	0.99999587 	0.99999168 	0.97850273 	0.99997886 	
0.99999562 	0.99999996 	0.99999802 	0.99993967 	0.99998632 	0.99997896 	0.99996540 	0.97784104 	0.30055042 	0.99998194 	0.99987586 	0.99998830 	0.99999587 	0.99999168 	0.97850273 	0.99997886 	
0.99999562 	0.99999996 	0.99999802 	0.99993967 	0.99998632 	0.99997896 	0.99996540 	0.97863606 	0.30055042 	0.99998194 	0.99987586 	0.99998830 	0.99999587 	0.99999168 	0.97850273 	0.99997886 	
0.99999562 	0.99999996 	0.99999802 	0.99993967 	0.99998632 	0.99997896 	0.99996540 	0.97863606 	0.30055042 	0.99998194 	0.99987586 	0.99998830 	0.99999587 	0.99999168 	0.97850273 	0.99997886 	
0.99999562 	0.99999996 	0.99999802 	0.99993967 	0.99998632 	0.99997896 	0.99996540 	0.97863606 	0.30055042 	0.99999228 	0.99987586 	0.99998830 	0.99999587 	0.99999168 	0.97850273 	0.99997886 	
0.99999562 	0.99999996 	0.99999802 	0.99993967 	0.99998632 	0.99997896 	0.99996540 	0.97863606 	0.30055042 	0.99999228 	0.99991398 	0.99998830 	0.99999587 	0.99999168 	0.97850273 	0.99997886 	
0.99999562 	0.99999996 	0.99999802 	0.99993967 	0.99998632 	0.99997896 	0.99996540 	0.97863606 	0.30055042 	0.99999228 	0.99991398 	0.99998971 	0.99999587 	0.99999168 	0.97850273 	0.99997886 	
0.99999562 	0.99999996 	0.99999802 	0.99993967 	0.99998632 	0.99997896 	0.99996540 	0.97863606 	0.30055042 	0.99999228 	0.99991398 	0.99998971 	0.99999679 	0.99999168 	0.97850273 	0.99997886 	
0.99999562 	0.99999996 	0.99999802 	0.99993967 	0.99998632 	0.99997896 	0.99996540 	0.97863606 	0.30055042 	0.99999228 	0.99991398 	0.99998971 	0.99999679 	0.99999168 	0.97850273 	0.99997886 	
0.99999562 	0.99999996 	0.99999802 	0.99993967 	0.99998632 	0.99997896 	0.99996540 	0.97863606 	0.30055042 	0.99999228 	0.99991398 	0.99998971 	0.99999679 	0.99999168 	0.97849636 	0.99997886 	
0.99999562 	0.99999996 	0.99999802 	0.99993967 	0.99998632 	0.99997896 	0.99996540 	0.97863606 	0.30055042 	0.99999228 	0.99991398 	0.99998971 	0.99999679 	0.99999168 	0.97849636 	0.99997886 	
0.99999562 	0.99999996 	0.99999802 	0.99993967 	0.99998632 	0.99997896 	0.99996540 	0.97863606 	0.30055042 	0.99999228 	0.99991398 	0.99998971 	0.99999679 	0.99999168 	0.97849636 	0.99997886 	
0.99999562 	0.99999996 	0.99999802 	0.99993967 	0.99998632 	0.99997896 	0.99996540 	0.97863606 	0.30055042 	0.99999228 	0.99991398 	0.99998971 	0.99999679 	0.99999168 	0.97849636 	0.99997886 	
0.99999562 	0.99999996 	0.99999802 	0.99993967 	0.99998632 	0.99997896 	0.99996540 	0.97863606 	0.30055042 	0.99999228 	0.99991398 	0.99998971 	0.99999679 	0.99999168 	0.97849636 	0.99997886 	
0.99999562 	0.99999996 	0.99999802 	0.99993967 	0.99998632 	0.99997896 	0.99996540 	0.97863606 	0.30055042 	0.99999228 	0.99991398 	0.99998971 	0.99999679 	0.99999168 	0.97849636 	0.99997886 	
0.99999562 	0.99999996 	0.99999802 	0.99993967 	0.99998632 	0.99997896 	0.99996540 	0.97863606 	0.30055042 	0.99999228 	0.99991398 	0.99998971 	0.99999679 	0.99999168 	0.97849636 	0.99997886 	
0.99999562 	0.99999996 	0.99999802 	0.99993967 	0.99998632 	0.99999238 	0.99996540 	0.97863606 	0.30055042 	0.99999228 	0.99991398 	0.99998971 	0.99999679 	0.99999168 	0.97849636 	0.99997886 	
0.99999562 	0.99999996 	0.99999802 	0.99993967 	0.99998632 	0.99999238 	0.99996540 	0.97863606 	0.30055042 	0.99999228 	0.99991398 	0.99998971 	0.99999679 	0.99999168 	0.97849636 	0.99997886 	
0.99999562 	0.99999996 	0.99999802 	0.99993967 	0.99998632 	0.99999238 	0.99996540 	0.97863606 	0.30055042 	0.99999228 	0.99991398 	0.99998971 	0.99999679 	0.99999168 	0.97849636 	0.99997886 	
0.99999562 	0.99999996 	0.99999802 	0.99993967 	0.99998632 	0.99999238 	0.99996540 	0.97863606 	0.30055042 	0.99999228 	0.99991398 	0.99998971 	0.99999679 	0.99999168 	0.97849636 	0.99997886 	
0.99999562 	0.99999996 	0.99999802 	0.99993967 	0.99998632 	0.99999238 	0.99996540 	0.97863606 	0.30055042 	0.99999577 	0.99991398 	0.99998971 	0.99999679 	0.99999168 	0.97849636 	0.99997886 	
0.99999562 	0.99999996 	0.99999802 	0.99993967 	0.99998632 	0.99999238 	0.99996540 	0.97863606 	0.30055042 	0.99999577 	0.99992081 	0.99998971 	0.99999679 	0.99999168 	0.97849636 	0.99997886 	
0.99999562 	0.99999996 	0.99999802 	0.99993967 	0.99998632 	0.99999238 	0.99996540 	0.97863606 	0.30055042 	0.99999577 	0.99992081 	0.99999376 	0.99999679 	0.99999168 	0.97849636 	0.99997886 	
0.99999562 	0.99999996 	0.99999802 	0.99993967 	0.99998632 	0.99999238 	0.99996540 	0.97863606 	0.30055042 	0.99999577 	0.99992081 	0.99999376 	0.99999937 	0.99999168 	0.97849636 	0.99997886 	
0.99999562 	0.99999996 	0.99999802 	0.99993967 	0.99998632 	0.99999238 	0.99996540 	0.97863606 	0.30055042 	0.99999577 	0.99992081 	0.99999376 	0.99999937 	0.99999937 	0.97849636 	0.99997886 	
0.99999562 	0.99999996 	0.99999802 	0.99993967 	0.99998632 	0.99999238 	0.99996540 	0.97863606 	0.30055042 	0.99999577 	0.99992081 	0.99999376 	0.99999937 	0.99999937 	0.97849636 	0.99997886 	
0.99999562 	0.99999996 	0.99999802 	0.99993967 	0.99998632 	0.99999238 	0.99996540 	0.97863606 	0.30055042 	0.99999577 	0.99992081 	0.99999376 	0.99999937 	0.99999937 	0.97849636 	0.99997886 	
0.99999562 	0.99999996 	0.99999802 	0.99993967 	0.99998632 	0.99999238 	0.99996540 	0.97863606 	0.30055042 	0.99999577 	0.99992081 	0.99999376 	0.99999937 	0.99999937 	0.97849636 	0.99997886 	
0.99999562 	0.99999996 	0.99999802 	0.99993967 	0.99998632 	0.99999238 	0.99996540 	0.97863606 	0.30055042 	0.99999577 	0.99992081 	0.99999376 	0.99999937 	0.99999937 	0.97849636 	0.99997886 	
0.99999562 	0.99999996 	0.99999802 	0.99993967 	0.99998632 	0.99999238 	0.99996540 	0.97863606 	0.30055042 	0.99999577 	0.99992081 	0.99999376 	0.99999937 	0.99999937 	0.97849636 	0.99997886 	
0.99999562 	0.99999996 	0.99999802 	0.99996312 	0.99998632 	0.99999238 	0.99996540 	0.97863606 	0.30055042 	0.99999577 	0.99992081 	0.99999376 	0.99999937 	0.99999937 	0.97849636 	0.99997886 	
0.99999562 	0.99999996 	0.99999802 	0.99996312 	0.99998632 	0.99999238 	0.99996540 	0.97863606 	0.30055042 	0.99999577 	0.99992081 	0.99999376 	0.99999937 	0.99999937 	0.97849636 	0.99997886 	
0.99999562 	0.99999996 	0.99999802 	0.99996312 	0.99998632 	0.99999355 	0.99996540 	0.97863606 	0.30055042 	0.99999577 	0.99992081 	0.99999376 	0.99999937 	0.99999937 	0.97849636 	0.99997886 	
0.99999562 	0.99999996 	0.99999802 	0.99996312 	0.99998632 	0.99999355 	0.99998728 	0.97863606 	0.30055042 	0.99999577 	0.99992081 	0.99999376 	0.99999937 	0.99999937 	0.97849636 	0.99997886 	
0.99999562 	0.99999996 	0.99999802 	0.99996312 	0.99998632 	0.99999355 	0.99998728 	0.97863606 	0.30055042 	0.99999577 	0.99992081 	0.99999376 	0.99999937 	0.99999937 	0.97849636 	0.99997886 	
0.99999562 	0.99999996 	0.99999802 	0.99996312 	0.99998632 	0.99999355 	0.99998728 	0.97863606 	0.30055042 	0.99999577 	0.99992081 	0.99999376 	0.99999937 	0.99999937 	0.97849636 	0.99997886 	
0.99999562 	0.99999996 	0.99999802 	0.99996312 	0.99998632 	0.99999355 	0.99998728 	0.97863606 	0.30055042 	0.99999577 	0.99992081 	0.99999376 	0.99999937 	0.99999937 	0.97849636 	0.99997886 	
0.99999562 	0.99999996 	0.99999802 	0.99996312 	0.99998632 	0.99999355 	0.99998728 	0.97863606 	0.30055042 	0.99999577 	0.99992081 	0.99999376 	0.99999937 	0.99999937 	0.97849636 	0.99997886 	
0.99999562 	0.99999996 	0.99999802 	0.99996312 	0.99998632 	0.99999355 	0.99998728 	0.97863606 	0.30055042 	0.99999577 	0.99992081 	0.99999376 	0.99999937 	0.99999937 	0.97849636 	0.99997886 	
0.99999562 	0.99999996 	0.99999802 	0.99996312 	0.99998632 	0.99999355 	0.99998728 	0.97863606 	0.30055042 	0.99999577 	0.99992081 	0.99999376 	0.99999937 	0.99999937 	0.97849636 	0.99997886 	
0.99999562 	0.99999996 	0.99999802 	0.99996312 	0.99998632 	0.99999355 	0.99998728 	0.97863606 	0.30055042 	0.99999577 	0.99992081 	0.99999376 	0.99999937 	0.99999937 	0.97849636 	0.99997886 	
0.99999562 	0.99999996 	0.99999802 	0.99996312 	0.99998632 	0.99999355 	0.99998728 	0.97863606 	0.30055042 	0.99999577 	0.99992081 	0.99999376 	0.99999937 	0.99999937 	0.97798443 	0.99997886 	
0.99999562 	0.99999996 	0.99999802 	0.99996312 	0.99998632 	0.99999355 	0.99998728 	0.97863606 	0.30055042 	0.99999577 	0.99992081 	0.99999376 	0.99999937 	0.99999937 	0.97798443 	0.99999348 	
0.99999940 	0.99999996 	0.99999802 	0.99996312 	0.99998632 	0.99999355 	0.99998728 	0.97863606 	0.30055042 	0.99999577 	0.99992081 	0.99999376 	0.99999937 	0.99999937 	0.97798443 	0.99999348 	
0.99999940 	0.99999996 	0.99999802 	0.99996312 	0.99998632 	0.99999355 	0.99998728 	0.97863606 	0.30055042 	0.99999577 	0.99992081 	0.99999376 	0.99999937 	0.99999937 	0.97798443 	0.99999348 	
0.99999940 	0.99999996 	0.99999820 	0.99996312 	0.99998632 	0.99999355 	0.99998728 	0.97863606 	0.30055042 	0.99999577 	0.99992081 	0.99999376 	0.99999937 	0.99999937 	0.97798443 	0.99999348 	
0.99999940 	0.99999996 	0.99999820 	0.99996312 	0.99998632 	0.99999355 	0.99998728 	0.97863606 	0.30055042 	0.99999577 	0.99992081 	0.99999376 	0.99999937 	0.99999937 	0.97798443 	0.99999348 	
0.99999940 	0.99999996 	0.99999820 	0.99996312 	0.99998632 	0.99999355 	0.99998728 	0.97863606 	0.30055042 	0.99999577 	0.99992081 	0.99999376 	0.99999937 	0.99999937 	0.97798443 	0.99999348 	
0.99999940 	0.99999996 	0.99999820 	0.99996312 	0.99998632 	0.99999355 	0.99998728 	0.97863606 	0.30055042 	0.99999577 	0.99992081 	0.99999376 	0.99999937 	0.99999937 	0.97798443 	0.99999348 	
0.99999940 	0.99999996 	0.99999820 	0.99996312 	0.99998632 	0.99999355 	0.99998728 	0.97863606 	0.30055042 	0.99999577 	0.99992081 	0.99999376 	0.99999937 	0.99999937 	0.97798443 	0.99999348 	
0.99999940 	0.99999996 	0.99999820 	0.99996312 	0.99998632 	0.99999355 	0.99998728 	0.97945786 	0.30055042 	0.99999577 	0.99992081 	0.99999376 	0.99999937 	0.99999937 	0.97798443 	0.99999348 	
0.99999940 	0.99999996 	0.99999820 	0.99996312 	0.99998632 	0.99999355 	0.99998728 	0.97945786 	0.30055042 	0.99999577 	0.99992081 	0.99999376 	0.99999937 	0.99999937 	0.97798443 	0.99999348 	
0.99999940 	0.99999996 	0.99999820 	0.99996312 	0.99998632 	0.99999355 	0.99998728 	0.97945786 	0.30055042 	0.99999577 	0.99992081 	0.99999376 	0.99999937 	0.99999937 	0.97798443 	0.99999348 	
0.99999940 	0.99999996 	0.99999820 	0.99996312 	0.99998632 	0.99999355 	0.99998728 	0.97945786 	0.30055042 	0.99999577 	0.99992081 	0.99999376 	0.99999937 	0.99999937 	0.97798443 	0.99999348 	
0.99999940 	0.99999996 	0.99999820 	0.99996312 	0.99998632 	0.99999355 	0.99998728 	0.97945786 	0.30055042 	0.99999577 	0.99992081 	0.99999482 	0.99999937 	0.99999937 	0.97798443 	0.99999348 	
0.99999940 	0.99999996 	0.99999820 	0.99996312 	0.99998632 	0.99999355 	0.99998728 	0.97945786 	0.30055042 	0.99999577 	0.99992081 	0.99999482 	0.99999985 	0.99999937 	0.97798443 	0.99999348 	
0.99999940 	0.99999996 	0.99999820 	0.99996312 	0.99998632 	0.99999355 	0.99998728 	0.97945786 	0.30055042 	0.99999577 	0.99992081 	0.99999482 	0.99999985 	0.99999937 	0.97798443 	0.99999348 	
0.99999940 	0.99999996 	0.99999820 	0.99996312 	0.99998632 	0.99999355 	0.99998728 	0.97945786 	0.30055042 	0.99999577 	0.99992081 	0.99999482 	0.99999985 	0.99999937 	0.97798443 	0.99999348 	
0.99999940 	0.99999996 	0.99999820 	0.99996312 	0.99998632 	0.99999355 	0.99998728 	0.97945786 	0.30055042 	0.99999577 	0.99992081 	0.99999482 	0.99999985 	0.99999937 	0.97798443 	0.99999348 	
0.99999940 	0.99999996 	0.99999820 	0.99996312 	0.99998632 	0.99999355 	0.99998728 	0.97945786 	0.30055042 	0.99999577 	0.99992081 	0.99999482 	0.99999985 	0.99999937 	0.97798443 	0.99999348 	
0.99999940 	0.99999996 	0.99999820 	0.99996312 	0.99998632 	0.99999355 	0.99998728 	0.97945786 	0.30055042 	0.99999577 	0.99992081 	0.99999482 	0.99999985 	0.99999937 	0.97798443 	0.99999348 	
0.99999940 	0.99999996 	0.99999820 	0.99996312 	0.99998632 	0.99999355 	0.99998728 	0.97945786 	0.30055042 	0.99999577 	0.99992081 	0.99999482 	0.99999985 	0.99999937 	0.97798443 	0.99999348 	
0.99999940 	0.99999996 	0.99999820 	0.99998101 	0.99998632 	0.99999355 	0.99998728 	0.97945786 	0.30055042 	0.99999577 	0.99992081 	0.99999482 	0.99999985 	0.99999937 	0.97798443 	0.99999348 	
0.99999940 	0.99999996 	0.99999820 	0.99998101 	0.99998931 	0.99999355 	0.99998728 	0.97945786 	0.30055042 	0.99999577 	0.99992081 	0.99999482 	0.99999985 	0.99999937 	0.97798443 	0.99999348 	
0.99999940 	0.99999996 	0.99999820 	0.99998101 	0.99998931 	0.99999385 	0.99998728 	0.97945786 	0.30055042 	0.99999577 	0.99992081 	0.99999482 	0.99999985 	0.99999937 	0.97798443 	0.99999348 	
0.99999940 	0.99999996 	0.99999820 	0.99998101 	0.99998931 	0.99999385 	0.99998728 	0.97945786 	0.30055042 	0.99999577 	0.99992081 	0.99999482 	0.99999985 	0.99999937 	0.97798443 	0.99999348 	
0.99999940 	0.99999996 	0.99999820 	0.99998101 	0.99998931 	0.99999385 	0.99998728 	0.97945786 	0.30055042 	0.99999577 	0.99992081 	0.99999482 	0.99999985 	0.99999937 	0.97798443 	0.99999348 	
0.99999940 	0.99999996 	0.99999820 	0.99998101 	0.99998931 	0.99999385 	0.99998728 	0.97945786 	0.30059914 	0.99999577 	0.99992081 	0.99999482 	0.99999985 	0.99999937 	0.97798443 	0.99999348 	
0.99999940 	0.99999996 	0.99999820 	0.99998101 	0.99998931 	0.99999385 	0.99998728 	0.97945786 	0.30059914 	0.99999577 	0.99992081 	0.99999482 	0.99999985 	0.99999937 	0.97798443 	0.99999348 	
0.99999940 	0.99999996 	0.99999820 	0.99998101 	0.99998931 	0.99999385 	0.99998728 	0.97945786 	0.30059914 	0.99999577 	0.99999994 	0.99999482 	0.99999985 	0.99999937 	0.97798443 	0.99999348 	
0.99999940 	0.99999996 	0.99999820 	0.99998101 	0.99998931 	0.99999385 	0.99998728 	0.97945786 	0.30059914 	0.99999577 	0.99999994 	0.99999517 	0.99999985 	0.99999937 	0.97798443 	0.99999348 	
0.99999940 	0.99999996 	0.99999820 	0.99998101 	0.99998931 	0.99999385 	0.99998728 	0.97945786 	0.30059914 	0.99999577 	0.99999994 	0.99999517 	0.99999985 	0.99999937 	0.97798443 	0.99999348 	
0.99999940 	0.99999996 	0.99999820 	0.99998101 	0.99998931 	0.99999385 	0.99998728 	0.97945786 	0.30059914 	0.99999577 	0.99999994 	0.99999517 	0.99999985 	0.99999963 	0.97798443 	0.99999348 	
0.99999940 	0.99999996 	0.99999820 	0.99998101 	0.99998931 	0.99999385 	0.99998728 	0.97945786 	0.30059914 	0.99999577 	0.99999994 	0.99999517 	0.99999985 	0.99999963 	0.97798443 	0.99999348 	
0.99999940 	0.99999996 	0.99999820 	0.99998101 	0.99998931 	0.99999385 	0.99998728 	0.97945786 	0.30059914 	0.99999577 	0.99999994 	0.99999517 	0.99999985 	0.99999963 	0.97798443 	0.99999390 	
0.99999940 	0.99999996 	0.99999820 	0.99998101 	0.99998931 	0.99999385 	0.99998728 	0.97945786 	0.30059914 	0.99999577 	0.99999994 	0.99999517 	0.99999985 	0.99999963 	0.97798443 	0.99999390 	
0.99999940 	0.99999996 	0.99999820 	0.99998101 	0.99998931 	0.99999385 	0.99998728 	0.97945786 	0.30059914 	0.99999577 	0.99999994 	0.99999517 	0.99999985 	0.99999963 	0.97798443 	0.99999390 	
0.99999940 	0.99999996 	0.99999820 	0.99998101 	0.99998931 	0.99999385 	0.99998728 	0.97945786 	0.30059914 	0.99999577 	0.99999994 	0.99999517 	0.99999985 	0.99999963 	0.97798443 	0.99999390 	
0.99999940 	0.99999996 	0.99999820 	0.99998101 	0.99998931 	0.99999385 	0.99998728 	0.97945786 	0.30059914 	0.99999577 	0.99999994 	0.99999517 	0.99999985 	0.99999963 	0.97798443 	0.99999390 	
0.99999940 	0.99999996 	0.99999820 	0.99998101 	0.99998931 	0.99999385 	0.99998728 	0.97945786 	0.30059914 	0.99999577 	0.99999994 	0.99999517 	0.99999985 	0.99999963 	0.97798443 	0.99999390 	
0.99999940 	0.99999996 	0.99999820 	0.99998101 	0.99998931 	0.99999443 	0.99998728 	0.97945786 	0.30059914 	0.99999577 	0.99999994 	0.99999517 	0.99999985 	0.99999963 	0.97798443 	0.99999390 	
0.99999940 	0.99999996 	0.99999820 	0.99998101 	0.99998931 	0.99999443 	0.99998728 	0.97945786 	0.30059914 	0.99999577 	0.99999994 	0.99999517 	0.99999985 	0.99999963 	0.97798443 	0.99999390 	
0.99999940 	0.99999996 	0.99999820 	0.99998101 	0.99998931 	0.99999443 	0.99998728 	0.97945786 	0.30059914 	0.99999577 	0.99999994 	0.99999517 	0.99999985 	0.99999963 	0.97798443 	0.99999390 	
0.99999940 	0.99999996 	0.99999820 	0.99998101 	0.99998931 	0.99999443 	0.99998728 	0.97945786 	0.30059914 	0.99999577 	0.99999994 	0.99999517 	0.99999985 	0.99999963 	0.97798443 	0.99999390 	
0.99999940 	0.99999996 	0.99999820 	0.99998101 	0.99998931 	0.99999443 	0.99998728 	0.97945786 	0.30059914 	0.99999577 	0.99999994 	0.99999517 	0.99999985 	0.99999963 	0.97798443 	0.99999390 	
0.99999940 	0.99999996 	0.99999820 	0.99998101 	0.99998931 	0.99999443 	0.99998728 	0.97945786 	0.30059914 	0.99999577 	0.99999994 	0.99999517 	0.99999985 	0.99999963 	0.97798443 	0.99999390 	
0.99999940 	0.99999996 	0.99999820 	0.99998101 	0.99998931 	0.99999443 	0.99998728 	0.97945786 	0.30059914 	0.99999577 	0.99999994 	0.99999517 	0.99999985 	0.99999963 	0.97798443 	0.99999390 	
0.99999940 	0.99999996 	0.99999820 	0.99998101 	0.99998931 	0.99999443 	0.99998728 	0.97945786 	0.30059914 	0.99999577 	0.99999994 	0.99999517 	0.99999985 	0.99999963 	0.97798443 	0.99999390 	
0.99999940 	0.99999996 	0.99999820 	0.99998101 	0.99998931 	0.99999443 	0.99998728 	0.97945786 	0.30059914 	0.99999577 	0.99999994 	0.99999517 	0.99999985 	0.99999963 	0.97798443 	0.99999390 	
0.99999940 	0.99999996 	0.99999820 	0.99998101 	0.99998931 	0.99999443 	0.99998728 	0.97945786 	0.30059914 	0.99999577 	0.99999994 	0.99999517 	0.99999985 	0.99999963 	0.97798443 	0.99999390 	
0.99999940 	0.99999996 	0.99999820 	0.99998101 	0.99998931 	0.99999443 	0.99998728 	0.97945786 	0.30059914 	0.99999577 	0.99999994 	0.99999517 	0.99999985 	0.99999963 	0.97798443 	0.99999390 	
0.99999940 	0.99999996 	0.99999820 	0.99998101 	0.99998931 	0.99999443 	0.99998728 	0.97945786 	0.30059914 	0.99999577 	0.99999994 	0.99999517 	0.99999985 	0.99999963 	0.97798443 	0.99999390 	
0.99999940 	0.99999996 	0.99999820 	0.99998101 	0.99998931 	0.99999443 	0.99998728 	0.97945786 	0.30059914 	0.99999577 	0.99999994 	0.99999517 	0.99999985 	0.99999963 	0.97798443 	0.99999390 	
0.99999940 	0.99999996 	0.99999944 	0.99998101 	0.99998931 	0.99999443 	0.99998728 	0.97945786 	0.30059914 	0.99999577 	0.99999994 	0.99999517 	0.99999985 	0.99999963 	0.97798443 	0.99999390 	
0.99999940 	0.99999996 	0.99999944 	0.99998101 	0.99998931 	0.99999443 	0.99998728 	0.97945786 	0.30059914 	0.99999577 	0.99999994 	0.99999517 	0.99999985 	0.99999963 	0.97798443 	0.99999390 	
0.99999940 	0.99999996 	0.99999944 	0.99998101 	0.99999984 	0.99999443 	0.99998728 	0.97945786 	0.30059914 	0.99999577 	0.99999994 	0.99999517 	0.99999985 	0.99999963 	0.97798443 	0.99999390 	
0.99999940 	0.99999996 	0.99999944 	0.99998101 	0.99999984 	0.99999690 	0.99998728 	0.97945786 	0.30059914 	0.99999577 	0.99999994 	0.99999517 	0.99999985 	0.99999963 	0.97798443 	0.99999390 	
0.99999940 	0.99999996 	0.99999944 	0.99998101 	0.99999984 	0.99999690 	0.99998728 	0.97945786 	0.30059914 	0.99999577 	0.99999994 	0.99999517 	0.99999985 	0.99999963 	0.97798443 	0.99999390 	
0.99999940 	0.99999996 	0.99999944 	0.99998101 	0.99999984 	0.99999690 	0.99998728 	0.97945786 	0.30059914 	0.99999577 	0.99999994 	0.99999517 	0.99999985 	0.99999963 	0.97798443 	0.99999390 	
0.99999940 	0.99999996 	0.99999944 	0.99998101 	0.99999984 	0.99999690 	0.99998728 	0.97945786 	0.30059914 	0.99999577 	0.99999994 	0.99999517 	0.99999985 	0.99999963 	0.97798443 	0.99999390 	
0.99999940 	0.99999996 	0.99999944 	0.99998101 	0.99999984 	0.99999690 	0.99998728 	0.97945786 	0.30059914 	0.99999577 	0.99999994 	0.99999517 	0.99999985 	0.99999963 	0.97798443 	0.99999390 	
0.99999940 	0.99999996 	0.99999944 	0.99998101 	0.99999984 	0.99999690 	0.99998728 	0.97945786 	0.30059914 	0.99999577 	0.99999994 	0.99999517 	0.99999985 	0.99999963 	0.97798443 	0.99999390 	
0.99999940 	0.99999996 	0.99999944 	0.99998101 	0.99999984 	0.99999690 	0.99998728 	0.97945786 	0.30059914 	0.99999577 	0.99999994 	0.99999517 	0.99999985 	0.99999963 	0.97798443 	0.99999390 	
0.99999940 	0.99999996 	0.99999944 	0.99998101 	0.99999984 	0.99999690 	0.99998728 	0.97945786 	0.30059914 	0.99999577 	0.99999994 	0.99999517 	0.99999985 	0.99999963 	0.97798443 	0.99999390 	
0.99999940 	0.99999996 	0.99999944 	0.99998101 	0.99999984 	0.99999690 	0.99998728 	0.97945786 	0.30059914 	0.99999577 	0.99999994 	0.99999517 	0.99999985 	1.00000000 	0.97798443 	0.99999390 	
0.99999940 	0.99999996 	0.99999944 	0.99998101 	0.99999984 	0.99999690 	0.99998728 	0.97945786 	0.30059914 	0.99999577 	0.99999994 	0.99999517 	0.99999985 	1.00000000 	0.97798443 	0.99999390 	
0.99999940 	0.99999996 	0.99999944 	0.99998101 	0.99999984 	0.99999690 	0.99998728 	0.97945786 	0.30059914 	0.99999577 	0.99999994 	0.99999517 	0.99999985 	1.00000000 	0.97798443 	0.99999940 	
0.99999940 	0.99999996 	0.99999944 	0.99998101 	0.99999984 	0.99999690 	0.99998728 	0.97945786 	0.30059914 	0.99999577 	0.99999994 	0.99999517 	0.99999985 	1.00000000 	0.97798443 	0.99999940 	
0.99999940 	0.99999996 	0.99999944 	0.99998101 	0.99999984 	0.99999690 	0.99998728 	0.97945786 	0.30059914 	0.99999577 	0.99999994 	0.99999517 	0.99999985 	1.00000000 	0.97798443 	0.99999940 	
0.99999940 	0.99999996 	0.99999944 	0.99998101 	0.99999984 	0.99999690 	0.99998728 	0.97945786 	0.30059914 	0.99999577 	0.99999994 	0.99999517 	0.99999985 	1.00000000 	0.97798443 	0.99999940 	
0.99999940 	0.99999996 	0.99999944 	0.99998235 	0.99999984 	0.99999690 	0.99998728 	0.97945786 	0.30059914 	0.99999577 	0.99999994 	0.99999517 	0.99999985 	1.00000000 	0.97798443 	0.99999940 	
0.99999940 	0.99999996 	0.99999944 	0.99998235 	0.99999984 	0.99999690 	0.99998728 	0.97945786 	0.30059914 	0.99999577 	0.99999994 	0.99999517 	0.99999985 	1.00000000 	0.97798443 	0.99999940 	
0.99999940 	0.99999996 	0.99999944 	0.99998235 	0.99999984 	0.99999690 	0.99998728 	0.97945786 	0.30059914 	0.99999577 	0.99999994 	0.99999517 	0.99999985 	1.00000000 	0.97798443 	0.99999940 	
0.99999940 	0.99999996 	0.99999944 	0.99998235 	0.99999984 	0.99999690 	0.99998728 	0.97945786 	0.30059914 	0.99999577 	0.99999994 	0.99999517 	0.99999985 	1.00000000 	0.97798443 	0.99999940 	
0.99999940 	0.99999996 	0.99999944 	0.99998235 	0.99999984 	0.99999690 	0.99998728 	0.97919708 	0.30059914 	0.99999577 	0.99999994 	0.99999517 	0.99999985 	1.00000000 	0.97798443 	0.99999940 	
0.99999940 	0.99999996 	0.99999944 	0.99998235 	0.99999984 	0.99999690 	0.99998728 	0.97919708 	0.30059914 	0.99999577 	0.99999994 	0.99999517 	0.99999985 	1.00000000 	0.97798443 	0.99999940 	
0.99999940 	0.99999996 	0.99999944 	0.99998235 	0.99999984 	0.99999690 	0.99998728 	0.97919708 	0.30059914 	0.99999577 	0.99999994 	0.99999517 	0.99999985 	1.00000000 	0.97798443 	0.99999940 	
0.99999940 	0.99999996 	0.99999944 	0.99998235 	0.99999984 	0.99999690 	0.99998728 	0.97919708 	0.30059914 	0.99999577 	0.99999994 	0.99999517 	0.99999985 	1.00000000 	0.97798443 	0.99999940 	
0.99999940 	0.99999996 	0.99999944 	0.99998235 	0.99999984 	0.99999690 	0.99998728 	0.97919708 	0.30059914 	0.99999577 	0.99999994 	0.99999517 	0.99999985 	1.00000000 	0.97798443 	0.99999940 	
0.99999940 	0.99999996 	0.99999944 	0.99998235 	0.99999984 	0.99999690 	0.99998728 	0.97919708 	0.30059914 	0.99999577 	0.99999994 	0.99999517 	0.99999985 	1.00000000 	0.97798443 	0.99999940 	
0.99999940 	0.99999996 	0.99999944 	0.99998235 	0.99999984 	0.99999690 	0.99998728 	0.97919708 	0.30059914 	0.99999577 	0.99999994 	0.99999517 	0.99999985 	1.00000000 	0.97798443 	0.99999940 	
0.99999940 	0.99999996 	0.99999944 	0.99998235 	0.99999984 	0.99999690 	0.99998728 	0.97919708 	0.30059914 	0.99999577 	0.99999994 	0.99999517 	0.99999985 	1.00000000 	0.97802046 	0.99999940 	
0.99999940 	0.99999996 	0.99999944 	0.99998235 	0.99999984 	0.99999690 	0.99998728 	0.97919708 	0.30059914 	0.99999577 	0.99999994 	0.99999517 	0.99999985 	1.00000000 	0.97802046 	0.99999940 	
0.99999940 	0.99999996 	0.99999944 	0.99998235 	0.99999984 	0.99999690 	0.99998728 	0.97919708 	0.30059914 	0.99999577 	0.99999994 	0.99999517 	0.99999985 	1.00000000 	0.97802046 	0.99999940 	
0.99999940 	0.99999996 	0.99999944 	0.99998235 	0.99999984 	0.99999690 	0.99998728 	0.97919708 	0.30059914 	0.99999577 	0.99999994 	0.99999517 	0.99999985 	1.00000000 	0.97802046 	0.99999940 	
0.99999940 	0.99999996 	0.99999944 	0.99998235 	0.99999984 	0.99999690 	0.99998728 	0.97919708 	0.30059914 	0.99999577 	0.99999994 	0.99999517 	0.99999985 	1.00000000 	0.97802046 	0.99999940 	
0.99999940 	0.99999996 	0.99999944 	0.99998235 	0.99999984 	0.99999690 	0.99998728 	0.97919708 	0.30059914 	0.99999577 	0.99999994 	0.99999517 	0.99999985 	1.00000000 	0.97802046 	0.99999940 	
0.99999940 	0.99999996 	0.99999944 	0.99998235 	0.99999984 	0.99999690 	0.99998728 	0.97919708 	0.30059914 	0.99999577 	0.99999994 	0.99999517 	0.99999985 	1.00000000 	0.97802046 	0.99999940 	
0.99999940 	0.99999996 	0.99999944 	0.99998235 	0.99999984 	0.99999690 	0.99998728 	0.97919708 	0.30059914 	0.99999577 	0.99999994 	0.99999517 	0.99999985 	1.00000000 	0.97802046 	0.99999940 	
0.99999940 	0.99999996 	0.99999944 	0.99998235 	0.99999984 	0.99999690 	0.99998728 	0.97919708 	0.30059914 	0.99999577 	0.99999994 	0.99999517 	0.99999985 	1.00000000 	0.97802046 	0.99999940 	
0.99999940 	0.99999996 	0.99999944 	0.99998235 	0.99999984 	0.99999690 	0.99998728 	0.97919708 	0.30059914 	0.99999577 	0.99999994 	0.99999517 	0.99999985 	1.00000000 	0.97802046 	0.99999940 	
0.99999940 	0.99999996 	0.99999944 	0.99998235 	0.99999984 	0.99999690 	0.99998728 	0.97919708 	0.30059914 	0.99999577 	0.99999994 	0.99999517 	0.99999985 	1.00000000 	0.97802046 	0.99999940 	
0.99999940 	0.99999996 	0.99999944 	0.99998235 	0.99999984 	0.99999690 	0.99998728 	0.97919708 	0.30059914 	0.99999577 	0.99999994 	0.99999517 	0.99999985 	1.00000000 	0.97802046 	0.99999940 	
0.99999940 	0.99999996 	0.99999944 	0.99998235 	0.99999984 	0.99999690 	0.99998728 	0.97919708 	0.30059914 	0.99999577 	0.99999994 	0.99999517 	0.99999985 	1.00000000 	0.97802046 	0.99999940 	
0.99999940 	0.99999996 	0.99999944 	0.99998235 	0.99999984 	0.99999690 	0.99998728 	0.97919708 	0.30059914 	0.99999577 	0.99999994 	0.99999517 	0.99999985 	1.00000000 	0.97802046 	0.99999940 	
0.99999940 	0.99999996 	0.99999944 	0.99998235 	0.99999984 	0.99999690 	0.99998728 	0.97919708 	0.30059914 	0.99999577 	0.99999994 	0.99999517 	0.99999985 	1.00000000 	0.97802046 	0.99999940 	
0.99999940 	0.99999996 	0.99999944 	0.99998235 	0.99999984 	0.99999690 	0.99998728 	0.97919708 	0.30059914 	0.99999577 	0.99999994 	0.99999517 	0.99999985 	1.00000000 	0.97802046 	0.99999940 	
0.99999940 	0.99999996 	0.99999944 	0.99998235 	0.99999984 	0.99999690 	0.99998728 	0.97919708 	0.30059914 	0.99999577 	0.99999994 	0.99999517 	0.99999985 	1.00000000 	0.97808730 	0.99999940 	
0.99999940 	0.99999996 	0.99999944 	0.99998235 	0.99999984 	0.99999690 	0.99998728 	0.97919708 	0.30059914 	0.99999577 	0.99999994 	0.99999517 	0.99999985 	1.00000000 	0.97808730 	0.99999940 	
0.99999940 	0.99999996 	0.99999944 	0.99998235 	0.99999984 	0.99999690 	0.99998728 	0.97919708 	0.30059914 	0.99999577 	0.99999994 	0.99999517 	0.99999985 	1.00000000 	0.97808730 	0.99999940 	
0.99999940 	0.99999996 	0.99999944 	0.99998235 	0.99999984 	0.99999690 	0.99998728 	0.97919708 	0.30059914 	0.99999577 	0.99999994 	0.99999517 	0.99999985 	1.00000000 	0.97808730 	0.99999940 	
0.99999940 	0.99999996 	0.99999981 	0.99998235 	0.99999984 	0.99999690 	0.99998728 	0.97919708 	0.30059914 	0.99999577 	0.99999994 	0.99999517 	0.99999985 	1.00000000 	0.97808730 	0.99999940 	
0.99999940 	0.99999996 	0.99999981 	0.99998235 	0.99999984 	0.99999690 	0.99998728 	0.97919708 	0.30059914 	0.99999577 	0.99999994 	0.99999517 	0.99999985 	1.00000000 	0.97808730 	0.99999940 	
0.99999940 	0.99999996 	0.99999981 	0.99998235 	0.99999984 	0.99999690 	0.99998728 	0.97919708 	0.30059914 	0.99999577 	0.99999994 	0.99999517 	0.99999985 	1.00000000 	0.97808730 	0.99999940 	
0.99999940 	0.99999996 	0.99999981 	0.99998235 	0.99999984 	0.99999743 	0.99998728 	0.97919708 	0.30059914 	0.99999577 	0.99999994 	0.99999517 	0.99999985 	1.00000000 	0.97808730 	0.99999940 	
0.99999940 	0.99999996 	0.99999981 	0.99998235 	0.99999984 	0.99999743 	0.99998728 	0.97919708 	0.30059914 	0.99999577 	0.99999994 	0.99999517 	0.99999985 	1.00000000 	0.97808730 	0.99999940 	
0.99999940 	0.99999996 	0.99999981 	0.99998235 	0.99999984 	0.99999743 	0.99998728 	0.97919708 	0.30059914 	0.99999577 	0.99999994 	0.99999517 	0.99999985 	1.00000000 	0.97808730 	0.99999940 	
0.99999940 	0.99999996 	0.99999981 	0.99998235 	0.99999984 	0.99999743 	0.99998728 	0.97919708 	0.30059914 	0.99999577 	0.99999994 	0.99999517 	0.99999985 	1.00000000 	0.97808730 	0.99999940 	
0.99999940 	0.99999996 	0.99999981 	0.99998235 	0.99999984 	0.99999743 	0.99998728 	0.97919708 	0.30059914 	0.99999577 	0.99999994 	0.99999517 	0.99999985 	1.00000000 	0.97808730 	0.99999940 	
0.99999940 	0.99999996 	0.99999981 	0.99998235 	0.99999984 	0.99999743 	0.99998728 	0.97919708 	0.30059914 	0.99999577 	0.99999994 	0.99999517 	0.99999985 	1.00000000 	0.97808730 	0.99999940 	
0.99999940 	0.99999996 	0.99999981 	0.99998235 	0.99999984 	0.99999743 	0.99998728 	0.97919708 	0.30059914 	0.99999577 	0.99999994 	0.99999798 	0.99999985 	1.00000000 	0.97808730 	0.99999940 	
0.99999940 	0.99999996 	0.99999981 	0.99998235 	0.99999984 	0.99999743 	0.99998728 	0.97919708 	0.30059914 	0.99999577 	0.99999994 	0.99999798 	0.99999985 	1.00000000 	0.97808730 	0.99999940 	
0.99999940 	0.99999996 	0.99999981 	0.99998235 	0.99999984 	0.99999743 	0.99998728 	0.97919708 	0.30059914 	0.99999577 	0.99999994 	0.99999798 	0.99999985 	1.00000000 	0.97808730 	0.99999940 	
0.99999940 	0.99999996 	0.99999981 	0.99998235 	0.99999984 	0.99999743 	0.99998728 	0.97919708 	0.30059914 	0.99999577 	0.99999994 	0.99999798 	0.99999985 	1.00000000 	0.97808730 	0.99999940 	
0.99999940 	0.99999996 	0.99999981 	0.99998235 	0.99999984 	0.99999743 	0.99998728 	0.97919708 	0.30059914 	0.99999577 	0.99999994 	0.99999798 	0.99999985 	1.00000000 	0.97808730 	0.99999953 	
