0.93754542 	0.83195548 	0.58074643 	0.86913468 	0.61229616 	0.91288575 	0.54573591 	0.72163510 	0.31735427 	0.29389662 	0.74189602 	0.64538138 	0.01511416 	0.48080718 	0.23875717 	0.77663213 	
0.93754542 	0.90869640 	0.58074643 	0.86913468 	0.61229616 	0.91288575 	0.54573591 	0.72163510 	0.31735427 	0.29389662 	0.74189602 	0.64538138 	0.01511416 	0.48080718 	0.23875717 	0.77663213 	
0.93754542 	0.90869640 	0.83531761 	0.86913468 	0.61229616 	0.91288575 	0.54573591 	0.72163510 	0.31735427 	0.29389662 	0.74189602 	0.64538138 	0.01511416 	0.48080718 	0.23875717 	0.77663213 	
0.93754542 	0.90869640 	0.83531761 	0.89647030 	0.61229616 	0.91288575 	0.54573591 	0.72163510 	0.31735427 	0.29389662 	0.74189602 	0.64538138 	0.01511416 	0.48080718 	0.23875717 	0.77663213 	
0.93754542 	0.90869640 	0.83531761 	0.89647030 	0.97830195 	0.91288575 	0.54573591 	0.72163510 	0.31735427 	0.29389662 	0.74189602 	0.64538138 	0.01511416 	0.48080718 	0.23875717 	0.77663213 	
0.93754542 	0.90869640 	0.83531761 	0.89647030 	0.97830195 	0.99103234 	0.54573591 	0.72163510 	0.31735427 	0.29389662 	0.74189602 	0.64538138 	0.01511416 	0.48080718 	0.23875717 	0.77663213 	
0.93754542 	0.90869640 	0.83531761 	0.89647030 	0.97830195 	0.99103234 	0.87274228 	0.72163510 	0.31735427 	0.29389662 	0.74189602 	0.64538138 	0.01511416 	0.48080718 	0.23875717 	0.77663213 	
0.93754542 	0.90869640 	0.83531761 	0.89647030 	0.97830195 	0.99103234 	0.87274228 	0.88202069 	0.31735427 	0.29389662 	0.74189602 	0.64538138 	0.01511416 	0.48080718 	0.23875717 	0.77663213 	
0.93754542 	0.90869640 	0.83531761 	0.89647030 	0.97830195 	0.99103234 	0.87274228 	0.88202069 	0.53230167 	0.29389662 	0.74189602 	0.64538138 	0.01511416 	0.48080718 	0.23875717 	0.77663213 	
0.93754542 	0.90869640 	0.83531761 	0.89647030 	0.97830195 	0.99103234 	0.87274228 	0.88202069 	0.53230167 	0.98079508 	0.74189602 	0.64538138 	0.01511416 	0.48080718 	0.23875717 	0.77663213 	
0.93754542 	0.90869640 	0.83531761 	0.89647030 	0.97830195 	0.99103234 	0.87274228 	0.88202069 	0.53230167 	0.98079508 	0.85395336 	0.64538138 	0.01511416 	0.48080718 	0.23875717 	0.77663213 	
0.93754542 	0.90869640 	0.83531761 	0.89647030 	0.97830195 	0.99103234 	0.87274228 	0.88202069 	0.53230167 	0.98079508 	0.85395336 	0.84500501 	0.01511416 	0.48080718 	0.23875717 	0.77663213 	
0.93754542 	0.90869640 	0.83531761 	0.89647030 	0.97830195 	0.99103234 	0.87274228 	0.88202069 	0.53230167 	0.98079508 	0.85395336 	0.84500501 	0.88928855 	0.48080718 	0.23875717 	0.77663213 	
0.93754542 	0.90869640 	0.83531761 	0.89647030 	0.97830195 	0.99103234 	0.87274228 	0.88202069 	0.53230167 	0.98079508 	0.85395336 	0.84500501 	0.88928855 	0.93625286 	0.23875717 	0.77663213 	
0.93754542 	0.90869640 	0.83531761 	0.89647030 	0.97830195 	0.99103234 	0.87274228 	0.88202069 	0.53230167 	0.98079508 	0.85395336 	0.84500501 	0.88928855 	0.93625286 	0.95129348 	0.77663213 	
0.93754542 	0.90869640 	0.83531761 	0.89647030 	0.97830195 	0.99103234 	0.87274228 	0.88202069 	0.53230167 	0.98079508 	0.85395336 	0.84500501 	0.88928855 	0.93625286 	0.95129348 	0.89132531 	
0.99723798 	0.90869640 	0.83531761 	0.89647030 	0.97830195 	0.99103234 	0.87274228 	0.88202069 	0.53230167 	0.98079508 	0.85395336 	0.84500501 	0.88928855 	0.93625286 	0.95129348 	0.89132531 	
0.99723798 	0.91668513 	0.83531761 	0.89647030 	0.97830195 	0.99103234 	0.87274228 	0.88202069 	0.53230167 	0.98079508 	0.85395336 	0.84500501 	0.88928855 	0.93625286 	0.95129348 	0.89132531 	
0.99723798 	0.91668513 	0.83531761 	0.89647030 	0.97830195 	0.99103234 	0.87274228 	0.88202069 	0.53230167 	0.98079508 	0.85395336 	0.84500501 	0.88928855 	0.93625286 	0.95129348 	0.89132531 	
0.99723798 	0.91668513 	0.83531761 	0.91438546 	0.97830195 	0.99103234 	0.87274228 	0.88202069 	0.53230167 	0.98079508 	0.85395336 	0.84500501 	0.88928855 	0.93625286 	0.95129348 	0.89132531 	
0.99723798 	0.91668513 	0.83531761 	0.91438546 	0.97830195 	0.99103234 	0.87274228 	0.88202069 	0.53230167 	0.98079508 	0.85395336 	0.84500501 	0.88928855 	0.93625286 	0.95129348 	0.89132531 	
0.99723798 	0.91668513 	0.83531761 	0.91438546 	0.97830195 	0.99624459 	0.87274228 	0.88202069 	0.53230167 	0.98079508 	0.85395336 	0.84500501 	0.88928855 	0.93625286 	0.95129348 	0.89132531 	
0.99723798 	0.91668513 	0.83531761 	0.91438546 	0.97830195 	0.99624459 	0.98912430 	0.88202069 	0.53230167 	0.98079508 	0.85395336 	0.84500501 	0.88928855 	0.93625286 	0.95129348 	0.89132531 	
0.99723798 	0.91668513 	0.83531761 	0.91438546 	0.97830195 	0.99624459 	0.98912430 	0.88202069 	0.53230167 	0.98079508 	0.85395336 	0.84500501 	0.88928855 	0.93625286 	0.95129348 	0.89132531 	
0.99723798 	0.91668513 	0.83531761 	0.91438546 	0.97830195 	0.99624459 	0.98912430 	0.88202069 	0.32369509 	0.98079508 	0.85395336 	0.84500501 	0.88928855 	0.93625286 	0.95129348 	0.89132531 	
0.99723798 	0.91668513 	0.83531761 	0.91438546 	0.97830195 	0.99624459 	0.98912430 	0.88202069 	0.32369509 	0.98434840 	0.85395336 	0.84500501 	0.88928855 	0.93625286 	0.95129348 	0.89132531 	
0.99723798 	0.91668513 	0.83531761 	0.91438546 	0.97830195 	0.99624459 	0.98912430 	0.88202069 	0.32369509 	0.98434840 	0.87925937 	0.84500501 	0.88928855 	0.93625286 	0.95129348 	0.89132531 	
0.99723798 	0.91668513 	0.83531761 	0.91438546 	0.97830195 	0.99624459 	0.98912430 	0.88202069 	0.32369509 	0.98434840 	0.87925937 	0.95988719 	0.88928855 	0.93625286 	0.95129348 	0.89132531 	
0.99723798 	0.91668513 	0.83531761 	0.91438546 	0.97830195 	0.99624459 	0.98912430 	0.88202069 	0.32369509 	0.98434840 	0.87925937 	0.95988719 	0.98104962 	0.93625286 	0.95129348 	0.89132531 	
0.99723798 	0.91668513 	0.83531761 	0.91438546 	0.97830195 	0.99624459 	0.98912430 	0.88202069 	0.32369509 	0.98434840 	0.87925937 	0.95988719 	0.98104962 	0.93625286 	0.95129348 	0.89132531 	
0.99723798 	0.91668513 	0.83531761 	0.91438546 	0.97830195 	0.99624459 	0.98912430 	0.88202069 	0.32369509 	0.98434840 	0.87925937 	0.95988719 	0.98104962 	0.93625286 	0.98928022 	0.89132531 	
0.99723798 	0.91668513 	0.83531761 	0.91438546 	0.97830195 	0.99624459 	0.98912430 	0.88202069 	0.32369509 	0.98434840 	0.87925937 	0.95988719 	0.98104962 	0.93625286 	0.98928022 	0.89938102 	
0.99723798 	0.91668513 	0.83531761 	0.91438546 	0.97830195 	0.99624459 	0.98912430 	0.88202069 	0.32369509 	0.98434840 	0.87925937 	0.95988719 	0.98104962 	0.93625286 	0.98928022 	0.89938102 	
0.99723798 	0.91668513 	0.83531761 	0.91438546 	0.97830195 	0.99624459 	0.98912430 	0.88202069 	0.32369509 	0.98434840 	0.87925937 	0.95988719 	0.98104962 	0.93625286 	0.98928022 	0.89938102 	
0.99723798 	0.91668513 	0.83531761 	0.91438546 	0.97830195 	0.99624459 	0.98912430 	0.88202069 	0.32369509 	0.98434840 	0.87925937 	0.95988719 	0.98104962 	0.93625286 	0.98928022 	0.89938102 	
0.99723798 	0.91668513 	0.83531761 	0.91438546 	0.97830195 	0.99624459 	0.98912430 	0.88202069 	0.32369509 	0.98434840 	0.87925937 	0.95988719 	0.98104962 	0.93625286 	0.98928022 	0.89938102 	
0.99723798 	0.91668513 	0.83531761 	0.91438546 	0.98824369 	0.99624459 	0.98912430 	0.88202069 	0.32369509 	0.98434840 	0.87925937 	0.95988719 	0.98104962 	0.93625286 	0.98928022 	0.89938102 	
0.99723798 	0.91668513 	0.83531761 	0.91438546 	0.98824369 	0.99624459 	0.98912430 	0.88202069 	0.32369509 	0.98434840 	0.87925937 	0.95988719 	0.98104962 	0.93625286 	0.98928022 	0.89938102 	
0.99723798 	0.91668513 	0.83531761 	0.91438546 	0.98824369 	0.99624459 	0.98912430 	0.88202069 	0.32369509 	0.98434840 	0.87925937 	0.95988719 	0.98104962 	0.93625286 	0.98928022 	0.89938102 	
0.99723798 	0.91668513 	0.83531761 	0.91438546 	0.98824369 	0.99624459 	0.98912430 	0.89659106 	0.32369509 	0.98434840 	0.87925937 	0.95988719 	0.98104962 	0.93625286 	0.98928022 	0.89938102 	
0.99723798 	0.91668513 	0.83531761 	0.91438546 	0.98824369 	0.99624459 	0.98912430 	0.89659106 	0.32369509 	0.98434840 	0.87925937 	0.95988719 	0.98104962 	0.93625286 	0.98928022 	0.89938102 	
0.99723798 	0.91668513 	0.83531761 	0.91438546 	0.98824369 	0.99624459 	0.98912430 	0.89659106 	0.32369509 	0.99548082 	0.87925937 	0.95988719 	0.98104962 	0.93625286 	0.98928022 	0.89938102 	
0.99723798 	0.91668513 	0.83531761 	0.91438546 	0.98824369 	0.99624459 	0.98912430 	0.89659106 	0.32369509 	0.99548082 	0.88708509 	0.95988719 	0.98104962 	0.93625286 	0.98928022 	0.89938102 	
0.99723798 	0.91668513 	0.83531761 	0.91438546 	0.98824369 	0.99624459 	0.98912430 	0.89659106 	0.32369509 	0.99548082 	0.88708509 	0.97545464 	0.98104962 	0.93625286 	0.98928022 	0.89938102 	
0.99723798 	0.91668513 	0.83531761 	0.91438546 	0.98824369 	0.99624459 	0.98912430 	0.89659106 	0.32369509 	0.99548082 	0.88708509 	0.97545464 	0.98104962 	0.93625286 	0.98928022 	0.89938102 	
0.99723798 	0.91668513 	0.83531761 	0.91438546 	0.98824369 	0.99624459 	0.98912430 	0.89659106 	0.32369509 	0.99548082 	0.88708509 	0.97545464 	0.98104962 	0.95449414 	0.98928022 	0.89938102 	
0.99723798 	0.91668513 	0.83531761 	0.91438546 	0.98824369 	0.99624459 	0.98912430 	0.89659106 	0.32369509 	0.99548082 	0.88708509 	0.97545464 	0.98104962 	0.95449414 	0.99589784 	0.89938102 	
0.99723798 	0.91668513 	0.83531761 	0.91438546 	0.98824369 	0.99624459 	0.98912430 	0.89659106 	0.32369509 	0.99548082 	0.88708509 	0.97545464 	0.98104962 	0.95449414 	0.99589784 	0.90642342 	
0.99885633 	0.91668513 	0.83531761 	0.91438546 	0.98824369 	0.99624459 	0.98912430 	0.89659106 	0.32369509 	0.99548082 	0.88708509 	0.97545464 	0.98104962 	0.95449414 	0.99589784 	0.90642342 	
0.99885633 	0.93987078 	0.83531761 	0.91438546 	0.98824369 	0.99624459 	0.98912430 	0.89659106 	0.32369509 	0.99548082 	0.88708509 	0.97545464 	0.98104962 	0.95449414 	0.99589784 	0.90642342 	
0.99885633 	0.93987078 	0.85311023 	0.91438546 	0.98824369 	0.99624459 	0.98912430 	0.89659106 	0.32369509 	0.99548082 	0.88708509 	0.97545464 	0.98104962 	0.95449414 	0.99589784 	0.90642342 	
0.99885633 	0.93987078 	0.85311023 	0.91491510 	0.98824369 	0.99624459 	0.98912430 	0.89659106 	0.32369509 	0.99548082 	0.88708509 	0.97545464 	0.98104962 	0.95449414 	0.99589784 	0.90642342 	
0.99885633 	0.93987078 	0.85311023 	0.91491510 	0.99263011 	0.99624459 	0.98912430 	0.89659106 	0.32369509 	0.99548082 	0.88708509 	0.97545464 	0.98104962 	0.95449414 	0.99589784 	0.90642342 	
0.99885633 	0.93987078 	0.85311023 	0.91491510 	0.99263011 	0.99624459 	0.98912430 	0.89659106 	0.32369509 	0.99548082 	0.88708509 	0.97545464 	0.98104962 	0.95449414 	0.99589784 	0.90642342 	
0.99885633 	0.93987078 	0.85311023 	0.91491510 	0.99263011 	0.99624459 	0.98912430 	0.89659106 	0.32369509 	0.99548082 	0.88708509 	0.97545464 	0.98104962 	0.95449414 	0.99589784 	0.90642342 	
0.99885633 	0.93987078 	0.85311023 	0.91491510 	0.99263011 	0.99624459 	0.98912430 	0.90480945 	0.32369509 	0.99548082 	0.88708509 	0.97545464 	0.98104962 	0.95449414 	0.99589784 	0.90642342 	
0.99885633 	0.93987078 	0.85311023 	0.91491510 	0.99263011 	0.99624459 	0.98912430 	0.90480945 	0.31750378 	0.99548082 	0.88708509 	0.97545464 	0.98104962 	0.95449414 	0.99589784 	0.90642342 	
0.99885633 	0.93987078 	0.85311023 	0.91491510 	0.99263011 	0.99624459 	0.98912430 	0.90480945 	0.31750378 	0.99602495 	0.88708509 	0.97545464 	0.98104962 	0.95449414 	0.99589784 	0.90642342 	
0.99885633 	0.93987078 	0.85311023 	0.91491510 	0.99263011 	0.99624459 	0.98912430 	0.90480945 	0.31750378 	0.99602495 	0.91113437 	0.97545464 	0.98104962 	0.95449414 	0.99589784 	0.90642342 	
0.99885633 	0.93987078 	0.85311023 	0.91491510 	0.99263011 	0.99624459 	0.98912430 	0.90480945 	0.31750378 	0.99602495 	0.91113437 	0.99678874 	0.98104962 	0.95449414 	0.99589784 	0.90642342 	
0.99885633 	0.93987078 	0.85311023 	0.91491510 	0.99263011 	0.99624459 	0.98912430 	0.90480945 	0.31750378 	0.99602495 	0.91113437 	0.99678874 	0.98673271 	0.95449414 	0.99589784 	0.90642342 	
0.99885633 	0.93987078 	0.85311023 	0.91491510 	0.99263011 	0.99624459 	0.98912430 	0.90480945 	0.31750378 	0.99602495 	0.91113437 	0.99678874 	0.98673271 	0.97208473 	0.99589784 	0.90642342 	
0.99885633 	0.93987078 	0.85311023 	0.91491510 	0.99263011 	0.99624459 	0.98912430 	0.90480945 	0.31750378 	0.99602495 	0.91113437 	0.99678874 	0.98673271 	0.97208473 	0.99839896 	0.90642342 	
0.99885633 	0.93987078 	0.85311023 	0.91491510 	0.99263011 	0.99624459 	0.98912430 	0.90480945 	0.31750378 	0.99602495 	0.91113437 	0.99678874 	0.98673271 	0.97208473 	0.99839896 	0.90642342 	
0.99888112 	0.93987078 	0.85311023 	0.91491510 	0.99263011 	0.99624459 	0.98912430 	0.90480945 	0.31750378 	0.99602495 	0.91113437 	0.99678874 	0.98673271 	0.97208473 	0.99839896 	0.90642342 	
0.99888112 	0.94359301 	0.85311023 	0.91491510 	0.99263011 	0.99624459 	0.98912430 	0.90480945 	0.31750378 	0.99602495 	0.91113437 	0.99678874 	0.98673271 	0.97208473 	0.99839896 	0.90642342 	
0.99888112 	0.94359301 	0.85311023 	0.91491510 	0.99263011 	0.99624459 	0.98912430 	0.90480945 	0.31750378 	0.99602495 	0.91113437 	0.99678874 	0.98673271 	0.97208473 	0.99839896 	0.90642342 	
0.99888112 	0.94359301 	0.85311023 	0.92225285 	0.99263011 	0.99624459 	0.98912430 	0.90480945 	0.31750378 	0.99602495 	0.91113437 	0.99678874 	0.98673271 	0.97208473 	0.99839896 	0.90642342 	
0.99888112 	0.94359301 	0.85311023 	0.92225285 	0.99939769 	0.99624459 	0.98912430 	0.90480945 	0.31750378 	0.99602495 	0.91113437 	0.99678874 	0.98673271 	0.97208473 	0.99839896 	0.90642342 	
0.99888112 	0.94359301 	0.85311023 	0.92225285 	0.99939769 	0.99624459 	0.98912430 	0.90480945 	0.31750378 	0.99602495 	0.91113437 	0.99678874 	0.98673271 	0.97208473 	0.99839896 	0.90642342 	
0.99888112 	0.94359301 	0.85311023 	0.92225285 	0.99939769 	0.99624459 	0.99538918 	0.90480945 	0.31750378 	0.99602495 	0.91113437 	0.99678874 	0.98673271 	0.97208473 	0.99839896 	0.90642342 	
0.99888112 	0.94359301 	0.85311023 	0.92225285 	0.99939769 	0.99624459 	0.99538918 	0.99007264 	0.31750378 	0.99602495 	0.91113437 	0.99678874 	0.98673271 	0.97208473 	0.99839896 	0.90642342 	
0.99888112 	0.94359301 	0.85311023 	0.92225285 	0.99939769 	0.99624459 	0.99538918 	0.99007264 	0.31652847 	0.99602495 	0.91113437 	0.99678874 	0.98673271 	0.97208473 	0.99839896 	0.90642342 	
0.99888112 	0.94359301 	0.85311023 	0.92225285 	0.99939769 	0.99624459 	0.99538918 	0.99007264 	0.31652847 	0.99615628 	0.91113437 	0.99678874 	0.98673271 	0.97208473 	0.99839896 	0.90642342 	
0.99888112 	0.94359301 	0.85311023 	0.92225285 	0.99939769 	0.99624459 	0.99538918 	0.99007264 	0.31652847 	0.99615628 	0.92842939 	0.99678874 	0.98673271 	0.97208473 	0.99839896 	0.90642342 	
0.99888112 	0.94359301 	0.85311023 	0.92225285 	0.99939769 	0.99624459 	0.99538918 	0.99007264 	0.31652847 	0.99615628 	0.92842939 	0.99678874 	0.98673271 	0.97208473 	0.99839896 	0.90642342 	
0.99888112 	0.94359301 	0.85311023 	0.92225285 	0.99939769 	0.99624459 	0.99538918 	0.99007264 	0.31652847 	0.99615628 	0.92842939 	0.99678874 	0.99366873 	0.97208473 	0.99839896 	0.90642342 	
0.99888112 	0.94359301 	0.85311023 	0.92225285 	0.99939769 	0.99624459 	0.99538918 	0.99007264 	0.31652847 	0.99615628 	0.92842939 	0.99678874 	0.99366873 	0.99424802 	0.99839896 	0.90642342 	
0.99888112 	0.94359301 	0.85311023 	0.92225285 	0.99939769 	0.99624459 	0.99538918 	0.99007264 	0.31652847 	0.99615628 	0.92842939 	0.99678874 	0.99366873 	0.99424802 	0.99839896 	0.90642342 	
0.99888112 	0.94359301 	0.85311023 	0.92225285 	0.99939769 	0.99624459 	0.99538918 	0.99007264 	0.31652847 	0.99615628 	0.92842939 	0.99678874 	0.99366873 	0.99424802 	0.99839896 	0.91127754 	
0.99933597 	0.94359301 	0.85311023 	0.92225285 	0.99939769 	0.99624459 	0.99538918 	0.99007264 	0.31652847 	0.99615628 	0.92842939 	0.99678874 	0.99366873 	0.99424802 	0.99839896 	0.91127754 	
0.99933597 	0.95728361 	0.85311023 	0.92225285 	0.99939769 	0.99624459 	0.99538918 	0.99007264 	0.31652847 	0.99615628 	0.92842939 	0.99678874 	0.99366873 	0.99424802 	0.99839896 	0.91127754 	
0.99933597 	0.95728361 	0.98012675 	0.92225285 	0.99939769 	0.99624459 	0.99538918 	0.99007264 	0.31652847 	0.99615628 	0.92842939 	0.99678874 	0.99366873 	0.99424802 	0.99839896 	0.91127754 	
0.99933597 	0.95728361 	0.98012675 	0.99495138 	0.99939769 	0.99624459 	0.99538918 	0.99007264 	0.31652847 	0.99615628 	0.92842939 	0.99678874 	0.99366873 	0.99424802 	0.99839896 	0.91127754 	
0.99933597 	0.95728361 	0.98012675 	0.99495138 	0.99939769 	0.99624459 	0.99538918 	0.99007264 	0.31652847 	0.99615628 	0.92842939 	0.99678874 	0.99366873 	0.99424802 	0.99839896 	0.91127754 	
0.99933597 	0.95728361 	0.98012675 	0.99495138 	0.99939769 	0.99679744 	0.99538918 	0.99007264 	0.31652847 	0.99615628 	0.92842939 	0.99678874 	0.99366873 	0.99424802 	0.99839896 	0.91127754 	
0.99933597 	0.95728361 	0.98012675 	0.99495138 	0.99939769 	0.99679744 	0.99538918 	0.99007264 	0.31652847 	0.99615628 	0.92842939 	0.99678874 	0.99366873 	0.99424802 	0.99839896 	0.91127754 	
0.99933597 	0.95728361 	0.98012675 	0.99495138 	0.99939769 	0.99679744 	0.99538918 	0.99007264 	0.31652847 	0.99615628 	0.92842939 	0.99678874 	0.99366873 	0.99424802 	0.99839896 	0.91127754 	
0.99933597 	0.95728361 	0.98012675 	0.99495138 	0.99939769 	0.99679744 	0.99538918 	0.99007264 	0.31206271 	0.99615628 	0.92842939 	0.99678874 	0.99366873 	0.99424802 	0.99839896 	0.91127754 	
0.99933597 	0.95728361 	0.98012675 	0.99495138 	0.99939769 	0.99679744 	0.99538918 	0.99007264 	0.31206271 	0.99642546 	0.92842939 	0.99678874 	0.99366873 	0.99424802 	0.99839896 	0.91127754 	
0.99933597 	0.95728361 	0.98012675 	0.99495138 	0.99939769 	0.99679744 	0.99538918 	0.99007264 	0.31206271 	0.99642546 	0.94294628 	0.99678874 	0.99366873 	0.99424802 	0.99839896 	0.91127754 	
0.99933597 	0.95728361 	0.98012675 	0.99495138 	0.99939769 	0.99679744 	0.99538918 	0.99007264 	0.31206271 	0.99642546 	0.94294628 	0.99678874 	0.99366873 	0.99424802 	0.99839896 	0.91127754 	
0.99933597 	0.95728361 	0.98012675 	0.99495138 	0.99939769 	0.99679744 	0.99538918 	0.99007264 	0.31206271 	0.99642546 	0.94294628 	0.99678874 	0.99292498 	0.99424802 	0.99839896 	0.91127754 	
0.99933597 	0.95728361 	0.98012675 	0.99495138 	0.99939769 	0.99679744 	0.99538918 	0.99007264 	0.31206271 	0.99642546 	0.94294628 	0.99678874 	0.99292498 	0.99814569 	0.99839896 	0.91127754 	
0.99933597 	0.95728361 	0.98012675 	0.99495138 	0.99939769 	0.99679744 	0.99538918 	0.99007264 	0.31206271 	0.99642546 	0.94294628 	0.99678874 	0.99292498 	0.99814569 	0.99997984 	0.91127754 	
0.99933597 	0.95728361 	0.98012675 	0.99495138 	0.99939769 	0.99679744 	0.99538918 	0.99007264 	0.31206271 	0.99642546 	0.94294628 	0.99678874 	0.99292498 	0.99814569 	0.99997984 	0.92488496 	
0.99933597 	0.95728361 	0.98012675 	0.99495138 	0.99939769 	0.99679744 	0.99538918 	0.99007264 	0.31206271 	0.99642546 	0.94294628 	0.99678874 	0.99292498 	0.99814569 	0.99997984 	0.92488496 	
0.99933597 	0.97895399 	0.98012675 	0.99495138 	0.99939769 	0.99679744 	0.99538918 	0.99007264 	0.31206271 	0.99642546 	0.94294628 	0.99678874 	0.99292498 	0.99814569 	0.99997984 	0.92488496 	
0.99933597 	0.97895399 	0.99744220 	0.99495138 	0.99939769 	0.99679744 	0.99538918 	0.99007264 	0.31206271 	0.99642546 	0.94294628 	0.99678874 	0.99292498 	0.99814569 	0.99997984 	0.92488496 	
0.99933597 	0.97895399 	0.99744220 	0.99495138 	0.99939769 	0.99679744 	0.99538918 	0.99007264 	0.31206271 	0.99642546 	0.94294628 	0.99678874 	0.99292498 	0.99814569 	0.99997984 	0.92488496 	
0.99933597 	0.97895399 	0.99744220 	0.99495138 	0.99939769 	0.99679744 	0.99538918 	0.99007264 	0.31206271 	0.99642546 	0.94294628 	0.99678874 	0.99292498 	0.99814569 	0.99997984 	0.92488496 	
0.99933597 	0.97895399 	0.99744220 	0.99495138 	0.99939769 	0.99990325 	0.99538918 	0.99007264 	0.31206271 	0.99642546 	0.94294628 	0.99678874 	0.99292498 	0.99814569 	0.99997984 	0.92488496 	
0.99933597 	0.97895399 	0.99744220 	0.99495138 	0.99939769 	0.99990325 	0.99717555 	0.99007264 	0.31206271 	0.99642546 	0.94294628 	0.99678874 	0.99292498 	0.99814569 	0.99997984 	0.92488496 	
0.99933597 	0.97895399 	0.99744220 	0.99495138 	0.99939769 	0.99990325 	0.99717555 	0.99931562 	0.31206271 	0.99642546 	0.94294628 	0.99678874 	0.99292498 	0.99814569 	0.99997984 	0.92488496 	
0.99933597 	0.97895399 	0.99744220 	0.99495138 	0.99939769 	0.99990325 	0.99717555 	0.99931562 	0.31206271 	0.99642546 	0.94294628 	0.99678874 	0.99292498 	0.99814569 	0.99997984 	0.92488496 	
0.99933597 	0.97895399 	0.99744220 	0.99495138 	0.99939769 	0.99990325 	0.99717555 	0.99931562 	0.31206271 	0.99900304 	0.94294628 	0.99678874 	0.99292498 	0.99814569 	0.99997984 	0.92488496 	
0.99933597 	0.97895399 	0.99744220 	0.99495138 	0.99939769 	0.99990325 	0.99717555 	0.99931562 	0.31206271 	0.99900304 	0.99086803 	0.99678874 	0.99292498 	0.99814569 	0.99997984 	0.92488496 	
0.99933597 	0.97895399 	0.99744220 	0.99495138 	0.99939769 	0.99990325 	0.99717555 	0.99931562 	0.31206271 	0.99900304 	0.99086803 	0.99853147 	0.99292498 	0.99814569 	0.99997984 	0.92488496 	
0.99933597 	0.97895399 	0.99744220 	0.99495138 	0.99939769 	0.99990325 	0.99717555 	0.99931562 	0.31206271 	0.99900304 	0.99086803 	0.99853147 	0.98675621 	0.99814569 	0.99997984 	0.92488496 	
0.99933597 	0.97895399 	0.99744220 	0.99495138 	0.99939769 	0.99990325 	0.99717555 	0.99931562 	0.31206271 	0.99900304 	0.99086803 	0.99853147 	0.98675621 	0.99916956 	0.99997984 	0.92488496 	
0.99933597 	0.97895399 	0.99744220 	0.99495138 	0.99939769 	0.99990325 	0.99717555 	0.99931562 	0.31206271 	0.99900304 	0.99086803 	0.99853147 	0.98675621 	0.99916956 	0.99997984 	0.92488496 	
0.99933597 	0.97895399 	0.99744220 	0.99495138 	0.99939769 	0.99990325 	0.99717555 	0.99931562 	0.31206271 	0.99900304 	0.99086803 	0.99853147 	0.98675621 	0.99916956 	0.99997984 	0.93980257 	
0.99933597 	0.97895399 	0.99744220 	0.99495138 	0.99939769 	0.99990325 	0.99717555 	0.99931562 	0.31206271 	0.99900304 	0.99086803 	0.99853147 	0.98675621 	0.99916956 	0.99997984 	0.93980257 	
0.99933597 	0.99222369 	0.99744220 	0.99495138 	0.99939769 	0.99990325 	0.99717555 	0.99931562 	0.31206271 	0.99900304 	0.99086803 	0.99853147 	0.98675621 	0.99916956 	0.99997984 	0.93980257 	
0.99933597 	0.99222369 	0.99901766 	0.99495138 	0.99939769 	0.99990325 	0.99717555 	0.99931562 	0.31206271 	0.99900304 	0.99086803 	0.99853147 	0.98675621 	0.99916956 	0.99997984 	0.93980257 	
0.99933597 	0.99222369 	0.99901766 	0.99976634 	0.99939769 	0.99990325 	0.99717555 	0.99931562 	0.31206271 	0.99900304 	0.99086803 	0.99853147 	0.98675621 	0.99916956 	0.99997984 	0.93980257 	
0.99933597 	0.99222369 	0.99901766 	0.99976634 	0.99980949 	0.99990325 	0.99717555 	0.99931562 	0.31206271 	0.99900304 	0.99086803 	0.99853147 	0.98675621 	0.99916956 	0.99997984 	0.93980257 	
0.99933597 	0.99222369 	0.99901766 	0.99976634 	0.99980949 	0.99990325 	0.99717555 	0.99931562 	0.31206271 	0.99900304 	0.99086803 	0.99853147 	0.98675621 	0.99916956 	0.99997984 	0.93980257 	
0.99933597 	0.99222369 	0.99901766 	0.99976634 	0.99980949 	0.99990325 	0.99856328 	0.99931562 	0.31206271 	0.99900304 	0.99086803 	0.99853147 	0.98675621 	0.99916956 	0.99997984 	0.93980257 	
0.99933597 	0.99222369 	0.99901766 	0.99976634 	0.99980949 	0.99990325 	0.99856328 	0.99931562 	0.31206271 	0.99900304 	0.99086803 	0.99853147 	0.98675621 	0.99916956 	0.99997984 	0.93980257 	
0.99933597 	0.99222369 	0.99901766 	0.99976634 	0.99980949 	0.99990325 	0.99856328 	0.99931562 	0.30816959 	0.99900304 	0.99086803 	0.99853147 	0.98675621 	0.99916956 	0.99997984 	0.93980257 	
0.99933597 	0.99222369 	0.99901766 	0.99976634 	0.99980949 	0.99990325 	0.99856328 	0.99931562 	0.30816959 	0.99900304 	0.99086803 	0.99853147 	0.98675621 	0.99916956 	0.99997984 	0.93980257 	
0.99933597 	0.99222369 	0.99901766 	0.99976634 	0.99980949 	0.99990325 	0.99856328 	0.99931562 	0.30816959 	0.99900304 	0.99086803 	0.99853147 	0.98675621 	0.99916956 	0.99997984 	0.93980257 	
0.99933597 	0.99222369 	0.99901766 	0.99976634 	0.99980949 	0.99990325 	0.99856328 	0.99931562 	0.30816959 	0.99900304 	0.99086803 	0.99930649 	0.98675621 	0.99916956 	0.99997984 	0.93980257 	
0.99933597 	0.99222369 	0.99901766 	0.99976634 	0.99980949 	0.99990325 	0.99856328 	0.99931562 	0.30816959 	0.99900304 	0.99086803 	0.99930649 	0.98682819 	0.99916956 	0.99997984 	0.93980257 	
0.99933597 	0.99222369 	0.99901766 	0.99976634 	0.99980949 	0.99990325 	0.99856328 	0.99931562 	0.30816959 	0.99900304 	0.99086803 	0.99930649 	0.98682819 	0.99916956 	0.99997984 	0.93980257 	
0.99933597 	0.99222369 	0.99901766 	0.99976634 	0.99980949 	0.99990325 	0.99856328 	0.99931562 	0.30816959 	0.99900304 	0.99086803 	0.99930649 	0.98682819 	0.99916956 	0.99997984 	0.93980257 	
0.99933597 	0.99222369 	0.99901766 	0.99976634 	0.99980949 	0.99990325 	0.99856328 	0.99931562 	0.30816959 	0.99900304 	0.99086803 	0.99930649 	0.98682819 	0.99916956 	0.99997984 	0.94642558 	
0.99954134 	0.99222369 	0.99901766 	0.99976634 	0.99980949 	0.99990325 	0.99856328 	0.99931562 	0.30816959 	0.99900304 	0.99086803 	0.99930649 	0.98682819 	0.99916956 	0.99997984 	0.94642558 	
0.99954134 	0.99760028 	0.99901766 	0.99976634 	0.99980949 	0.99990325 	0.99856328 	0.99931562 	0.30816959 	0.99900304 	0.99086803 	0.99930649 	0.98682819 	0.99916956 	0.99997984 	0.94642558 	
0.99954134 	0.99760028 	0.99901766 	0.99976634 	0.99980949 	0.99990325 	0.99856328 	0.99931562 	0.30816959 	0.99900304 	0.99086803 	0.99930649 	0.98682819 	0.99916956 	0.99997984 	0.94642558 	
0.99954134 	0.99760028 	0.99901766 	0.99992604 	0.99980949 	0.99990325 	0.99856328 	0.99931562 	0.30816959 	0.99900304 	0.99086803 	0.99930649 	0.98682819 	0.99916956 	0.99997984 	0.94642558 	
0.99954134 	0.99760028 	0.99901766 	0.99992604 	0.99982435 	0.99990325 	0.99856328 	0.99931562 	0.30816959 	0.99900304 	0.99086803 	0.99930649 	0.98682819 	0.99916956 	0.99997984 	0.94642558 	
0.99954134 	0.99760028 	0.99901766 	0.99992604 	0.99982435 	0.99997323 	0.99856328 	0.99931562 	0.30816959 	0.99900304 	0.99086803 	0.99930649 	0.98682819 	0.99916956 	0.99997984 	0.94642558 	
0.99954134 	0.99760028 	0.99901766 	0.99992604 	0.99982435 	0.99997323 	0.99914876 	0.99931562 	0.30816959 	0.99900304 	0.99086803 	0.99930649 	0.98682819 	0.99916956 	0.99997984 	0.94642558 	
0.99954134 	0.99760028 	0.99901766 	0.99992604 	0.99982435 	0.99997323 	0.99914876 	0.99931562 	0.30816959 	0.99900304 	0.99086803 	0.99930649 	0.98682819 	0.99916956 	0.99997984 	0.94642558 	
0.99954134 	0.99760028 	0.99901766 	0.99992604 	0.99982435 	0.99997323 	0.99914876 	0.99931562 	0.30816959 	0.99900304 	0.99086803 	0.99930649 	0.98682819 	0.99916956 	0.99997984 	0.94642558 	
0.99954134 	0.99760028 	0.99901766 	0.99992604 	0.99982435 	0.99997323 	0.99914876 	0.99931562 	0.30816959 	0.99904928 	0.99086803 	0.99930649 	0.98682819 	0.99916956 	0.99997984 	0.94642558 	
0.99954134 	0.99760028 	0.99901766 	0.99992604 	0.99982435 	0.99997323 	0.99914876 	0.99931562 	0.30816959 	0.99904928 	0.99633930 	0.99930649 	0.98682819 	0.99916956 	0.99997984 	0.94642558 	
0.99954134 	0.99760028 	0.99901766 	0.99992604 	0.99982435 	0.99997323 	0.99914876 	0.99931562 	0.30816959 	0.99904928 	0.99633930 	0.99983644 	0.98682819 	0.99916956 	0.99997984 	0.94642558 	
0.99954134 	0.99760028 	0.99901766 	0.99992604 	0.99982435 	0.99997323 	0.99914876 	0.99931562 	0.30816959 	0.99904928 	0.99633930 	0.99983644 	0.98659847 	0.99916956 	0.99997984 	0.94642558 	
0.99954134 	0.99760028 	0.99901766 	0.99992604 	0.99982435 	0.99997323 	0.99914876 	0.99931562 	0.30816959 	0.99904928 	0.99633930 	0.99983644 	0.98659847 	0.99958945 	0.99997984 	0.94642558 	
0.99954134 	0.99760028 	0.99901766 	0.99992604 	0.99982435 	0.99997323 	0.99914876 	0.99931562 	0.30816959 	0.99904928 	0.99633930 	0.99983644 	0.98659847 	0.99958945 	0.99997984 	0.94642558 	
0.99954134 	0.99760028 	0.99901766 	0.99992604 	0.99982435 	0.99997323 	0.99914876 	0.99931562 	0.30816959 	0.99904928 	0.99633930 	0.99983644 	0.98659847 	0.99958945 	0.99997984 	0.99092822 	
0.99974924 	0.99760028 	0.99901766 	0.99992604 	0.99982435 	0.99997323 	0.99914876 	0.99931562 	0.30816959 	0.99904928 	0.99633930 	0.99983644 	0.98659847 	0.99958945 	0.99997984 	0.99092822 	
0.99974924 	0.99760028 	0.99901766 	0.99992604 	0.99982435 	0.99997323 	0.99914876 	0.99931562 	0.30816959 	0.99904928 	0.99633930 	0.99983644 	0.98659847 	0.99958945 	0.99997984 	0.99092822 	
0.99974924 	0.99760028 	0.99901766 	0.99992604 	0.99982435 	0.99997323 	0.99914876 	0.99931562 	0.30816959 	0.99904928 	0.99633930 	0.99983644 	0.98659847 	0.99958945 	0.99997984 	0.99092822 	
0.99974924 	0.99760028 	0.99901766 	0.99992604 	0.99982435 	0.99997323 	0.99914876 	0.99931562 	0.30816959 	0.99904928 	0.99633930 	0.99983644 	0.98659847 	0.99958945 	0.99997984 	0.99092822 	
0.99974924 	0.99760028 	0.99901766 	0.99992604 	0.99993243 	0.99997323 	0.99914876 	0.99931562 	0.30816959 	0.99904928 	0.99633930 	0.99983644 	0.98659847 	0.99958945 	0.99997984 	0.99092822 	
0.99974924 	0.99760028 	0.99901766 	0.99992604 	0.99993243 	0.99742448 	0.99914876 	0.99931562 	0.30816959 	0.99904928 	0.99633930 	0.99983644 	0.98659847 	0.99958945 	0.99997984 	0.99092822 	
0.99974924 	0.99760028 	0.99901766 	0.99992604 	0.99993243 	0.99742448 	0.99947146 	0.99931562 	0.30816959 	0.99904928 	0.99633930 	0.99983644 	0.98659847 	0.99958945 	0.99997984 	0.99092822 	
0.99974924 	0.99760028 	0.99901766 	0.99992604 	0.99993243 	0.99742448 	0.99947146 	0.99931562 	0.30816959 	0.99904928 	0.99633930 	0.99983644 	0.98659847 	0.99958945 	0.99997984 	0.99092822 	
0.99974924 	0.99760028 	0.99901766 	0.99992604 	0.99993243 	0.99742448 	0.99947146 	0.99931562 	0.30807261 	0.99904928 	0.99633930 	0.99983644 	0.98659847 	0.99958945 	0.99997984 	0.99092822 	
0.99974924 	0.99760028 	0.99901766 	0.99992604 	0.99993243 	0.99742448 	0.99947146 	0.99931562 	0.30807261 	0.99967761 	0.99633930 	0.99983644 	0.98659847 	0.99958945 	0.99997984 	0.99092822 	
0.99974924 	0.99760028 	0.99901766 	0.99992604 	0.99993243 	0.99742448 	0.99947146 	0.99931562 	0.30807261 	0.99967761 	0.99865527 	0.99983644 	0.98659847 	0.99958945 	0.99997984 	0.99092822 	
0.99974924 	0.99760028 	0.99901766 	0.99992604 	0.99993243 	0.99742448 	0.99947146 	0.99931562 	0.30807261 	0.99967761 	0.99865527 	0.99998735 	0.98659847 	0.99958945 	0.99997984 	0.99092822 	
0.99974924 	0.99760028 	0.99901766 	0.99992604 	0.99993243 	0.99742448 	0.99947146 	0.99931562 	0.30807261 	0.99967761 	0.99865527 	0.99998735 	0.98659847 	0.99958945 	0.99997984 	0.99092822 	
0.99974924 	0.99760028 	0.99901766 	0.99992604 	0.99993243 	0.99742448 	0.99947146 	0.99931562 	0.30807261 	0.99967761 	0.99865527 	0.99998735 	0.98659847 	0.99999094 	0.99997984 	0.99092822 	
0.99974924 	0.99760028 	0.99901766 	0.99992604 	0.99993243 	0.99742448 	0.99947146 	0.99931562 	0.30807261 	0.99967761 	0.99865527 	0.99998735 	0.98659847 	0.99999094 	0.99998725 	0.99092822 	
0.99974924 	0.99760028 	0.99901766 	0.99992604 	0.99993243 	0.99742448 	0.99947146 	0.99931562 	0.30807261 	0.99967761 	0.99865527 	0.99998735 	0.98659847 	0.99999094 	0.99998725 	0.99974829 	
0.99974924 	0.99760028 	0.99901766 	0.99992604 	0.99993243 	0.99742448 	0.99947146 	0.99931562 	0.30807261 	0.99967761 	0.99865527 	0.99998735 	0.98659847 	0.99999094 	0.99998725 	0.99974829 	
0.99974924 	0.99760028 	0.99901766 	0.99992604 	0.99993243 	0.99742448 	0.99947146 	0.99931562 	0.30807261 	0.99967761 	0.99865527 	0.99998735 	0.98659847 	0.99999094 	0.99998725 	0.99974829 	
0.99974924 	0.99760028 	0.99904196 	0.99992604 	0.99993243 	0.99742448 	0.99947146 	0.99931562 	0.30807261 	0.99967761 	0.99865527 	0.99998735 	0.98659847 	0.99999094 	0.99998725 	0.99974829 	
0.99974924 	0.99760028 	0.99904196 	0.99997368 	0.99993243 	0.99742448 	0.99947146 	0.99931562 	0.30807261 	0.99967761 	0.99865527 	0.99998735 	0.98659847 	0.99999094 	0.99998725 	0.99974829 	
0.99974924 	0.99760028 	0.99904196 	0.99997368 	0.99997835 	0.99742448 	0.99947146 	0.99931562 	0.30807261 	0.99967761 	0.99865527 	0.99998735 	0.98659847 	0.99999094 	0.99998725 	0.99974829 	
0.99974924 	0.99760028 	0.99904196 	0.99997368 	0.99997835 	0.99742448 	0.99947146 	0.99931562 	0.30807261 	0.99967761 	0.99865527 	0.99998735 	0.98659847 	0.99999094 	0.99998725 	0.99974829 	
0.99974924 	0.99760028 	0.99904196 	0.99997368 	0.99997835 	0.99742448 	0.99947146 	0.99931562 	0.30807261 	0.99967761 	0.99865527 	0.99998735 	0.98659847 	0.99999094 	0.99998725 	0.99974829 	
0.99974924 	0.99760028 	0.99904196 	0.99997368 	0.99997835 	0.99742448 	0.99947146 	0.99950129 	0.30807261 	0.99967761 	0.99865527 	0.99998735 	0.98659847 	0.99999094 	0.99998725 	0.99974829 	
0.99974924 	0.99760028 	0.99904196 	0.99997368 	0.99997835 	0.99742448 	0.99947146 	0.99950129 	0.30775615 	0.99967761 	0.99865527 	0.99998735 	0.98659847 	0.99999094 	0.99998725 	0.99974829 	
0.99974924 	0.99760028 	0.99904196 	0.99997368 	0.99997835 	0.99742448 	0.99947146 	0.99950129 	0.30775615 	0.99967761 	0.99865527 	0.99998735 	0.98659847 	0.99999094 	0.99998725 	0.99974829 	
0.99974924 	0.99760028 	0.99904196 	0.99997368 	0.99997835 	0.99742448 	0.99947146 	0.99950129 	0.30775615 	0.99967761 	0.99929612 	0.99998735 	0.98659847 	0.99999094 	0.99998725 	0.99974829 	
0.99974924 	0.99760028 	0.99904196 	0.99997368 	0.99997835 	0.99742448 	0.99947146 	0.99950129 	0.30775615 	0.99967761 	0.99929612 	0.99998735 	0.98659847 	0.99999094 	0.99998725 	0.99974829 	
0.99974924 	0.99760028 	0.99904196 	0.99997368 	0.99997835 	0.99742448 	0.99947146 	0.99950129 	0.30775615 	0.99967761 	0.99929612 	0.99998735 	0.98659847 	0.99999094 	0.99998725 	0.99974829 	
0.99974924 	0.99760028 	0.99904196 	0.99997368 	0.99997835 	0.99742448 	0.99947146 	0.99950129 	0.30775615 	0.99967761 	0.99929612 	0.99998735 	0.98659847 	0.99999094 	0.99998725 	0.99974829 	
0.99974924 	0.99760028 	0.99904196 	0.99997368 	0.99997835 	0.99742448 	0.99947146 	0.99950129 	0.30775615 	0.99967761 	0.99929612 	0.99998735 	0.98659847 	0.99999094 	0.99998725 	0.99974829 	
0.99974924 	0.99760028 	0.99904196 	0.99997368 	0.99997835 	0.99742448 	0.99947146 	0.99950129 	0.30775615 	0.99967761 	0.99929612 	0.99998735 	0.98659847 	0.99999094 	0.99998725 	0.99974829 	
0.99974924 	0.99760028 	0.99904196 	0.99997368 	0.99997835 	0.99742448 	0.99947146 	0.99950129 	0.30775615 	0.99967761 	0.99929612 	0.99998735 	0.98659847 	0.99999094 	0.99998725 	0.99974829 	
0.99974924 	0.99892373 	0.99904196 	0.99997368 	0.99997835 	0.99742448 	0.99947146 	0.99950129 	0.30775615 	0.99967761 	0.99929612 	0.99998735 	0.98659847 	0.99999094 	0.99998725 	0.99974829 	
0.99974924 	0.99892373 	0.99934678 	0.99997368 	0.99997835 	0.99742448 	0.99947146 	0.99950129 	0.30775615 	0.99967761 	0.99929612 	0.99998735 	0.98659847 	0.99999094 	0.99998725 	0.99974829 	
0.99974924 	0.99892373 	0.99934678 	0.99997368 	0.99997835 	0.99742448 	0.99947146 	0.99950129 	0.30775615 	0.99967761 	0.99929612 	0.99998735 	0.98659847 	0.99999094 	0.99998725 	0.99974829 	
0.99974924 	0.99892373 	0.99934678 	0.99997368 	0.99998155 	0.99742448 	0.99947146 	0.99950129 	0.30775615 	0.99967761 	0.99929612 	0.99998735 	0.98659847 	0.99999094 	0.99998725 	0.99974829 	
0.99974924 	0.99892373 	0.99934678 	0.99997368 	0.99998155 	0.99742448 	0.99947146 	0.99950129 	0.30775615 	0.99967761 	0.99929612 	0.99998735 	0.98659847 	0.99999094 	0.99998725 	0.99974829 	
0.99974924 	0.99892373 	0.99934678 	0.99997368 	0.99998155 	0.99742448 	0.99947146 	0.99950129 	0.30775615 	0.99967761 	0.99929612 	0.99998735 	0.98659847 	0.99999094 	0.99998725 	0.99974829 	
0.99974924 	0.99892373 	0.99934678 	0.99997368 	0.99998155 	0.99742448 	0.99947146 	0.99955756 	0.30775615 	0.99967761 	0.99929612 	0.99998735 	0.98659847 	0.99999094 	0.99998725 	0.99974829 	
0.99974924 	0.99892373 	0.99934678 	0.99997368 	0.99998155 	0.99742448 	0.99947146 	0.99955756 	0.30719799 	0.99967761 	0.99929612 	0.99998735 	0.98659847 	0.99999094 	0.99998725 	0.99974829 	
0.99974924 	0.99892373 	0.99934678 	0.99997368 	0.99998155 	0.99742448 	0.99947146 	0.99955756 	0.30719799 	0.99992964 	0.99929612 	0.99998735 	0.98659847 	0.99999094 	0.99998725 	0.99974829 	
0.99974924 	0.99892373 	0.99934678 	0.99997368 	0.99998155 	0.99742448 	0.99947146 	0.99955756 	0.30719799 	0.99992964 	0.99961049 	0.99998735 	0.98659847 	0.99999094 	0.99998725 	0.99974829 	
0.99974924 	0.99892373 	0.99934678 	0.99997368 	0.99998155 	0.99742448 	0.99947146 	0.99955756 	0.30719799 	0.99992964 	0.99961049 	0.99998735 	0.98659847 	0.99999094 	0.99998725 	0.99974829 	
0.99974924 	0.99892373 	0.99934678 	0.99997368 	0.99998155 	0.99742448 	0.99947146 	0.99955756 	0.30719799 	0.99992964 	0.99961049 	0.99998735 	0.98659847 	0.99999094 	0.99998725 	0.99974829 	
0.99974924 	0.99892373 	0.99934678 	0.99997368 	0.99998155 	0.99742448 	0.99947146 	0.99955756 	0.30719799 	0.99992964 	0.99961049 	0.99998735 	0.98659847 	0.99999094 	0.99998725 	0.99974829 	
0.99974924 	0.99892373 	0.99934678 	0.99997368 	0.99998155 	0.99742448 	0.99947146 	0.99955756 	0.30719799 	0.99992964 	0.99961049 	0.99998735 	0.98659847 	0.99999094 	0.99998725 	0.99974829 	
0.99974924 	0.99892373 	0.99934678 	0.99997368 	0.99998155 	0.99742448 	0.99947146 	0.99955756 	0.30719799 	0.99992964 	0.99961049 	0.99998735 	0.98659847 	0.99999094 	0.99998725 	0.99974829 	
0.99990035 	0.99892373 	0.99934678 	0.99997368 	0.99998155 	0.99742448 	0.99947146 	0.99955756 	0.30719799 	0.99992964 	0.99961049 	0.99998735 	0.98659847 	0.99999094 	0.99998725 	0.99974829 	
0.99990035 	0.99916230 	0.99934678 	0.99997368 	0.99998155 	0.99742448 	0.99947146 	0.99955756 	0.30719799 	0.99992964 	0.99961049 	0.99998735 	0.98659847 	0.99999094 	0.99998725 	0.99974829 	
0.99990035 	0.99916230 	0.99974927 	0.99997368 	0.99998155 	0.99742448 	0.99947146 	0.99955756 	0.30719799 	0.99992964 	0.99961049 	0.99998735 	0.98659847 	0.99999094 	0.99998725 	0.99974829 	
0.99990035 	0.99916230 	0.99974927 	0.99997489 	0.99998155 	0.99742448 	0.99947146 	0.99955756 	0.30719799 	0.99992964 	0.99961049 	0.99998735 	0.98659847 	0.99999094 	0.99998725 	0.99974829 	
0.99990035 	0.99916230 	0.99974927 	0.99997489 	0.99999237 	0.99742448 	0.99947146 	0.99955756 	0.30719799 	0.99992964 	0.99961049 	0.99998735 	0.98659847 	0.99999094 	0.99998725 	0.99974829 	
0.99990035 	0.99916230 	0.99974927 	0.99997489 	0.99999237 	0.99742448 	0.99947146 	0.99955756 	0.30719799 	0.99992964 	0.99961049 	0.99998735 	0.98659847 	0.99999094 	0.99998725 	0.99974829 	
0.99990035 	0.99916230 	0.99974927 	0.99997489 	0.99999237 	0.99742448 	0.99947146 	0.99955756 	0.30719799 	0.99992964 	0.99961049 	0.99998735 	0.98659847 	0.99999094 	0.99998725 	0.99974829 	
0.99990035 	0.99916230 	0.99974927 	0.99997489 	0.99999237 	0.99742448 	0.99947146 	0.99981657 	0.30719799 	0.99992964 	0.99961049 	0.99998735 	0.98659847 	0.99999094 	0.99998725 	0.99974829 	
0.99990035 	0.99916230 	0.99974927 	0.99997489 	0.99999237 	0.99742448 	0.99947146 	0.99981657 	0.30611638 	0.99992964 	0.99961049 	0.99998735 	0.98659847 	0.99999094 	0.99998725 	0.99974829 	
0.99990035 	0.99916230 	0.99974927 	0.99997489 	0.99999237 	0.99742448 	0.99947146 	0.99981657 	0.30611638 	0.99992964 	0.99961049 	0.99998735 	0.98659847 	0.99999094 	0.99998725 	0.99974829 	
0.99990035 	0.99916230 	0.99974927 	0.99997489 	0.99999237 	0.99742448 	0.99947146 	0.99981657 	0.30611638 	0.99992964 	0.99966203 	0.99998735 	0.98659847 	0.99999094 	0.99998725 	0.99974829 	
0.99990035 	0.99916230 	0.99974927 	0.99997489 	0.99999237 	0.99742448 	0.99947146 	0.99981657 	0.30611638 	0.99992964 	0.99966203 	0.99998735 	0.98659847 	0.99999094 	0.99998725 	0.99974829 	
0.99990035 	0.99916230 	0.99974927 	0.99997489 	0.99999237 	0.99742448 	0.99947146 	0.99981657 	0.30611638 	0.99992964 	0.99966203 	0.99998735 	0.98659847 	0.99999094 	0.99998725 	0.99974829 	
0.99990035 	0.99916230 	0.99974927 	0.99997489 	0.99999237 	0.99742448 	0.99947146 	0.99981657 	0.30611638 	0.99992964 	0.99966203 	0.99998735 	0.98659847 	0.99999672 	0.99998725 	0.99974829 	
0.99990035 	0.99916230 	0.99974927 	0.99997489 	0.99999237 	0.99742448 	0.99947146 	0.99981657 	0.30611638 	0.99992964 	0.99966203 	0.99998735 	0.98659847 	0.99999672 	0.99998968 	0.99974829 	
0.99990035 	0.99916230 	0.99974927 	0.99997489 	0.99999237 	0.99742448 	0.99947146 	0.99981657 	0.30611638 	0.99992964 	0.99966203 	0.99998735 	0.98659847 	0.99999672 	0.99998968 	0.99999535 	
0.99990035 	0.99916230 	0.99974927 	0.99997489 	0.99999237 	0.99742448 	0.99947146 	0.99981657 	0.30611638 	0.99992964 	0.99966203 	0.99998735 	0.98659847 	0.99999672 	0.99998968 	0.99999535 	
0.99990035 	0.99975730 	0.99974927 	0.99997489 	0.99999237 	0.99742448 	0.99947146 	0.99981657 	0.30611638 	0.99992964 	0.99966203 	0.99998735 	0.98659847 	0.99999672 	0.99998968 	0.99999535 	
0.99990035 	0.99975730 	0.99974927 	0.99997489 	0.99999237 	0.99742448 	0.99947146 	0.99981657 	0.30611638 	0.99992964 	0.99966203 	0.99998735 	0.98659847 	0.99999672 	0.99998968 	0.99999535 	
0.99990035 	0.99975730 	0.99974927 	0.99997489 	0.99999237 	0.99742448 	0.99947146 	0.99981657 	0.30611638 	0.99992964 	0.99966203 	0.99998735 	0.98659847 	0.99999672 	0.99998968 	0.99999535 	
0.99990035 	0.99975730 	0.99974927 	0.99997489 	0.99999535 	0.99742448 	0.99947146 	0.99981657 	0.30611638 	0.99992964 	0.99966203 	0.99998735 	0.98659847 	0.99999672 	0.99998968 	0.99999535 	
0.99990035 	0.99975730 	0.99974927 	0.99997489 	0.99999535 	0.99742448 	0.99947146 	0.99981657 	0.30611638 	0.99992964 	0.99966203 	0.99998735 	0.98659847 	0.99999672 	0.99998968 	0.99999535 	
0.99990035 	0.99975730 	0.99974927 	0.99997489 	0.99999535 	0.99742448 	0.99947146 	0.99981657 	0.30611638 	0.99992964 	0.99966203 	0.99998735 	0.98659847 	0.99999672 	0.99998968 	0.99999535 	
0.99990035 	0.99975730 	0.99974927 	0.99997489 	0.99999535 	0.99742448 	0.99947146 	0.99991221 	0.30611638 	0.99992964 	0.99966203 	0.99998735 	0.98659847 	0.99999672 	0.99998968 	0.99999535 	
0.99990035 	0.99975730 	0.99974927 	0.99997489 	0.99999535 	0.99742448 	0.99947146 	0.99991221 	0.30611638 	0.99992964 	0.99966203 	0.99998735 	0.98659847 	0.99999672 	0.99998968 	0.99999535 	
0.99990035 	0.99975730 	0.99974927 	0.99997489 	0.99999535 	0.99742448 	0.99947146 	0.99991221 	0.30611638 	0.99997084 	0.99966203 	0.99998735 	0.98659847 	0.99999672 	0.99998968 	0.99999535 	
0.99990035 	0.99975730 	0.99974927 	0.99997489 	0.99999535 	0.99742448 	0.99947146 	0.99991221 	0.30611638 	0.99997084 	0.99993212 	0.99998735 	0.98659847 	0.99999672 	0.99998968 	0.99999535 	
0.99990035 	0.99975730 	0.99974927 	0.99997489 	0.99999535 	0.99742448 	0.99947146 	0.99991221 	0.30611638 	0.99997084 	0.99993212 	0.99998735 	0.98659847 	0.99999672 	0.99998968 	0.99999535 	
0.99990035 	0.99975730 	0.99974927 	0.99997489 	0.99999535 	0.99742448 	0.99947146 	0.99991221 	0.30611638 	0.99997084 	0.99993212 	0.99998735 	0.98659847 	0.99999672 	0.99998968 	0.99999535 	
0.99990035 	0.99975730 	0.99974927 	0.99997489 	0.99999535 	0.99742448 	0.99947146 	0.99991221 	0.30611638 	0.99997084 	0.99993212 	0.99998735 	0.98659847 	0.99999729 	0.99998968 	0.99999535 	
0.99990035 	0.99975730 	0.99974927 	0.99997489 	0.99999535 	0.99742448 	0.99947146 	0.99991221 	0.30611638 	0.99997084 	0.99993212 	0.99998735 	0.98659847 	0.99999729 	0.99998968 	0.99999535 	
0.99990035 	0.99975730 	0.99974927 	0.99997489 	0.99999535 	0.99742448 	0.99947146 	0.99991221 	0.30611638 	0.99997084 	0.99993212 	0.99998735 	0.98659847 	0.99999729 	0.99998968 	0.99999535 	
0.99990035 	0.99975730 	0.99974927 	0.99997489 	0.99999535 	0.99742448 	0.99947146 	0.99991221 	0.30611638 	0.99997084 	0.99993212 	0.99998735 	0.98659847 	0.99999729 	0.99998968 	0.99999535 	
0.99990035 	0.99975730 	0.99974927 	0.99997489 	0.99999535 	0.99742448 	0.99947146 	0.99991221 	0.30611638 	0.99997084 	0.99993212 	0.99998735 	0.98659847 	0.99999729 	0.99998968 	0.99999535 	
0.99990035 	0.99975730 	0.99974927 	0.99997489 	0.99999535 	0.99742448 	0.99947146 	0.99991221 	0.30611638 	0.99997084 	0.99993212 	0.99998735 	0.98659847 	0.99999729 	0.99998968 	0.99999535 	
0.99990035 	0.99975730 	0.99974927 	0.99998794 	0.99999535 	0.99742448 	0.99947146 	0.99991221 	0.30611638 	0.99997084 	0.99993212 	0.99998735 	0.98659847 	0.99999729 	0.99998968 	0.99999535 	
0.99990035 	0.99975730 	0.99974927 	0.99998794 	0.99999985 	0.99742448 	0.99947146 	0.99991221 	0.30611638 	0.99997084 	0.99993212 	0.99998735 	0.98659847 	0.99999729 	0.99998968 	0.99999535 	
0.99990035 	0.99975730 	0.99974927 	0.99998794 	0.99999985 	0.99742448 	0.99947146 	0.99991221 	0.30611638 	0.99997084 	0.99993212 	0.99998735 	0.98659847 	0.99999729 	0.99998968 	0.99999535 	
0.99990035 	0.99975730 	0.99974927 	0.99998794 	0.99999985 	0.99742448 	0.99947146 	0.99991221 	0.30611638 	0.99997084 	0.99993212 	0.99998735 	0.98659847 	0.99999729 	0.99998968 	0.99999535 	
0.99990035 	0.99975730 	0.99974927 	0.99998794 	0.99999985 	0.99742448 	0.99947146 	0.99991221 	0.30611638 	0.99997084 	0.99993212 	0.99998735 	0.98659847 	0.99999729 	0.99998968 	0.99999535 	
0.99990035 	0.99975730 	0.99974927 	0.99998794 	0.99999985 	0.99742448 	0.99947146 	0.99991221 	0.30388597 	0.99997084 	0.99993212 	0.99998735 	0.98659847 	0.99999729 	0.99998968 	0.99999535 	
0.99990035 	0.99975730 	0.99974927 	0.99998794 	0.99999985 	0.99742448 	0.99947146 	0.99991221 	0.30388597 	0.99999563 	0.99993212 	0.99998735 	0.98659847 	0.99999729 	0.99998968 	0.99999535 	
0.99990035 	0.99975730 	0.99974927 	0.99998794 	0.99999985 	0.99742448 	0.99947146 	0.99991221 	0.30388597 	0.99999563 	0.99997343 	0.99998735 	0.98659847 	0.99999729 	0.99998968 	0.99999535 	
0.99990035 	0.99975730 	0.99974927 	0.99998794 	0.99999985 	0.99742448 	0.99947146 	0.99991221 	0.30388597 	0.99999563 	0.99997343 	0.99998735 	0.98659847 	0.99999729 	0.99998968 	0.99999535 	
0.99990035 	0.99975730 	0.99974927 	0.99998794 	0.99999985 	0.99742448 	0.99947146 	0.99991221 	0.30388597 	0.99999563 	0.99997343 	0.99998735 	0.98666592 	0.99999729 	0.99998968 	0.99999535 	
0.99990035 	0.99975730 	0.99974927 	0.99998794 	0.99999985 	0.99742448 	0.99947146 	0.99991221 	0.30388597 	0.99999563 	0.99997343 	0.99998735 	0.98666592 	0.99999729 	0.99998968 	0.99999535 	
0.99990035 	0.99975730 	0.99974927 	0.99998794 	0.99999985 	0.99742448 	0.99947146 	0.99991221 	0.30388597 	0.99999563 	0.99997343 	0.99998735 	0.98666592 	0.99999729 	0.99999870 	0.99999535 	
0.99990035 	0.99975730 	0.99974927 	0.99998794 	0.99999985 	0.99742448 	0.99947146 	0.99991221 	0.30388597 	0.99999563 	0.99997343 	0.99998735 	0.98666592 	0.99999729 	0.99999870 	0.99999572 	
0.99996548 	0.99975730 	0.99974927 	0.99998794 	0.99999985 	0.99742448 	0.99947146 	0.99991221 	0.30388597 	0.99999563 	0.99997343 	0.99998735 	0.98666592 	0.99999729 	0.99999870 	0.99999572 	
0.99996548 	0.99991124 	0.99974927 	0.99998794 	0.99999985 	0.99742448 	0.99947146 	0.99991221 	0.30388597 	0.99999563 	0.99997343 	0.99998735 	0.98666592 	0.99999729 	0.99999870 	0.99999572 	
0.99996548 	0.99991124 	0.99999624 	0.99998794 	0.99999985 	0.99742448 	0.99947146 	0.99991221 	0.30388597 	0.99999563 	0.99997343 	0.99998735 	0.98666592 	0.99999729 	0.99999870 	0.99999572 	
0.99996548 	0.99991124 	0.99999624 	0.99998794 	0.99999985 	0.99742448 	0.99947146 	0.99991221 	0.30388597 	0.99999563 	0.99997343 	0.99998735 	0.98666592 	0.99999729 	0.99999870 	0.99999572 	
0.99996548 	0.99991124 	0.99999624 	0.99998794 	0.99999999 	0.99742448 	0.99947146 	0.99991221 	0.30388597 	0.99999563 	0.99997343 	0.99998735 	0.98666592 	0.99999729 	0.99999870 	0.99999572 	
0.99996548 	0.99991124 	0.99999624 	0.99998794 	0.99999999 	0.99705728 	0.99947146 	0.99991221 	0.30388597 	0.99999563 	0.99997343 	0.99998735 	0.98666592 	0.99999729 	0.99999870 	0.99999572 	
0.99996548 	0.99991124 	0.99999624 	0.99998794 	0.99999999 	0.99705728 	0.99947146 	0.99991221 	0.30388597 	0.99999563 	0.99997343 	0.99998735 	0.98666592 	0.99999729 	0.99999870 	0.99999572 	
0.99996548 	0.99991124 	0.99999624 	0.99998794 	0.99999999 	0.99705728 	0.99947146 	0.99999648 	0.30388597 	0.99999563 	0.99997343 	0.99998735 	0.98666592 	0.99999729 	0.99999870 	0.99999572 	
0.99996548 	0.99991124 	0.99999624 	0.99998794 	0.99999999 	0.99705728 	0.99947146 	0.99999648 	0.30388597 	0.99999563 	0.99997343 	0.99998735 	0.98666592 	0.99999729 	0.99999870 	0.99999572 	
0.99996548 	0.99991124 	0.99999624 	0.99998794 	0.99999999 	0.99705728 	0.99947146 	0.99999648 	0.30388597 	0.99999563 	0.99997343 	0.99998735 	0.98666592 	0.99999729 	0.99999870 	0.99999572 	
0.99996548 	0.99991124 	0.99999624 	0.99998794 	0.99999999 	0.99705728 	0.99947146 	0.99999648 	0.30388597 	0.99999563 	0.99997909 	0.99998735 	0.98666592 	0.99999729 	0.99999870 	0.99999572 	
0.99996548 	0.99991124 	0.99999624 	0.99998794 	0.99999999 	0.99705728 	0.99947146 	0.99999648 	0.30388597 	0.99999563 	0.99997909 	0.99998735 	0.98666592 	0.99999729 	0.99999870 	0.99999572 	
0.99996548 	0.99991124 	0.99999624 	0.99998794 	0.99999999 	0.99705728 	0.99947146 	0.99999648 	0.30388597 	0.99999563 	0.99997909 	0.99998735 	0.98702979 	0.99999729 	0.99999870 	0.99999572 	
0.99996548 	0.99991124 	0.99999624 	0.99998794 	0.99999999 	0.99705728 	0.99947146 	0.99999648 	0.30388597 	0.99999563 	0.99997909 	0.99998735 	0.98702979 	0.99999729 	0.99999870 	0.99999572 	
0.99996548 	0.99991124 	0.99999624 	0.99998794 	0.99999999 	0.99705728 	0.99947146 	0.99999648 	0.30388597 	0.99999563 	0.99997909 	0.99998735 	0.98702979 	0.99999729 	0.99999870 	0.99999572 	
0.99996548 	0.99991124 	0.99999624 	0.99998794 	0.99999999 	0.99705728 	0.99947146 	0.99999648 	0.30388597 	0.99999563 	0.99997909 	0.99998735 	0.98702979 	0.99999729 	0.99999870 	0.99999572 	
0.99996548 	0.99991124 	0.99999624 	0.99998794 	0.99999999 	0.99705728 	0.99947146 	0.99999648 	0.30388597 	0.99999563 	0.99997909 	0.99998735 	0.98702979 	0.99999729 	0.99999870 	0.99999572 	
0.99996548 	0.99991124 	0.99999624 	0.99998794 	0.99999999 	0.99705728 	0.99947146 	0.99999648 	0.30388597 	0.99999563 	0.99997909 	0.99998735 	0.98702979 	0.99999729 	0.99999870 	0.99999572 	
0.99996548 	0.99991124 	0.99999624 	0.99998794 	0.99999999 	0.99705728 	0.99947146 	0.99999648 	0.30388597 	0.99999563 	0.99997909 	0.99998735 	0.98702979 	0.99999729 	0.99999870 	0.99999572 	
0.99996548 	0.99991124 	0.99999624 	0.99998794 	0.99999999 	0.99705728 	0.99947146 	0.99999648 	0.30388597 	0.99999563 	0.99997909 	0.99998735 	0.98702979 	0.99999729 	0.99999870 	0.99999572 	
0.99996548 	0.99991124 	0.99999624 	0.99998794 	0.99999999 	0.99705728 	0.99947146 	0.99999648 	0.30388597 	0.99999563 	0.99997909 	0.99998735 	0.98702979 	0.99999729 	0.99999870 	0.99999572 	
0.99996548 	0.99991124 	0.99999624 	0.99998794 	0.99999999 	0.99705728 	0.99947146 	0.99999648 	0.30388597 	0.99999563 	0.99997909 	0.99998735 	0.98702979 	0.99999729 	0.99999870 	0.99999572 	
0.99996548 	0.99991124 	0.99999624 	0.99998794 	0.99999999 	0.99705728 	0.99947146 	0.99999648 	0.30388597 	0.99999563 	0.99997909 	0.99998735 	0.98702979 	0.99999729 	0.99999870 	0.99999572 	
0.99996548 	0.99991124 	0.99999624 	0.99998794 	0.99999999 	0.99705728 	0.99947146 	0.99999648 	0.30388597 	0.99999563 	0.99997909 	0.99998735 	0.98702979 	0.99999729 	0.99999870 	0.99999572 	
0.99996548 	0.99991124 	0.99999624 	0.99998794 	0.99999999 	0.99705728 	0.99947146 	0.99999648 	0.30310049 	0.99999563 	0.99997909 	0.99998735 	0.98702979 	0.99999729 	0.99999870 	0.99999572 	
0.99996548 	0.99991124 	0.99999624 	0.99998794 	0.99999999 	0.99705728 	0.99947146 	0.99999648 	0.30310049 	0.99999563 	0.99997909 	0.99998735 	0.98702979 	0.99999729 	0.99999870 	0.99999572 	
0.99996548 	0.99991124 	0.99999624 	0.99998794 	0.99999999 	0.99705728 	0.99947146 	0.99999648 	0.30310049 	0.99999563 	0.99999848 	0.99998735 	0.98702979 	0.99999729 	0.99999870 	0.99999572 	
0.99996548 	0.99991124 	0.99999624 	0.99998794 	0.99999999 	0.99705728 	0.99947146 	0.99999648 	0.30310049 	0.99999563 	0.99999848 	0.99998735 	0.98702979 	0.99999729 	0.99999870 	0.99999572 	
0.99996548 	0.99991124 	0.99999624 	0.99998794 	0.99999999 	0.99705728 	0.99947146 	0.99999648 	0.30310049 	0.99999563 	0.99999848 	0.99998735 	0.98702979 	0.99999729 	0.99999870 	0.99999572 	
0.99996548 	0.99991124 	0.99999624 	0.99998794 	0.99999999 	0.99705728 	0.99947146 	0.99999648 	0.30310049 	0.99999563 	0.99999848 	0.99998735 	0.98702979 	0.99999819 	0.99999870 	0.99999572 	
0.99996548 	0.99991124 	0.99999624 	0.99998794 	0.99999999 	0.99705728 	0.99947146 	0.99999648 	0.30310049 	0.99999563 	0.99999848 	0.99998735 	0.98702979 	0.99999819 	0.99999956 	0.99999572 	
0.99996548 	0.99991124 	0.99999624 	0.99998794 	0.99999999 	0.99705728 	0.99947146 	0.99999648 	0.30310049 	0.99999563 	0.99999848 	0.99998735 	0.98702979 	0.99999819 	0.99999956 	0.99999572 	
0.99999884 	0.99991124 	0.99999624 	0.99998794 	0.99999999 	0.99705728 	0.99947146 	0.99999648 	0.30310049 	0.99999563 	0.99999848 	0.99998735 	0.98702979 	0.99999819 	0.99999956 	0.99999572 	
0.99999884 	0.99996436 	0.99999624 	0.99998794 	0.99999999 	0.99705728 	0.99947146 	0.99999648 	0.30310049 	0.99999563 	0.99999848 	0.99998735 	0.98702979 	0.99999819 	0.99999956 	0.99999572 	
0.99999884 	0.99996436 	0.99999624 	0.99998794 	0.99999999 	0.99705728 	0.99947146 	0.99999648 	0.30310049 	0.99999563 	0.99999848 	0.99998735 	0.98702979 	0.99999819 	0.99999956 	0.99999572 	
0.99999884 	0.99996436 	0.99999624 	0.99998794 	0.99999999 	0.99705728 	0.99947146 	0.99999648 	0.30310049 	0.99999563 	0.99999848 	0.99998735 	0.98702979 	0.99999819 	0.99999956 	0.99999572 	
0.99999884 	0.99996436 	0.99999624 	0.99998794 	0.99999999 	0.99705728 	0.99947146 	0.99999648 	0.30310049 	0.99999563 	0.99999848 	0.99998735 	0.98702979 	0.99999819 	0.99999956 	0.99999572 	
0.99999884 	0.99996436 	0.99999624 	0.99998794 	0.99999999 	0.99705728 	0.99947146 	0.99999648 	0.30310049 	0.99999563 	0.99999848 	0.99998735 	0.98702979 	0.99999819 	0.99999956 	0.99999572 	
0.99999884 	0.99996436 	0.99999624 	0.99998794 	0.99999999 	0.99705728 	0.99945010 	0.99999648 	0.30310049 	0.99999563 	0.99999848 	0.99998735 	0.98702979 	0.99999819 	0.99999956 	0.99999572 	
0.99999884 	0.99996436 	0.99999624 	0.99998794 	0.99999999 	0.99705728 	0.99945010 	0.99999648 	0.30310049 	0.99999563 	0.99999848 	0.99998735 	0.98702979 	0.99999819 	0.99999956 	0.99999572 	
0.99999884 	0.99996436 	0.99999624 	0.99998794 	0.99999999 	0.99705728 	0.99945010 	0.99999648 	0.30310049 	0.99999563 	0.99999848 	0.99998735 	0.98702979 	0.99999819 	0.99999956 	0.99999572 	
0.99999884 	0.99996436 	0.99999624 	0.99998794 	0.99999999 	0.99705728 	0.99945010 	0.99999648 	0.30310049 	0.99999563 	0.99999848 	0.99998735 	0.98702979 	0.99999819 	0.99999956 	0.99999572 	
0.99999884 	0.99996436 	0.99999624 	0.99998794 	0.99999999 	0.99705728 	0.99945010 	0.99999648 	0.30310049 	0.99999563 	0.99999852 	0.99998735 	0.98702979 	0.99999819 	0.99999956 	0.99999572 	
0.99999884 	0.99996436 	0.99999624 	0.99998794 	0.99999999 	0.99705728 	0.99945010 	0.99999648 	0.30310049 	0.99999563 	0.99999852 	0.99998735 	0.98702979 	0.99999819 	0.99999956 	0.99999572 	
0.99999884 	0.99996436 	0.99999624 	0.99998794 	0.99999999 	0.99705728 	0.99945010 	0.99999648 	0.30310049 	0.99999563 	0.99999852 	0.99998735 	0.98749925 	0.99999819 	0.99999956 	0.99999572 	
0.99999884 	0.99996436 	0.99999624 	0.99998794 	0.99999999 	0.99705728 	0.99945010 	0.99999648 	0.30310049 	0.99999563 	0.99999852 	0.99998735 	0.98749925 	0.99999819 	0.99999956 	0.99999572 	
0.99999884 	0.99996436 	0.99999624 	0.99998794 	0.99999999 	0.99705728 	0.99945010 	0.99999648 	0.30310049 	0.99999563 	0.99999852 	0.99998735 	0.98749925 	0.99999819 	0.99999956 	0.99999572 	
0.99999884 	0.99996436 	0.99999624 	0.99998794 	0.99999999 	0.99705728 	0.99945010 	0.99999648 	0.30310049 	0.99999563 	0.99999852 	0.99998735 	0.98749925 	0.99999819 	0.99999956 	0.99999572 	
0.99999884 	0.99996436 	0.99999624 	0.99998794 	0.99999999 	0.99705728 	0.99945010 	0.99999648 	0.30310049 	0.99999563 	0.99999852 	0.99998735 	0.98749925 	0.99999819 	0.99999956 	0.99999572 	
0.99999884 	0.99996436 	0.99999624 	0.99998794 	0.99999999 	0.99705728 	0.99945010 	0.99999648 	0.30310049 	0.99999563 	0.99999852 	0.99998735 	0.98749925 	0.99999819 	0.99999956 	0.99999572 	
0.99999884 	0.99996436 	0.99999624 	0.99998794 	0.99999999 	0.99705728 	0.99945010 	0.99999648 	0.30310049 	0.99999563 	0.99999852 	0.99998735 	0.98749925 	0.99999819 	0.99999956 	0.99999572 	
0.99999884 	0.99996436 	0.99999624 	0.99999086 	0.99999999 	0.99705728 	0.99945010 	0.99999648 	0.30310049 	0.99999563 	0.99999852 	0.99998735 	0.98749925 	0.99999819 	0.99999956 	0.99999572 	
0.99999884 	0.99996436 	0.99999624 	0.99999086 	0.99999999 	0.99705728 	0.99945010 	0.99999648 	0.30310049 	0.99999563 	0.99999852 	0.99998735 	0.98749925 	0.99999819 	0.99999956 	0.99999572 	
0.99999884 	0.99996436 	0.99999624 	0.99999086 	0.99999999 	0.99705728 	0.99945010 	0.99999648 	0.30310049 	0.99999563 	0.99999852 	0.99998735 	0.98749925 	0.99999819 	0.99999956 	0.99999572 	
0.99999884 	0.99996436 	0.99999624 	0.99999086 	0.99999999 	0.99705728 	0.99939303 	0.99999648 	0.30310049 	0.99999563 	0.99999852 	0.99998735 	0.98749925 	0.99999819 	0.99999956 	0.99999572 	
0.99999884 	0.99996436 	0.99999624 	0.99999086 	0.99999999 	0.99705728 	0.99939303 	0.99999648 	0.30310049 	0.99999563 	0.99999852 	0.99998735 	0.98749925 	0.99999819 	0.99999956 	0.99999572 	
0.99999884 	0.99996436 	0.99999624 	0.99999086 	0.99999999 	0.99705728 	0.99939303 	0.99999648 	0.30310049 	0.99999563 	0.99999852 	0.99998735 	0.98749925 	0.99999819 	0.99999956 	0.99999572 	
0.99999884 	0.99996436 	0.99999624 	0.99999086 	0.99999999 	0.99705728 	0.99939303 	0.99999648 	0.30310049 	0.99999563 	0.99999852 	0.99998735 	0.98749925 	0.99999819 	0.99999956 	0.99999572 	
0.99999884 	0.99996436 	0.99999624 	0.99999086 	0.99999999 	0.99705728 	0.99939303 	0.99999648 	0.30310049 	0.99999563 	0.99999855 	0.99998735 	0.98749925 	0.99999819 	0.99999956 	0.99999572 	
0.99999884 	0.99996436 	0.99999624 	0.99999086 	0.99999999 	0.99705728 	0.99939303 	0.99999648 	0.30310049 	0.99999563 	0.99999855 	0.99998735 	0.98749925 	0.99999819 	0.99999956 	0.99999572 	
0.99999884 	0.99996436 	0.99999624 	0.99999086 	0.99999999 	0.99705728 	0.99939303 	0.99999648 	0.30310049 	0.99999563 	0.99999855 	0.99998735 	0.98749925 	0.99999819 	0.99999956 	0.99999572 	
0.99999884 	0.99996436 	0.99999624 	0.99999086 	0.99999999 	0.99705728 	0.99939303 	0.99999648 	0.30310049 	0.99999563 	0.99999855 	0.99998735 	0.98749925 	0.99999819 	0.99999956 	0.99999572 	
0.99999884 	0.99996436 	0.99999624 	0.99999086 	0.99999999 	0.99705728 	0.99939303 	0.99999648 	0.30310049 	0.99999563 	0.99999855 	0.99998735 	0.98749925 	0.99999819 	0.99999956 	0.99999572 	
0.99999884 	0.99996436 	0.99999624 	0.99999086 	0.99999999 	0.99705728 	0.99939303 	0.99999648 	0.30310049 	0.99999563 	0.99999855 	0.99998735 	0.98749925 	0.99999819 	0.99999956 	0.99999572 	
0.99999884 	0.99996436 	0.99999624 	0.99999086 	0.99999999 	0.99705728 	0.99939303 	0.99999648 	0.30310049 	0.99999563 	0.99999855 	0.99998735 	0.98749925 	0.99999819 	0.99999956 	0.99999572 	
0.99999884 	0.99997890 	0.99999624 	0.99999086 	0.99999999 	0.99705728 	0.99939303 	0.99999648 	0.30310049 	0.99999563 	0.99999855 	0.99998735 	0.98749925 	0.99999819 	0.99999956 	0.99999572 	
0.99999884 	0.99997890 	0.99999624 	0.99999086 	0.99999999 	0.99705728 	0.99939303 	0.99999648 	0.30310049 	0.99999563 	0.99999855 	0.99998735 	0.98749925 	0.99999819 	0.99999956 	0.99999572 	
0.99999884 	0.99997890 	0.99999624 	0.99999736 	0.99999999 	0.99705728 	0.99939303 	0.99999648 	0.30310049 	0.99999563 	0.99999855 	0.99998735 	0.98749925 	0.99999819 	0.99999956 	0.99999572 	
0.99999884 	0.99997890 	0.99999624 	0.99999736 	0.99999999 	0.99705728 	0.99939303 	0.99999648 	0.30310049 	0.99999563 	0.99999855 	0.99998735 	0.98749925 	0.99999819 	0.99999956 	0.99999572 	
0.99999884 	0.99997890 	0.99999624 	0.99999736 	0.99999999 	0.99705728 	0.99939303 	0.99999648 	0.30310049 	0.99999563 	0.99999855 	0.99998735 	0.98749925 	0.99999819 	0.99999956 	0.99999572 	
0.99999884 	0.99997890 	0.99999624 	0.99999736 	0.99999999 	0.99705728 	0.99939303 	0.99999648 	0.30310049 	0.99999563 	0.99999855 	0.99998735 	0.98749925 	0.99999819 	0.99999956 	0.99999572 	
0.99999884 	0.99997890 	0.99999624 	0.99999736 	0.99999999 	0.99705728 	0.99939303 	0.99999648 	0.30310049 	0.99999563 	0.99999855 	0.99998735 	0.98749925 	0.99999819 	0.99999956 	0.99999572 	
0.99999884 	0.99997890 	0.99999624 	0.99999736 	0.99999999 	0.99705728 	0.99939303 	0.99999648 	0.30307448 	0.99999563 	0.99999855 	0.99998735 	0.98749925 	0.99999819 	0.99999956 	0.99999572 	
0.99999884 	0.99997890 	0.99999624 	0.99999736 	0.99999999 	0.99705728 	0.99939303 	0.99999648 	0.30307448 	0.99999563 	0.99999855 	0.99998735 	0.98749925 	0.99999819 	0.99999956 	0.99999572 	
0.99999884 	0.99997890 	0.99999624 	0.99999736 	0.99999999 	0.99705728 	0.99939303 	0.99999648 	0.30307448 	0.99999563 	0.99999912 	0.99998735 	0.98749925 	0.99999819 	0.99999956 	0.99999572 	
0.99999884 	0.99997890 	0.99999624 	0.99999736 	0.99999999 	0.99705728 	0.99939303 	0.99999648 	0.30307448 	0.99999563 	0.99999912 	0.99998735 	0.98749925 	0.99999819 	0.99999956 	0.99999572 	
0.99999884 	0.99997890 	0.99999624 	0.99999736 	0.99999999 	0.99705728 	0.99939303 	0.99999648 	0.30307448 	0.99999563 	0.99999912 	0.99998735 	0.98749925 	0.99999819 	0.99999956 	0.99999572 	
0.99999884 	0.99997890 	0.99999624 	0.99999736 	0.99999999 	0.99705728 	0.99939303 	0.99999648 	0.30307448 	0.99999563 	0.99999912 	0.99998735 	0.98749925 	0.99999819 	0.99999956 	0.99999572 	
0.99999884 	0.99997890 	0.99999624 	0.99999736 	0.99999999 	0.99705728 	0.99939303 	0.99999648 	0.30307448 	0.99999563 	0.99999912 	0.99998735 	0.98749925 	0.99999819 	0.99999956 	0.99999572 	
0.99999884 	0.99997890 	0.99999624 	0.99999736 	0.99999999 	0.99705728 	0.99939303 	0.99999648 	0.30307448 	0.99999563 	0.99999912 	0.99998735 	0.98749925 	0.99999819 	0.99999956 	0.99999572 	
0.99999884 	0.99997890 	0.99999624 	0.99999736 	0.99999999 	0.99705728 	0.99939303 	0.99999648 	0.30307448 	0.99999563 	0.99999912 	0.99998735 	0.98749925 	0.99999819 	0.99999956 	0.99999572 	
0.99999884 	0.99997890 	0.99999624 	0.99999736 	0.99999999 	0.99705728 	0.99939303 	0.99999648 	0.30307448 	0.99999563 	0.99999912 	0.99998735 	0.98749925 	0.99999819 	0.99999956 	0.99999572 	
0.99999884 	0.99997890 	0.99999624 	0.99999736 	0.99999999 	0.99705728 	0.99939303 	0.99999648 	0.30307448 	0.99999563 	0.99999912 	0.99998735 	0.98749925 	0.99999819 	0.99999956 	0.99999572 	
0.99999884 	0.99997890 	0.99999624 	0.99999736 	0.99999999 	0.99705728 	0.99939303 	0.99999648 	0.30307448 	0.99999563 	0.99999912 	0.99998735 	0.98749925 	0.99999819 	0.99999956 	0.99999572 	
0.99999884 	0.99997890 	0.99999624 	0.99999736 	0.99999999 	0.99705728 	0.99939303 	0.99999648 	0.30307448 	0.99999563 	0.99999912 	0.99998735 	0.98749925 	0.99999819 	0.99999956 	0.99999572 	
0.99999884 	0.99997890 	0.99999624 	0.99999736 	0.99999999 	0.99705728 	0.99939303 	0.99999648 	0.30307448 	0.99999563 	0.99999912 	0.99998735 	0.98749925 	0.99999819 	0.99999956 	0.99999572 	
0.99999884 	0.99997890 	0.99999624 	0.99999736 	0.99999999 	0.99705728 	0.99939303 	0.99999648 	0.30307448 	0.99999563 	0.99999912 	0.99998735 	0.98749925 	0.99999819 	0.99999956 	0.99999572 	
0.99999884 	0.99997890 	0.99999624 	0.99999736 	0.99999999 	0.99705728 	0.99939303 	0.99999648 	0.30307448 	0.99999563 	0.99999912 	0.99998735 	0.98749925 	0.99999819 	0.99999956 	0.99999572 	
0.99999884 	0.99997890 	0.99999624 	0.99999736 	0.99999999 	0.99705728 	0.99939303 	0.99999648 	0.30305979 	0.99999563 	0.99999912 	0.99998735 	0.98749925 	0.99999819 	0.99999956 	0.99999572 	
0.99999884 	0.99997890 	0.99999624 	0.99999736 	0.99999999 	0.99705728 	0.99939303 	0.99999648 	0.30305979 	0.99999563 	0.99999912 	0.99998735 	0.98749925 	0.99999819 	0.99999956 	0.99999572 	
0.99999884 	0.99997890 	0.99999624 	0.99999736 	0.99999999 	0.99705728 	0.99939303 	0.99999648 	0.30305979 	0.99999563 	0.99999973 	0.99998735 	0.98749925 	0.99999819 	0.99999956 	0.99999572 	
0.99999884 	0.99997890 	0.99999624 	0.99999736 	0.99999999 	0.99705728 	0.99939303 	0.99999648 	0.30305979 	0.99999563 	0.99999973 	0.99998735 	0.98749925 	0.99999819 	0.99999956 	0.99999572 	
0.99999884 	0.99997890 	0.99999624 	0.99999736 	0.99999999 	0.99705728 	0.99939303 	0.99999648 	0.30305979 	0.99999563 	0.99999973 	0.99998735 	0.98749925 	0.99999819 	0.99999956 	0.99999572 	
0.99999884 	0.99997890 	0.99999624 	0.99999736 	0.99999999 	0.99705728 	0.99939303 	0.99999648 	0.30305979 	0.99999563 	0.99999973 	0.99998735 	0.98749925 	0.99999819 	0.99999956 	0.99999572 	
0.99999884 	0.99997890 	0.99999624 	0.99999736 	0.99999999 	0.99705728 	0.99939303 	0.99999648 	0.30305979 	0.99999563 	0.99999973 	0.99998735 	0.98749925 	0.99999819 	0.99999956 	0.99999572 	
0.99999884 	0.99997890 	0.99999624 	0.99999736 	0.99999999 	0.99705728 	0.99939303 	0.99999648 	0.30305979 	0.99999563 	0.99999973 	0.99998735 	0.98749925 	0.99999819 	0.99999956 	0.99999572 	
0.99999884 	0.99997890 	0.99999624 	0.99999736 	0.99999999 	0.99705728 	0.99939303 	0.99999648 	0.30305979 	0.99999563 	0.99999973 	0.99998735 	0.98749925 	0.99999819 	0.99999956 	0.99999572 	
0.99999884 	0.99997890 	0.99999624 	0.99999736 	0.99999999 	0.99705728 	0.99939303 	0.99999648 	0.30305979 	0.99999563 	0.99999973 	0.99998735 	0.98749925 	0.99999819 	0.99999956 	0.99999572 	
0.99999884 	0.99997890 	0.99999624 	0.99999736 	0.99999999 	0.99705728 	0.99939303 	0.99999648 	0.30305979 	0.99999563 	0.99999973 	0.99998735 	0.98749925 	0.99999819 	0.99999956 	0.99999572 	
0.99999884 	0.99997890 	0.99999624 	0.99999736 	0.99999999 	0.99705728 	0.99939303 	0.99999648 	0.30305979 	0.99999563 	0.99999973 	0.99998735 	0.98749925 	0.99999819 	0.99999956 	0.99999572 	
0.99999884 	0.99997890 	0.99999624 	0.99999736 	0.99999999 	0.99705728 	0.99939303 	0.99999648 	0.30305979 	0.99999563 	0.99999973 	0.99998735 	0.98749925 	0.99999819 	0.99999956 	0.99999572 	
0.99999884 	0.99997890 	0.99999624 	0.99999736 	0.99999999 	0.99705728 	0.99939303 	0.99999648 	0.30305979 	0.99999563 	0.99999973 	0.99998735 	0.98749925 	0.99999819 	0.99999956 	0.99999572 	
0.99999884 	0.99997890 	0.99999624 	0.99999736 	0.99999999 	0.99705728 	0.99939303 	0.99999648 	0.30305979 	0.99999563 	0.99999973 	0.99998735 	0.98749925 	0.99999819 	0.99999956 	0.99999572 	
0.99999884 	0.99997890 	0.99999624 	0.99999736 	0.99999999 	0.99705728 	0.99939303 	0.99999648 	0.30305979 	0.99999563 	0.99999973 	0.99998735 	0.98749925 	0.99999819 	0.99999956 	0.99999572 	
0.99999884 	0.99997890 	0.99999624 	0.99999736 	0.99999999 	0.99705728 	0.99939303 	0.99999648 	0.30305979 	0.99999563 	0.99999973 	0.99998735 	0.98749925 	0.99999819 	0.99999956 	0.99999572 	
0.99999884 	0.99997890 	0.99999624 	0.99999736 	0.99999999 	0.99705728 	0.99939303 	0.99999648 	0.30305979 	0.99999890 	0.99999973 	0.99998735 	0.98749925 	0.99999819 	0.99999956 	0.99999572 	
0.99999884 	0.99997890 	0.99999624 	0.99999736 	0.99999999 	0.99705728 	0.99939303 	0.99999648 	0.30305979 	0.99999890 	0.99999973 	0.99998735 	0.98749925 	0.99999819 	0.99999956 	0.99999572 	
0.99999884 	0.99997890 	0.99999624 	0.99999736 	0.99999999 	0.99705728 	0.99939303 	0.99999648 	0.30305979 	0.99999890 	0.99999973 	0.99999259 	0.98749925 	0.99999819 	0.99999956 	0.99999572 	
0.99999884 	0.99997890 	0.99999624 	0.99999736 	0.99999999 	0.99705728 	0.99939303 	0.99999648 	0.30305979 	0.99999890 	0.99999973 	0.99999259 	0.98750420 	0.99999819 	0.99999956 	0.99999572 	
0.99999884 	0.99997890 	0.99999624 	0.99999736 	0.99999999 	0.99705728 	0.99939303 	0.99999648 	0.30305979 	0.99999890 	0.99999973 	0.99999259 	0.98750420 	0.99999819 	0.99999956 	0.99999572 	
0.99999884 	0.99997890 	0.99999624 	0.99999736 	0.99999999 	0.99705728 	0.99939303 	0.99999648 	0.30305979 	0.99999890 	0.99999973 	0.99999259 	0.98750420 	0.99999819 	0.99999988 	0.99999572 	
0.99999884 	0.99997890 	0.99999624 	0.99999736 	0.99999999 	0.99705728 	0.99939303 	0.99999648 	0.30305979 	0.99999890 	0.99999973 	0.99999259 	0.98750420 	0.99999819 	0.99999988 	0.99999572 	
0.99999940 	0.99997890 	0.99999624 	0.99999736 	0.99999999 	0.99705728 	0.99939303 	0.99999648 	0.30305979 	0.99999890 	0.99999973 	0.99999259 	0.98750420 	0.99999819 	0.99999988 	0.99999572 	
0.99999940 	0.99999027 	0.99999624 	0.99999736 	0.99999999 	0.99705728 	0.99939303 	0.99999648 	0.30305979 	0.99999890 	0.99999973 	0.99999259 	0.98750420 	0.99999819 	0.99999988 	0.99999572 	
0.99999940 	0.99999027 	0.99999624 	0.99999736 	0.99999999 	0.99705728 	0.99939303 	0.99999648 	0.30305979 	0.99999890 	0.99999973 	0.99999259 	0.98750420 	0.99999819 	0.99999988 	0.99999572 	
0.99999940 	0.99999027 	0.99999624 	0.99999736 	0.99999999 	0.99705728 	0.99939303 	0.99999648 	0.30305979 	0.99999890 	0.99999973 	0.99999259 	0.98750420 	0.99999819 	0.99999988 	0.99999572 	
0.99999940 	0.99999027 	0.99999624 	0.99999736 	0.99999999 	0.99705728 	0.99939303 	0.99999648 	0.30305979 	0.99999890 	0.99999973 	0.99999259 	0.98750420 	0.99999819 	0.99999988 	0.99999572 	
0.99999940 	0.99999027 	0.99999624 	0.99999736 	0.99999999 	0.99705728 	0.99939303 	0.99999648 	0.30305979 	0.99999890 	0.99999973 	0.99999259 	0.98750420 	0.99999819 	0.99999988 	0.99999572 	
0.99999940 	0.99999027 	0.99999624 	0.99999736 	0.99999999 	0.99705728 	0.99939303 	0.99999648 	0.30305979 	0.99999890 	0.99999973 	0.99999259 	0.98750420 	0.99999819 	0.99999988 	0.99999572 	
0.99999940 	0.99999027 	0.99999624 	0.99999736 	0.99999999 	0.99705728 	0.99939303 	0.99999648 	0.30305979 	0.99999890 	0.99999973 	0.99999259 	0.98750420 	0.99999819 	0.99999988 	0.99999572 	
0.99999940 	0.99999027 	0.99999624 	0.99999736 	0.99999999 	0.99705728 	0.99939303 	0.99999648 	0.30305979 	0.99999890 	0.99999973 	0.99999259 	0.98750420 	0.99999819 	0.99999988 	0.99999572 	
0.99999940 	0.99999027 	0.99999624 	0.99999736 	0.99999999 	0.99705728 	0.99939303 	0.99999648 	0.30305979 	0.99999890 	0.99999973 	0.99999259 	0.98750420 	0.99999819 	0.99999988 	0.99999572 	
0.99999940 	0.99999027 	0.99999624 	0.99999736 	0.99999999 	0.99705728 	0.99939303 	0.99999648 	0.30305979 	0.99999890 	0.99999985 	0.99999259 	0.98750420 	0.99999819 	0.99999988 	0.99999572 	
0.99999940 	0.99999027 	0.99999624 	0.99999736 	0.99999999 	0.99705728 	0.99939303 	0.99999648 	0.30305979 	0.99999890 	0.99999985 	0.99999998 	0.98750420 	0.99999819 	0.99999988 	0.99999572 	
0.99999940 	0.99999027 	0.99999624 	0.99999736 	0.99999999 	0.99705728 	0.99939303 	0.99999648 	0.30305979 	0.99999890 	0.99999985 	0.99999998 	0.98750420 	0.99999819 	0.99999988 	0.99999572 	
0.99999940 	0.99999027 	0.99999624 	0.99999736 	0.99999999 	0.99705728 	0.99939303 	0.99999648 	0.30305979 	0.99999890 	0.99999985 	0.99999998 	0.98750420 	0.99999819 	0.99999988 	0.99999572 	
0.99999940 	0.99999027 	0.99999624 	0.99999736 	0.99999999 	0.99705728 	0.99939303 	0.99999648 	0.30305979 	0.99999890 	0.99999985 	0.99999998 	0.98750420 	0.99999819 	0.99999990 	0.99999572 	
0.99999940 	0.99999027 	0.99999624 	0.99999736 	0.99999999 	0.99705728 	0.99939303 	0.99999648 	0.30305979 	0.99999890 	0.99999985 	0.99999998 	0.98750420 	0.99999819 	0.99999990 	0.99999572 	
0.99999940 	0.99999027 	0.99999624 	0.99999736 	0.99999999 	0.99705728 	0.99939303 	0.99999648 	0.30305979 	0.99999890 	0.99999985 	0.99999998 	0.98750420 	0.99999819 	0.99999990 	0.99999572 	
0.99999940 	0.99999512 	0.99999624 	0.99999736 	0.99999999 	0.99705728 	0.99939303 	0.99999648 	0.30305979 	0.99999890 	0.99999985 	0.99999998 	0.98750420 	0.99999819 	0.99999990 	0.99999572 	
0.99999940 	0.99999512 	0.99999624 	0.99999736 	0.99999999 	0.99705728 	0.99939303 	0.99999648 	0.30305979 	0.99999890 	0.99999985 	0.99999998 	0.98750420 	0.99999819 	0.99999990 	0.99999572 	
0.99999940 	0.99999512 	0.99999624 	0.99999736 	0.99999999 	0.99705728 	0.99939303 	0.99999648 	0.30305979 	0.99999890 	0.99999985 	0.99999998 	0.98750420 	0.99999819 	0.99999990 	0.99999572 	
0.99999940 	0.99999512 	0.99999624 	0.99999736 	0.99999999 	0.99705728 	0.99939303 	0.99999648 	0.30305979 	0.99999890 	0.99999985 	0.99999998 	0.98750420 	0.99999819 	0.99999990 	0.99999572 	
0.99999940 	0.99999512 	0.99999624 	0.99999736 	0.99999999 	0.99705728 	0.99939303 	0.99999648 	0.30305979 	0.99999890 	0.99999985 	0.99999998 	0.98750420 	0.99999819 	0.99999990 	0.99999572 	
0.99999940 	0.99999512 	0.99999624 	0.99999736 	0.99999999 	0.99705728 	0.99937810 	0.99999648 	0.30305979 	0.99999890 	0.99999985 	0.99999998 	0.98750420 	0.99999819 	0.99999990 	0.99999572 	
0.99999940 	0.99999512 	0.99999624 	0.99999736 	0.99999999 	0.99705728 	0.99937810 	0.99999648 	0.30305979 	0.99999890 	0.99999985 	0.99999998 	0.98750420 	0.99999819 	0.99999990 	0.99999572 	
0.99999940 	0.99999512 	0.99999624 	0.99999736 	0.99999999 	0.99705728 	0.99937810 	0.99999648 	0.30305979 	0.99999890 	0.99999985 	0.99999998 	0.98750420 	0.99999819 	0.99999990 	0.99999572 	
0.99999940 	0.99999512 	0.99999624 	0.99999736 	0.99999999 	0.99705728 	0.99937810 	0.99999648 	0.30305979 	0.99999890 	0.99999985 	0.99999998 	0.98750420 	0.99999819 	0.99999990 	0.99999572 	
0.99999940 	0.99999512 	0.99999624 	0.99999736 	0.99999999 	0.99705728 	0.99937810 	0.99999648 	0.30305979 	0.99999890 	0.99999985 	0.99999998 	0.98750420 	0.99999819 	0.99999990 	0.99999572 	
0.99999940 	0.99999512 	0.99999624 	0.99999736 	0.99999999 	0.99705728 	0.99937810 	0.99999648 	0.30305979 	0.99999890 	0.99999985 	0.99999998 	0.98750420 	0.99999819 	0.99999990 	0.99999572 	
0.99999940 	0.99999512 	0.99999624 	0.99999736 	0.99999999 	0.99705728 	0.99937810 	0.99999648 	0.30305979 	0.99999890 	0.99999985 	0.99999998 	0.98750420 	0.99999819 	0.99999990 	0.99999572 	
0.99999940 	0.99999512 	0.99999624 	0.99999736 	0.99999999 	0.99705728 	0.99937810 	0.99999648 	0.30305979 	0.99999890 	0.99999985 	0.99999998 	0.98750420 	0.99999819 	0.99999990 	0.99999572 	
0.99999940 	0.99999512 	0.99999624 	0.99999736 	0.99999999 	0.99705728 	0.99937810 	0.99999648 	0.30305979 	0.99999890 	0.99999985 	0.99999998 	0.98750420 	0.99999819 	0.99999990 	0.99999572 	
0.99999940 	0.99999512 	0.99999624 	0.99999736 	0.99999999 	0.99705728 	0.99937810 	0.99999648 	0.30305979 	0.99999890 	0.99999985 	0.99999998 	0.98750420 	0.99999819 	0.99999990 	0.99999572 	
0.99999940 	0.99999512 	0.99999624 	0.99999736 	0.99999999 	0.99705728 	0.99937810 	0.99999648 	0.30305979 	0.99999890 	0.99999985 	0.99999998 	0.98750420 	0.99999819 	0.99999990 	0.99999572 	
0.99999940 	0.99999641 	0.99999624 	0.99999736 	0.99999999 	0.99705728 	0.99937810 	0.99999648 	0.30305979 	0.99999890 	0.99999985 	0.99999998 	0.98750420 	0.99999819 	0.99999990 	0.99999572 	
0.99999940 	0.99999641 	0.99999624 	0.99999736 	0.99999999 	0.99705728 	0.99937810 	0.99999648 	0.30305979 	0.99999890 	0.99999985 	0.99999998 	0.98750420 	0.99999819 	0.99999990 	0.99999572 	
0.99999940 	0.99999641 	0.99999624 	0.99999779 	0.99999999 	0.99705728 	0.99937810 	0.99999648 	0.30305979 	0.99999890 	0.99999985 	0.99999998 	0.98750420 	0.99999819 	0.99999990 	0.99999572 	
0.99999940 	0.99999641 	0.99999624 	0.99999779 	0.99999999 	0.99705728 	0.99937810 	0.99999648 	0.30305979 	0.99999890 	0.99999985 	0.99999998 	0.98750420 	0.99999819 	0.99999990 	0.99999572 	
0.99999940 	0.99999641 	0.99999624 	0.99999779 	0.99999999 	0.99705728 	0.99937810 	0.99999648 	0.30305979 	0.99999890 	0.99999985 	0.99999998 	0.98750420 	0.99999819 	0.99999990 	0.99999572 	
0.99999940 	0.99999641 	0.99999624 	0.99999779 	0.99999999 	0.99705728 	0.99937810 	0.99999648 	0.30305979 	0.99999890 	0.99999985 	0.99999998 	0.98750420 	0.99999819 	0.99999990 	0.99999572 	
0.99999940 	0.99999641 	0.99999624 	0.99999779 	0.99999999 	0.99705728 	0.99937810 	0.99999648 	0.30305979 	0.99999890 	0.99999985 	0.99999998 	0.98750420 	0.99999819 	0.99999990 	0.99999572 	
0.99999940 	0.99999641 	0.99999624 	0.99999779 	0.99999999 	0.99705728 	0.99937810 	0.99999648 	0.30305979 	0.99999890 	0.99999985 	0.99999998 	0.98750420 	0.99999819 	0.99999990 	0.99999572 	
0.99999940 	0.99999641 	0.99999624 	0.99999779 	0.99999999 	0.99705728 	0.99937810 	0.99999648 	0.30305979 	0.99999970 	0.99999985 	0.99999998 	0.98750420 	0.99999819 	0.99999990 	0.99999572 	
0.99999940 	0.99999641 	0.99999624 	0.99999779 	0.99999999 	0.99705728 	0.99937810 	0.99999648 	0.30305979 	0.99999970 	0.99999985 	0.99999998 	0.98750420 	0.99999819 	0.99999990 	0.99999572 	
0.99999940 	0.99999641 	0.99999624 	0.99999779 	0.99999999 	0.99705728 	0.99937810 	0.99999648 	0.30305979 	0.99999970 	0.99999985 	0.99999998 	0.98750420 	0.99999819 	0.99999990 	0.99999572 	
0.99999940 	0.99999641 	0.99999624 	0.99999779 	0.99999999 	0.99705728 	0.99937810 	0.99999648 	0.30305979 	0.99999970 	0.99999985 	0.99999998 	0.98751465 	0.99999819 	0.99999990 	0.99999572 	
0.99999940 	0.99999641 	0.99999624 	0.99999779 	0.99999999 	0.99705728 	0.99937810 	0.99999648 	0.30305979 	0.99999970 	0.99999985 	0.99999998 	0.98751465 	0.99999976 	0.99999990 	0.99999572 	
0.99999940 	0.99999641 	0.99999624 	0.99999779 	0.99999999 	0.99705728 	0.99937810 	0.99999648 	0.30305979 	0.99999970 	0.99999985 	0.99999998 	0.98751465 	0.99999976 	0.99999990 	0.99999572 	
0.99999940 	0.99999641 	0.99999624 	0.99999779 	0.99999999 	0.99705728 	0.99937810 	0.99999648 	0.30305979 	0.99999970 	0.99999985 	0.99999998 	0.98751465 	0.99999976 	0.99999990 	0.99999858 	
