0.94987027 	0.79654861 	0.89078587 	0.71718398 	0.24108455 	0.90823438 	0.50387587 	0.57226972 	0.14846674 	0.43702635 	0.79065309 	0.26121598 	0.48147264 	0.98466726 	0.25223322 	0.98260776 	
0.94987027 	0.91885464 	0.89078587 	0.71718398 	0.24108455 	0.90823438 	0.50387587 	0.57226972 	0.14846674 	0.43702635 	0.79065309 	0.26121598 	0.48147264 	0.98466726 	0.25223322 	0.98260776 	
0.94987027 	0.91885464 	0.95593749 	0.71718398 	0.24108455 	0.90823438 	0.50387587 	0.57226972 	0.14846674 	0.43702635 	0.79065309 	0.26121598 	0.48147264 	0.98466726 	0.25223322 	0.98260776 	
0.94987027 	0.91885464 	0.95593749 	0.93970235 	0.24108455 	0.90823438 	0.50387587 	0.57226972 	0.14846674 	0.43702635 	0.79065309 	0.26121598 	0.48147264 	0.98466726 	0.25223322 	0.98260776 	
0.94987027 	0.91885464 	0.95593749 	0.93970235 	0.86376569 	0.90823438 	0.50387587 	0.57226972 	0.14846674 	0.43702635 	0.79065309 	0.26121598 	0.48147264 	0.98466726 	0.25223322 	0.98260776 	
0.94987027 	0.91885464 	0.95593749 	0.93970235 	0.86376569 	0.97067460 	0.50387587 	0.57226972 	0.14846674 	0.43702635 	0.79065309 	0.26121598 	0.48147264 	0.98466726 	0.25223322 	0.98260776 	
0.94987027 	0.91885464 	0.95593749 	0.93970235 	0.86376569 	0.97067460 	0.87405296 	0.57226972 	0.14846674 	0.43702635 	0.79065309 	0.26121598 	0.48147264 	0.98466726 	0.25223322 	0.98260776 	
0.94987027 	0.91885464 	0.95593749 	0.93970235 	0.86376569 	0.97067460 	0.87405296 	0.98477602 	0.14846674 	0.43702635 	0.79065309 	0.26121598 	0.48147264 	0.98466726 	0.25223322 	0.98260776 	
0.94987027 	0.91885464 	0.95593749 	0.93970235 	0.86376569 	0.97067460 	0.87405296 	0.98477602 	0.37077473 	0.43702635 	0.79065309 	0.26121598 	0.48147264 	0.98466726 	0.25223322 	0.98260776 	
0.94987027 	0.91885464 	0.95593749 	0.93970235 	0.86376569 	0.97067460 	0.87405296 	0.98477602 	0.37077473 	0.98084325 	0.79065309 	0.26121598 	0.48147264 	0.98466726 	0.25223322 	0.98260776 	
0.94987027 	0.91885464 	0.95593749 	0.93970235 	0.86376569 	0.97067460 	0.87405296 	0.98477602 	0.37077473 	0.98084325 	0.90944742 	0.26121598 	0.48147264 	0.98466726 	0.25223322 	0.98260776 	
0.94987027 	0.91885464 	0.95593749 	0.93970235 	0.86376569 	0.97067460 	0.87405296 	0.98477602 	0.37077473 	0.98084325 	0.90944742 	0.97871600 	0.48147264 	0.98466726 	0.25223322 	0.98260776 	
0.94987027 	0.91885464 	0.95593749 	0.93970235 	0.86376569 	0.97067460 	0.87405296 	0.98477602 	0.37077473 	0.98084325 	0.90944742 	0.97871600 	0.85757183 	0.98466726 	0.25223322 	0.98260776 	
0.94987027 	0.91885464 	0.95593749 	0.93970235 	0.86376569 	0.97067460 	0.87405296 	0.98477602 	0.37077473 	0.98084325 	0.90944742 	0.97871600 	0.85757183 	0.98466726 	0.25223322 	0.98260776 	
0.94987027 	0.91885464 	0.95593749 	0.93970235 	0.86376569 	0.97067460 	0.87405296 	0.98477602 	0.37077473 	0.98084325 	0.90944742 	0.97871600 	0.85757183 	0.98466726 	0.96161859 	0.98260776 	
0.94987027 	0.91885464 	0.95593749 	0.93970235 	0.86376569 	0.97067460 	0.87405296 	0.98477602 	0.37077473 	0.98084325 	0.90944742 	0.97871600 	0.85757183 	0.98466726 	0.96161859 	0.98260776 	
0.94987027 	0.91885464 	0.95593749 	0.93970235 	0.86376569 	0.97067460 	0.87405296 	0.98477602 	0.37077473 	0.98084325 	0.90944742 	0.97871600 	0.85757183 	0.98466726 	0.96161859 	0.98260776 	
0.94987027 	0.99214047 	0.95593749 	0.93970235 	0.86376569 	0.97067460 	0.87405296 	0.98477602 	0.37077473 	0.98084325 	0.90944742 	0.97871600 	0.85757183 	0.98466726 	0.96161859 	0.98260776 	
0.94987027 	0.99214047 	0.96223189 	0.93970235 	0.86376569 	0.97067460 	0.87405296 	0.98477602 	0.37077473 	0.98084325 	0.90944742 	0.97871600 	0.85757183 	0.98466726 	0.96161859 	0.98260776 	
0.94987027 	0.99214047 	0.96223189 	0.93970235 	0.86376569 	0.97067460 	0.87405296 	0.98477602 	0.37077473 	0.98084325 	0.90944742 	0.97871600 	0.85757183 	0.98466726 	0.96161859 	0.98260776 	
0.94987027 	0.99214047 	0.96223189 	0.93970235 	0.90970887 	0.97067460 	0.87405296 	0.98477602 	0.37077473 	0.98084325 	0.90944742 	0.97871600 	0.85757183 	0.98466726 	0.96161859 	0.98260776 	
0.94987027 	0.99214047 	0.96223189 	0.93970235 	0.90970887 	0.97691775 	0.87405296 	0.98477602 	0.37077473 	0.98084325 	0.90944742 	0.97871600 	0.85757183 	0.98466726 	0.96161859 	0.98260776 	
0.94987027 	0.99214047 	0.96223189 	0.93970235 	0.90970887 	0.97691775 	0.87425998 	0.98477602 	0.37077473 	0.98084325 	0.90944742 	0.97871600 	0.85757183 	0.98466726 	0.96161859 	0.98260776 	
0.94987027 	0.99214047 	0.96223189 	0.93970235 	0.90970887 	0.97691775 	0.87425998 	0.99691428 	0.37077473 	0.98084325 	0.90944742 	0.97871600 	0.85757183 	0.98466726 	0.96161859 	0.98260776 	
0.94987027 	0.99214047 	0.96223189 	0.93970235 	0.90970887 	0.97691775 	0.87425998 	0.99691428 	0.37077473 	0.98084325 	0.90944742 	0.97871600 	0.85757183 	0.98466726 	0.96161859 	0.98260776 	
0.94987027 	0.99214047 	0.96223189 	0.93970235 	0.90970887 	0.97691775 	0.87425998 	0.99691428 	0.37077473 	0.98444239 	0.90944742 	0.97871600 	0.85757183 	0.98466726 	0.96161859 	0.98260776 	
0.94987027 	0.99214047 	0.96223189 	0.93970235 	0.90970887 	0.97691775 	0.87425998 	0.99691428 	0.37077473 	0.98444239 	0.93659545 	0.97871600 	0.85757183 	0.98466726 	0.96161859 	0.98260776 	
0.94987027 	0.99214047 	0.96223189 	0.93970235 	0.90970887 	0.97691775 	0.87425998 	0.99691428 	0.37077473 	0.98444239 	0.93659545 	0.97871600 	0.85757183 	0.98466726 	0.96161859 	0.98260776 	
0.94987027 	0.99214047 	0.96223189 	0.93970235 	0.90970887 	0.97691775 	0.87425998 	0.99691428 	0.37077473 	0.98444239 	0.93659545 	0.97871600 	0.87418951 	0.98466726 	0.96161859 	0.98260776 	
0.94987027 	0.99214047 	0.96223189 	0.93970235 	0.90970887 	0.97691775 	0.87425998 	0.99691428 	0.37077473 	0.98444239 	0.93659545 	0.97871600 	0.87418951 	0.99762510 	0.96161859 	0.98260776 	
0.94987027 	0.99214047 	0.96223189 	0.93970235 	0.90970887 	0.97691775 	0.87425998 	0.99691428 	0.37077473 	0.98444239 	0.93659545 	0.97871600 	0.87418951 	0.99762510 	0.99459741 	0.98260776 	
0.94987027 	0.99214047 	0.96223189 	0.93970235 	0.90970887 	0.97691775 	0.87425998 	0.99691428 	0.37077473 	0.98444239 	0.93659545 	0.97871600 	0.87418951 	0.99762510 	0.99459741 	0.98953852 	
0.95228084 	0.99214047 	0.96223189 	0.93970235 	0.90970887 	0.97691775 	0.87425998 	0.99691428 	0.37077473 	0.98444239 	0.93659545 	0.97871600 	0.87418951 	0.99762510 	0.99459741 	0.98953852 	
0.95228084 	0.99214047 	0.96223189 	0.93970235 	0.90970887 	0.97691775 	0.87425998 	0.99691428 	0.37077473 	0.98444239 	0.93659545 	0.97871600 	0.87418951 	0.99762510 	0.99459741 	0.98953852 	
0.95228084 	0.99214047 	0.96223189 	0.93970235 	0.90970887 	0.97691775 	0.87425998 	0.99691428 	0.37077473 	0.98444239 	0.93659545 	0.97871600 	0.87418951 	0.99762510 	0.99459741 	0.98953852 	
0.95228084 	0.99214047 	0.96223189 	0.95266576 	0.90970887 	0.97691775 	0.87425998 	0.99691428 	0.37077473 	0.98444239 	0.93659545 	0.97871600 	0.87418951 	0.99762510 	0.99459741 	0.98953852 	
0.95228084 	0.99214047 	0.96223189 	0.95266576 	0.95701800 	0.97691775 	0.87425998 	0.99691428 	0.37077473 	0.98444239 	0.93659545 	0.97871600 	0.87418951 	0.99762510 	0.99459741 	0.98953852 	
0.95228084 	0.99214047 	0.96223189 	0.95266576 	0.95701800 	0.97740152 	0.87425998 	0.99691428 	0.37077473 	0.98444239 	0.93659545 	0.97871600 	0.87418951 	0.99762510 	0.99459741 	0.98953852 	
0.95228084 	0.99214047 	0.96223189 	0.95266576 	0.95701800 	0.97740152 	0.96952901 	0.99691428 	0.37077473 	0.98444239 	0.93659545 	0.97871600 	0.87418951 	0.99762510 	0.99459741 	0.98953852 	
0.95228084 	0.99214047 	0.96223189 	0.95266576 	0.95701800 	0.97740152 	0.96952901 	0.99691428 	0.37077473 	0.98444239 	0.93659545 	0.97871600 	0.87418951 	0.99762510 	0.99459741 	0.98953852 	
0.95228084 	0.99214047 	0.96223189 	0.95266576 	0.95701800 	0.97740152 	0.96952901 	0.99691428 	0.32766711 	0.98444239 	0.93659545 	0.97871600 	0.87418951 	0.99762510 	0.99459741 	0.98953852 	
0.95228084 	0.99214047 	0.96223189 	0.95266576 	0.95701800 	0.97740152 	0.96952901 	0.99691428 	0.32766711 	0.99801039 	0.93659545 	0.97871600 	0.87418951 	0.99762510 	0.99459741 	0.98953852 	
0.95228084 	0.99214047 	0.96223189 	0.95266576 	0.95701800 	0.97740152 	0.96952901 	0.99691428 	0.32766711 	0.99801039 	0.93659545 	0.97871600 	0.87418951 	0.99762510 	0.99459741 	0.98953852 	
0.95228084 	0.99214047 	0.96223189 	0.95266576 	0.95701800 	0.97740152 	0.96952901 	0.99691428 	0.32766711 	0.99801039 	0.93659545 	0.99545057 	0.87418951 	0.99762510 	0.99459741 	0.98953852 	
0.95228084 	0.99214047 	0.96223189 	0.95266576 	0.95701800 	0.97740152 	0.96952901 	0.99691428 	0.32766711 	0.99801039 	0.93659545 	0.99545057 	0.92673381 	0.99762510 	0.99459741 	0.98953852 	
0.95228084 	0.99214047 	0.96223189 	0.95266576 	0.95701800 	0.97740152 	0.96952901 	0.99691428 	0.32766711 	0.99801039 	0.93659545 	0.99545057 	0.92673381 	0.99762510 	0.99459741 	0.98953852 	
0.95228084 	0.99214047 	0.96223189 	0.95266576 	0.95701800 	0.97740152 	0.96952901 	0.99691428 	0.32766711 	0.99801039 	0.93659545 	0.99545057 	0.92673381 	0.99762510 	0.99459741 	0.98953852 	
0.95228084 	0.99214047 	0.96223189 	0.95266576 	0.95701800 	0.97740152 	0.96952901 	0.99691428 	0.32766711 	0.99801039 	0.93659545 	0.99545057 	0.92673381 	0.99762510 	0.99459741 	0.99386248 	
0.96362070 	0.99214047 	0.96223189 	0.95266576 	0.95701800 	0.97740152 	0.96952901 	0.99691428 	0.32766711 	0.99801039 	0.93659545 	0.99545057 	0.92673381 	0.99762510 	0.99459741 	0.99386248 	
0.96362070 	0.99214047 	0.96223189 	0.95266576 	0.95701800 	0.97740152 	0.96952901 	0.99691428 	0.32766711 	0.99801039 	0.93659545 	0.99545057 	0.92673381 	0.99762510 	0.99459741 	0.99386248 	
0.96362070 	0.99214047 	0.96725810 	0.95266576 	0.95701800 	0.97740152 	0.96952901 	0.99691428 	0.32766711 	0.99801039 	0.93659545 	0.99545057 	0.92673381 	0.99762510 	0.99459741 	0.99386248 	
0.96362070 	0.99214047 	0.96725810 	0.98165270 	0.95701800 	0.97740152 	0.96952901 	0.99691428 	0.32766711 	0.99801039 	0.93659545 	0.99545057 	0.92673381 	0.99762510 	0.99459741 	0.99386248 	
0.96362070 	0.99214047 	0.96725810 	0.98165270 	0.95701800 	0.97740152 	0.96952901 	0.99691428 	0.32766711 	0.99801039 	0.93659545 	0.99545057 	0.92673381 	0.99762510 	0.99459741 	0.99386248 	
0.96362070 	0.99214047 	0.96725810 	0.98165270 	0.95701800 	0.99941319 	0.96952901 	0.99691428 	0.32766711 	0.99801039 	0.93659545 	0.99545057 	0.92673381 	0.99762510 	0.99459741 	0.99386248 	
0.96362070 	0.99214047 	0.96725810 	0.98165270 	0.95701800 	0.99941319 	0.96952901 	0.99691428 	0.32766711 	0.99801039 	0.93659545 	0.99545057 	0.92673381 	0.99762510 	0.99459741 	0.99386248 	
0.96362070 	0.99214047 	0.96725810 	0.98165270 	0.95701800 	0.99941319 	0.96952901 	0.99718791 	0.32766711 	0.99801039 	0.93659545 	0.99545057 	0.92673381 	0.99762510 	0.99459741 	0.99386248 	
0.96362070 	0.99214047 	0.96725810 	0.98165270 	0.95701800 	0.99941319 	0.96952901 	0.99718791 	0.32682583 	0.99801039 	0.93659545 	0.99545057 	0.92673381 	0.99762510 	0.99459741 	0.99386248 	
0.96362070 	0.99214047 	0.96725810 	0.98165270 	0.95701800 	0.99941319 	0.96952901 	0.99718791 	0.32682583 	0.99488139 	0.93659545 	0.99545057 	0.92673381 	0.99762510 	0.99459741 	0.99386248 	
0.96362070 	0.99214047 	0.96725810 	0.98165270 	0.95701800 	0.99941319 	0.96952901 	0.99718791 	0.32682583 	0.99488139 	0.98325355 	0.99545057 	0.92673381 	0.99762510 	0.99459741 	0.99386248 	
0.96362070 	0.99214047 	0.96725810 	0.98165270 	0.95701800 	0.99941319 	0.96952901 	0.99718791 	0.32682583 	0.99488139 	0.98325355 	0.99545057 	0.92673381 	0.99762510 	0.99459741 	0.99386248 	
0.96362070 	0.99214047 	0.96725810 	0.98165270 	0.95701800 	0.99941319 	0.96952901 	0.99718791 	0.32682583 	0.99488139 	0.98325355 	0.99545057 	0.99973992 	0.99762510 	0.99459741 	0.99386248 	
0.96362070 	0.99214047 	0.96725810 	0.98165270 	0.95701800 	0.99941319 	0.96952901 	0.99718791 	0.32682583 	0.99488139 	0.98325355 	0.99545057 	0.99973992 	0.99997709 	0.99459741 	0.99386248 	
0.96362070 	0.99214047 	0.96725810 	0.98165270 	0.95701800 	0.99941319 	0.96952901 	0.99718791 	0.32682583 	0.99488139 	0.98325355 	0.99545057 	0.99973992 	0.99997709 	0.99517801 	0.99386248 	
0.96362070 	0.99214047 	0.96725810 	0.98165270 	0.95701800 	0.99941319 	0.96952901 	0.99718791 	0.32682583 	0.99488139 	0.98325355 	0.99545057 	0.99973992 	0.99997709 	0.99517801 	0.98959583 	
0.97832631 	0.99214047 	0.96725810 	0.98165270 	0.95701800 	0.99941319 	0.96952901 	0.99718791 	0.32682583 	0.99488139 	0.98325355 	0.99545057 	0.99973992 	0.99997709 	0.99517801 	0.98959583 	
0.97832631 	0.99915168 	0.96725810 	0.98165270 	0.95701800 	0.99941319 	0.96952901 	0.99718791 	0.32682583 	0.99488139 	0.98325355 	0.99545057 	0.99973992 	0.99997709 	0.99517801 	0.98959583 	
0.97832631 	0.99915168 	0.97504717 	0.98165270 	0.95701800 	0.99941319 	0.96952901 	0.99718791 	0.32682583 	0.99488139 	0.98325355 	0.99545057 	0.99973992 	0.99997709 	0.99517801 	0.98959583 	
0.97832631 	0.99915168 	0.97504717 	0.99331391 	0.95701800 	0.99941319 	0.96952901 	0.99718791 	0.32682583 	0.99488139 	0.98325355 	0.99545057 	0.99973992 	0.99997709 	0.99517801 	0.98959583 	
0.97832631 	0.99915168 	0.97504717 	0.99331391 	0.95713007 	0.99941319 	0.96952901 	0.99718791 	0.32682583 	0.99488139 	0.98325355 	0.99545057 	0.99973992 	0.99997709 	0.99517801 	0.98959583 	
0.97832631 	0.99915168 	0.97504717 	0.99331391 	0.95713007 	0.99979631 	0.96952901 	0.99718791 	0.32682583 	0.99488139 	0.98325355 	0.99545057 	0.99973992 	0.99997709 	0.99517801 	0.98959583 	
0.97832631 	0.99915168 	0.97504717 	0.99331391 	0.95713007 	0.99979631 	0.97109622 	0.99718791 	0.32682583 	0.99488139 	0.98325355 	0.99545057 	0.99973992 	0.99997709 	0.99517801 	0.98959583 	
0.97832631 	0.99915168 	0.97504717 	0.99331391 	0.95713007 	0.99979631 	0.97109622 	0.99857474 	0.32682583 	0.99488139 	0.98325355 	0.99545057 	0.99973992 	0.99997709 	0.99517801 	0.98959583 	
0.97832631 	0.99915168 	0.97504717 	0.99331391 	0.95713007 	0.99979631 	0.97109622 	0.99857474 	0.32682583 	0.99488139 	0.98325355 	0.99545057 	0.99973992 	0.99997709 	0.99517801 	0.98959583 	
0.97832631 	0.99915168 	0.97504717 	0.99331391 	0.95713007 	0.99979631 	0.97109622 	0.99857474 	0.32682583 	0.99488139 	0.98325355 	0.99545057 	0.99973992 	0.99997709 	0.99517801 	0.98959583 	
0.97832631 	0.99915168 	0.97504717 	0.99331391 	0.95713007 	0.99979631 	0.97109622 	0.99857474 	0.32682583 	0.99488139 	0.99714891 	0.99545057 	0.99973992 	0.99997709 	0.99517801 	0.98959583 	
0.97832631 	0.99915168 	0.97504717 	0.99331391 	0.95713007 	0.99979631 	0.97109622 	0.99857474 	0.32682583 	0.99488139 	0.99714891 	0.99963797 	0.99973992 	0.99997709 	0.99517801 	0.98959583 	
0.97832631 	0.99915168 	0.97504717 	0.99331391 	0.95713007 	0.99979631 	0.97109622 	0.99857474 	0.32682583 	0.99488139 	0.99714891 	0.99963797 	0.99159595 	0.99997709 	0.99517801 	0.98959583 	
0.97832631 	0.99915168 	0.97504717 	0.99331391 	0.95713007 	0.99979631 	0.97109622 	0.99857474 	0.32682583 	0.99488139 	0.99714891 	0.99963797 	0.99159595 	0.99997709 	0.99517801 	0.98959583 	
0.97832631 	0.99915168 	0.97504717 	0.99331391 	0.95713007 	0.99979631 	0.97109622 	0.99857474 	0.32682583 	0.99488139 	0.99714891 	0.99963797 	0.99159595 	0.99997709 	0.99987333 	0.98959583 	
0.97832631 	0.99915168 	0.97504717 	0.99331391 	0.95713007 	0.99979631 	0.97109622 	0.99857474 	0.32682583 	0.99488139 	0.99714891 	0.99963797 	0.99159595 	0.99997709 	0.99987333 	0.98912607 	
0.98525697 	0.99915168 	0.97504717 	0.99331391 	0.95713007 	0.99979631 	0.97109622 	0.99857474 	0.32682583 	0.99488139 	0.99714891 	0.99963797 	0.99159595 	0.99997709 	0.99987333 	0.98912607 	
0.98525697 	0.99915168 	0.97504717 	0.99331391 	0.95713007 	0.99979631 	0.97109622 	0.99857474 	0.32682583 	0.99488139 	0.99714891 	0.99963797 	0.99159595 	0.99997709 	0.99987333 	0.98912607 	
0.98525697 	0.99915168 	0.98822917 	0.99331391 	0.95713007 	0.99979631 	0.97109622 	0.99857474 	0.32682583 	0.99488139 	0.99714891 	0.99963797 	0.99159595 	0.99997709 	0.99987333 	0.98912607 	
0.98525697 	0.99915168 	0.98822917 	0.99520412 	0.95713007 	0.99979631 	0.97109622 	0.99857474 	0.32682583 	0.99488139 	0.99714891 	0.99963797 	0.99159595 	0.99997709 	0.99987333 	0.98912607 	
0.98525697 	0.99915168 	0.98822917 	0.99520412 	0.99774412 	0.99979631 	0.97109622 	0.99857474 	0.32682583 	0.99488139 	0.99714891 	0.99963797 	0.99159595 	0.99997709 	0.99987333 	0.98912607 	
0.98525697 	0.99915168 	0.98822917 	0.99520412 	0.99774412 	0.99979631 	0.97109622 	0.99857474 	0.32682583 	0.99488139 	0.99714891 	0.99963797 	0.99159595 	0.99997709 	0.99987333 	0.98912607 	
0.98525697 	0.99915168 	0.98822917 	0.99520412 	0.99774412 	0.99979631 	0.97334710 	0.99857474 	0.32682583 	0.99488139 	0.99714891 	0.99963797 	0.99159595 	0.99997709 	0.99987333 	0.98912607 	
0.98525697 	0.99915168 	0.98822917 	0.99520412 	0.99774412 	0.99979631 	0.97334710 	0.99988664 	0.32682583 	0.99488139 	0.99714891 	0.99963797 	0.99159595 	0.99997709 	0.99987333 	0.98912607 	
0.98525697 	0.99915168 	0.98822917 	0.99520412 	0.99774412 	0.99979631 	0.97334710 	0.99988664 	0.32622478 	0.99488139 	0.99714891 	0.99963797 	0.99159595 	0.99997709 	0.99987333 	0.98912607 	
0.98525697 	0.99915168 	0.98822917 	0.99520412 	0.99774412 	0.99979631 	0.97334710 	0.99988664 	0.32622478 	0.99488139 	0.99714891 	0.99963797 	0.99159595 	0.99997709 	0.99987333 	0.98912607 	
0.98525697 	0.99915168 	0.98822917 	0.99520412 	0.99774412 	0.99979631 	0.97334710 	0.99988664 	0.32622478 	0.99488139 	0.99714891 	0.99963797 	0.99159595 	0.99997709 	0.99987333 	0.98912607 	
0.98525697 	0.99915168 	0.98822917 	0.99520412 	0.99774412 	0.99979631 	0.97334710 	0.99988664 	0.32622478 	0.99488139 	0.99714891 	0.99963797 	0.99159595 	0.99997709 	0.99987333 	0.98912607 	
0.98525697 	0.99915168 	0.98822917 	0.99520412 	0.99774412 	0.99979631 	0.97334710 	0.99988664 	0.32622478 	0.99488139 	0.99714891 	0.99963797 	0.99159595 	0.99997709 	0.99987333 	0.98912607 	
0.98525697 	0.99915168 	0.98822917 	0.99520412 	0.99774412 	0.99979631 	0.97334710 	0.99988664 	0.32622478 	0.99488139 	0.99714891 	0.99963797 	0.99159595 	0.99997718 	0.99987333 	0.98912607 	
0.98525697 	0.99915168 	0.98822917 	0.99520412 	0.99774412 	0.99979631 	0.97334710 	0.99988664 	0.32622478 	0.99488139 	0.99714891 	0.99963797 	0.99159595 	0.99997718 	0.99987333 	0.98912607 	
0.98525697 	0.99915168 	0.98822917 	0.99520412 	0.99774412 	0.99979631 	0.97334710 	0.99988664 	0.32622478 	0.99488139 	0.99714891 	0.99963797 	0.99159595 	0.99997718 	0.99987333 	0.98304330 	
0.98525697 	0.99915168 	0.98822917 	0.99520412 	0.99774412 	0.99979631 	0.97334710 	0.99988664 	0.32622478 	0.99488139 	0.99714891 	0.99963797 	0.99159595 	0.99997718 	0.99987333 	0.98304330 	
0.98525697 	0.99959100 	0.98822917 	0.99520412 	0.99774412 	0.99979631 	0.97334710 	0.99988664 	0.32622478 	0.99488139 	0.99714891 	0.99963797 	0.99159595 	0.99997718 	0.99987333 	0.98304330 	
0.98525697 	0.99959100 	0.99450007 	0.99520412 	0.99774412 	0.99979631 	0.97334710 	0.99988664 	0.32622478 	0.99488139 	0.99714891 	0.99963797 	0.99159595 	0.99997718 	0.99987333 	0.98304330 	
0.98525697 	0.99959100 	0.99450007 	0.99520412 	0.99774412 	0.99979631 	0.97334710 	0.99988664 	0.32622478 	0.99488139 	0.99714891 	0.99963797 	0.99159595 	0.99997718 	0.99987333 	0.98304330 	
0.98525697 	0.99959100 	0.99450007 	0.99520412 	0.98663727 	0.99979631 	0.97334710 	0.99988664 	0.32622478 	0.99488139 	0.99714891 	0.99963797 	0.99159595 	0.99997718 	0.99987333 	0.98304330 	
0.98525697 	0.99959100 	0.99450007 	0.99520412 	0.98663727 	0.99998761 	0.97334710 	0.99988664 	0.32622478 	0.99488139 	0.99714891 	0.99963797 	0.99159595 	0.99997718 	0.99987333 	0.98304330 	
0.98525697 	0.99959100 	0.99450007 	0.99520412 	0.98663727 	0.99998761 	0.98798473 	0.99988664 	0.32622478 	0.99488139 	0.99714891 	0.99963797 	0.99159595 	0.99997718 	0.99987333 	0.98304330 	
0.98525697 	0.99959100 	0.99450007 	0.99520412 	0.98663727 	0.99998761 	0.98798473 	0.99988664 	0.32622478 	0.99488139 	0.99714891 	0.99963797 	0.99159595 	0.99997718 	0.99987333 	0.98304330 	
0.98525697 	0.99959100 	0.99450007 	0.99520412 	0.98663727 	0.99998761 	0.98798473 	0.99988664 	0.28660928 	0.99488139 	0.99714891 	0.99963797 	0.99159595 	0.99997718 	0.99987333 	0.98304330 	
0.98525697 	0.99959100 	0.99450007 	0.99520412 	0.98663727 	0.99998761 	0.98798473 	0.99988664 	0.28660928 	0.99676862 	0.99714891 	0.99963797 	0.99159595 	0.99997718 	0.99987333 	0.98304330 	
0.98525697 	0.99959100 	0.99450007 	0.99520412 	0.98663727 	0.99998761 	0.98798473 	0.99988664 	0.28660928 	0.99676862 	0.99717133 	0.99963797 	0.99159595 	0.99997718 	0.99987333 	0.98304330 	
0.98525697 	0.99959100 	0.99450007 	0.99520412 	0.98663727 	0.99998761 	0.98798473 	0.99988664 	0.28660928 	0.99676862 	0.99717133 	0.99969693 	0.99159595 	0.99997718 	0.99987333 	0.98304330 	
0.98525697 	0.99959100 	0.99450007 	0.99520412 	0.98663727 	0.99998761 	0.98798473 	0.99988664 	0.28660928 	0.99676862 	0.99717133 	0.99969693 	0.99159278 	0.99997718 	0.99987333 	0.98304330 	
0.98525697 	0.99959100 	0.99450007 	0.99520412 	0.98663727 	0.99998761 	0.98798473 	0.99988664 	0.28660928 	0.99676862 	0.99717133 	0.99969693 	0.99159278 	0.99997718 	0.99987333 	0.98304330 	
0.98525697 	0.99959100 	0.99450007 	0.99520412 	0.98663727 	0.99998761 	0.98798473 	0.99988664 	0.28660928 	0.99676862 	0.99717133 	0.99969693 	0.99159278 	0.99997718 	0.99989331 	0.98304330 	
0.98525697 	0.99959100 	0.99450007 	0.99520412 	0.98663727 	0.99998761 	0.98798473 	0.99988664 	0.28660928 	0.99676862 	0.99717133 	0.99969693 	0.99159278 	0.99997718 	0.99989331 	0.99245387 	
0.98537754 	0.99959100 	0.99450007 	0.99520412 	0.98663727 	0.99998761 	0.98798473 	0.99988664 	0.28660928 	0.99676862 	0.99717133 	0.99969693 	0.99159278 	0.99997718 	0.99989331 	0.99245387 	
0.98537754 	0.99988974 	0.99450007 	0.99520412 	0.98663727 	0.99998761 	0.98798473 	0.99988664 	0.28660928 	0.99676862 	0.99717133 	0.99969693 	0.99159278 	0.99997718 	0.99989331 	0.99245387 	
0.98537754 	0.99988974 	0.99463518 	0.99520412 	0.98663727 	0.99998761 	0.98798473 	0.99988664 	0.28660928 	0.99676862 	0.99717133 	0.99969693 	0.99159278 	0.99997718 	0.99989331 	0.99245387 	
0.98537754 	0.99988974 	0.99463518 	0.99942786 	0.98663727 	0.99998761 	0.98798473 	0.99988664 	0.28660928 	0.99676862 	0.99717133 	0.99969693 	0.99159278 	0.99997718 	0.99989331 	0.99245387 	
0.98537754 	0.99988974 	0.99463518 	0.99942786 	0.98663727 	0.99998761 	0.98798473 	0.99988664 	0.28660928 	0.99676862 	0.99717133 	0.99969693 	0.99159278 	0.99997718 	0.99989331 	0.99245387 	
0.98537754 	0.99988974 	0.99463518 	0.99942786 	0.98663727 	0.99998761 	0.98798473 	0.99988664 	0.28660928 	0.99676862 	0.99717133 	0.99969693 	0.99159278 	0.99997718 	0.99989331 	0.99245387 	
0.98537754 	0.99988974 	0.99463518 	0.99942786 	0.98663727 	0.99998761 	0.99799022 	0.99988664 	0.28660928 	0.99676862 	0.99717133 	0.99969693 	0.99159278 	0.99997718 	0.99989331 	0.99245387 	
0.98537754 	0.99988974 	0.99463518 	0.99942786 	0.98663727 	0.99998761 	0.99799022 	0.99993854 	0.28660928 	0.99676862 	0.99717133 	0.99969693 	0.99159278 	0.99997718 	0.99989331 	0.99245387 	
0.98537754 	0.99988974 	0.99463518 	0.99942786 	0.98663727 	0.99998761 	0.99799022 	0.99993854 	0.29579529 	0.99676862 	0.99717133 	0.99969693 	0.99159278 	0.99997718 	0.99989331 	0.99245387 	
0.98537754 	0.99988974 	0.99463518 	0.99942786 	0.98663727 	0.99998761 	0.99799022 	0.99993854 	0.29579529 	0.99519459 	0.99717133 	0.99969693 	0.99159278 	0.99997718 	0.99989331 	0.99245387 	
0.98537754 	0.99988974 	0.99463518 	0.99942786 	0.98663727 	0.99998761 	0.99799022 	0.99993854 	0.29579529 	0.99519459 	0.99462335 	0.99969693 	0.99159278 	0.99997718 	0.99989331 	0.99245387 	
0.98537754 	0.99988974 	0.99463518 	0.99942786 	0.98663727 	0.99998761 	0.99799022 	0.99993854 	0.29579529 	0.99519459 	0.99462335 	0.99981125 	0.99159278 	0.99997718 	0.99989331 	0.99245387 	
0.98537754 	0.99988974 	0.99463518 	0.99942786 	0.98663727 	0.99998761 	0.99799022 	0.99993854 	0.29579529 	0.99519459 	0.99462335 	0.99981125 	0.99159278 	0.99997718 	0.99989331 	0.99245387 	
0.98537754 	0.99988974 	0.99463518 	0.99942786 	0.98663727 	0.99998761 	0.99799022 	0.99993854 	0.29579529 	0.99519459 	0.99462335 	0.99981125 	0.99159278 	0.99997719 	0.99989331 	0.99245387 	
0.98537754 	0.99988974 	0.99463518 	0.99942786 	0.98663727 	0.99998761 	0.99799022 	0.99993854 	0.29579529 	0.99519459 	0.99462335 	0.99981125 	0.99159278 	0.99997719 	0.99989331 	0.99245387 	
0.98537754 	0.99988974 	0.99463518 	0.99942786 	0.98663727 	0.99998761 	0.99799022 	0.99993854 	0.29579529 	0.99519459 	0.99462335 	0.99981125 	0.99159278 	0.99997719 	0.99989331 	0.98757483 	
0.98594733 	0.99988974 	0.99463518 	0.99942786 	0.98663727 	0.99998761 	0.99799022 	0.99993854 	0.29579529 	0.99519459 	0.99462335 	0.99981125 	0.99159278 	0.99997719 	0.99989331 	0.98757483 	
0.98594733 	0.99993633 	0.99463518 	0.99942786 	0.98663727 	0.99998761 	0.99799022 	0.99993854 	0.29579529 	0.99519459 	0.99462335 	0.99981125 	0.99159278 	0.99997719 	0.99989331 	0.98757483 	
0.98594733 	0.99993633 	0.99597774 	0.99942786 	0.98663727 	0.99998761 	0.99799022 	0.99993854 	0.29579529 	0.99519459 	0.99462335 	0.99981125 	0.99159278 	0.99997719 	0.99989331 	0.98757483 	
0.98594733 	0.99993633 	0.99597774 	0.99977642 	0.98663727 	0.99998761 	0.99799022 	0.99993854 	0.29579529 	0.99519459 	0.99462335 	0.99981125 	0.99159278 	0.99997719 	0.99989331 	0.98757483 	
0.98594733 	0.99993633 	0.99597774 	0.99977642 	0.98802407 	0.99998761 	0.99799022 	0.99993854 	0.29579529 	0.99519459 	0.99462335 	0.99981125 	0.99159278 	0.99997719 	0.99989331 	0.98757483 	
0.98594733 	0.99993633 	0.99597774 	0.99977642 	0.98802407 	0.99998761 	0.99799022 	0.99993854 	0.29579529 	0.99519459 	0.99462335 	0.99981125 	0.99159278 	0.99997719 	0.99989331 	0.98757483 	
0.98594733 	0.99993633 	0.99597774 	0.99977642 	0.98802407 	0.99998761 	0.99799022 	0.99993854 	0.29579529 	0.99519459 	0.99462335 	0.99981125 	0.99159278 	0.99997719 	0.99989331 	0.98757483 	
0.98594733 	0.99993633 	0.99597774 	0.99977642 	0.98802407 	0.99998761 	0.99799022 	0.99995685 	0.29579529 	0.99519459 	0.99462335 	0.99981125 	0.99159278 	0.99997719 	0.99989331 	0.98757483 	
0.98594733 	0.99993633 	0.99597774 	0.99977642 	0.98802407 	0.99998761 	0.99799022 	0.99995685 	0.29579529 	0.99519459 	0.99462335 	0.99981125 	0.99159278 	0.99997719 	0.99989331 	0.98757483 	
0.98594733 	0.99993633 	0.99597774 	0.99977642 	0.98802407 	0.99998761 	0.99799022 	0.99995685 	0.29579529 	0.99519459 	0.99462335 	0.99981125 	0.99159278 	0.99997719 	0.99989331 	0.98757483 	
0.98594733 	0.99993633 	0.99597774 	0.99977642 	0.98802407 	0.99998761 	0.99799022 	0.99995685 	0.29579529 	0.99519459 	0.99462335 	0.99981125 	0.99159278 	0.99997719 	0.99989331 	0.98757483 	
0.98594733 	0.99993633 	0.99597774 	0.99977642 	0.98802407 	0.99998761 	0.99799022 	0.99995685 	0.29579529 	0.99519459 	0.99462335 	0.99992554 	0.99159278 	0.99997719 	0.99989331 	0.98757483 	
0.98594733 	0.99993633 	0.99597774 	0.99977642 	0.98802407 	0.99998761 	0.99799022 	0.99995685 	0.29579529 	0.99519459 	0.99462335 	0.99992554 	0.98521196 	0.99997719 	0.99989331 	0.98757483 	
0.98594733 	0.99993633 	0.99597774 	0.99977642 	0.98802407 	0.99998761 	0.99799022 	0.99995685 	0.29579529 	0.99519459 	0.99462335 	0.99992554 	0.98521196 	0.99998088 	0.99989331 	0.98757483 	
0.98594733 	0.99993633 	0.99597774 	0.99977642 	0.98802407 	0.99998761 	0.99799022 	0.99995685 	0.29579529 	0.99519459 	0.99462335 	0.99992554 	0.98521196 	0.99998088 	0.99993938 	0.98757483 	
0.98594733 	0.99993633 	0.99597774 	0.99977642 	0.98802407 	0.99998761 	0.99799022 	0.99995685 	0.29579529 	0.99519459 	0.99462335 	0.99992554 	0.98521196 	0.99998088 	0.99993938 	0.98930228 	
0.99436043 	0.99993633 	0.99597774 	0.99977642 	0.98802407 	0.99998761 	0.99799022 	0.99995685 	0.29579529 	0.99519459 	0.99462335 	0.99992554 	0.98521196 	0.99998088 	0.99993938 	0.98930228 	
0.99436043 	0.99998212 	0.99597774 	0.99977642 	0.98802407 	0.99998761 	0.99799022 	0.99995685 	0.29579529 	0.99519459 	0.99462335 	0.99992554 	0.98521196 	0.99998088 	0.99993938 	0.98930228 	
0.99436043 	0.99998212 	0.99641766 	0.99977642 	0.98802407 	0.99998761 	0.99799022 	0.99995685 	0.29579529 	0.99519459 	0.99462335 	0.99992554 	0.98521196 	0.99998088 	0.99993938 	0.98930228 	
0.99436043 	0.99998212 	0.99641766 	0.99977642 	0.98802407 	0.99998761 	0.99799022 	0.99995685 	0.29579529 	0.99519459 	0.99462335 	0.99992554 	0.98521196 	0.99998088 	0.99993938 	0.98930228 	
0.99436043 	0.99998212 	0.99641766 	0.99977642 	0.98802407 	0.99998761 	0.99799022 	0.99995685 	0.29579529 	0.99519459 	0.99462335 	0.99992554 	0.98521196 	0.99998088 	0.99993938 	0.98930228 	
0.99436043 	0.99998212 	0.99641766 	0.99977642 	0.98802407 	0.99998761 	0.99799022 	0.99995685 	0.29579529 	0.99519459 	0.99462335 	0.99992554 	0.98521196 	0.99998088 	0.99993938 	0.98930228 	
0.99436043 	0.99998212 	0.99641766 	0.99977642 	0.98802407 	0.99998761 	0.99872536 	0.99995685 	0.29579529 	0.99519459 	0.99462335 	0.99992554 	0.98521196 	0.99998088 	0.99993938 	0.98930228 	
0.99436043 	0.99998212 	0.99641766 	0.99977642 	0.98802407 	0.99998761 	0.99872536 	0.99995685 	0.29579529 	0.99519459 	0.99462335 	0.99992554 	0.98521196 	0.99998088 	0.99993938 	0.98930228 	
0.99436043 	0.99998212 	0.99641766 	0.99977642 	0.98802407 	0.99998761 	0.99872536 	0.99995685 	0.29579529 	0.99519459 	0.99462335 	0.99992554 	0.98521196 	0.99998088 	0.99993938 	0.98930228 	
0.99436043 	0.99998212 	0.99641766 	0.99977642 	0.98802407 	0.99998761 	0.99872536 	0.99995685 	0.29579529 	0.99567251 	0.99462335 	0.99992554 	0.98521196 	0.99998088 	0.99993938 	0.98930228 	
0.99436043 	0.99998212 	0.99641766 	0.99977642 	0.98802407 	0.99998761 	0.99872536 	0.99995685 	0.29579529 	0.99567251 	0.99462335 	0.99992554 	0.98521196 	0.99998088 	0.99993938 	0.98930228 	
0.99436043 	0.99998212 	0.99641766 	0.99977642 	0.98802407 	0.99998761 	0.99872536 	0.99995685 	0.29579529 	0.99567251 	0.99462335 	0.99994879 	0.98521196 	0.99998088 	0.99993938 	0.98930228 	
0.99436043 	0.99998212 	0.99641766 	0.99977642 	0.98802407 	0.99998761 	0.99872536 	0.99995685 	0.29579529 	0.99567251 	0.99462335 	0.99994879 	0.98521196 	0.99998088 	0.99993938 	0.98930228 	
0.99436043 	0.99998212 	0.99641766 	0.99977642 	0.98802407 	0.99998761 	0.99872536 	0.99995685 	0.29579529 	0.99567251 	0.99462335 	0.99994879 	0.98521196 	0.99999487 	0.99993938 	0.98930228 	
0.99436043 	0.99998212 	0.99641766 	0.99977642 	0.98802407 	0.99998761 	0.99872536 	0.99995685 	0.29579529 	0.99567251 	0.99462335 	0.99994879 	0.98521196 	0.99999487 	0.99995790 	0.98930228 	
0.99436043 	0.99998212 	0.99641766 	0.99977642 	0.98802407 	0.99998761 	0.99872536 	0.99995685 	0.29579529 	0.99567251 	0.99462335 	0.99994879 	0.98521196 	0.99999487 	0.99995790 	0.98930228 	
0.99485174 	0.99998212 	0.99641766 	0.99977642 	0.98802407 	0.99998761 	0.99872536 	0.99995685 	0.29579529 	0.99567251 	0.99462335 	0.99994879 	0.98521196 	0.99999487 	0.99995790 	0.98930228 	
0.99485174 	0.99998281 	0.99641766 	0.99977642 	0.98802407 	0.99998761 	0.99872536 	0.99995685 	0.29579529 	0.99567251 	0.99462335 	0.99994879 	0.98521196 	0.99999487 	0.99995790 	0.98930228 	
0.99485174 	0.99998281 	0.99641766 	0.99977642 	0.98802407 	0.99998761 	0.99872536 	0.99995685 	0.29579529 	0.99567251 	0.99462335 	0.99994879 	0.98521196 	0.99999487 	0.99995790 	0.98930228 	
0.99485174 	0.99998281 	0.99641766 	0.99978035 	0.98802407 	0.99998761 	0.99872536 	0.99995685 	0.29579529 	0.99567251 	0.99462335 	0.99994879 	0.98521196 	0.99999487 	0.99995790 	0.98930228 	
0.99485174 	0.99998281 	0.99641766 	0.99978035 	0.98802407 	0.99998761 	0.99872536 	0.99995685 	0.29579529 	0.99567251 	0.99462335 	0.99994879 	0.98521196 	0.99999487 	0.99995790 	0.98930228 	
0.99485174 	0.99998281 	0.99641766 	0.99978035 	0.98802407 	0.99999892 	0.99872536 	0.99995685 	0.29579529 	0.99567251 	0.99462335 	0.99994879 	0.98521196 	0.99999487 	0.99995790 	0.98930228 	
0.99485174 	0.99998281 	0.99641766 	0.99978035 	0.98802407 	0.99999892 	0.99872536 	0.99995685 	0.29579529 	0.99567251 	0.99462335 	0.99994879 	0.98521196 	0.99999487 	0.99995790 	0.98930228 	
0.99485174 	0.99998281 	0.99641766 	0.99978035 	0.98802407 	0.99999892 	0.99872536 	0.99995685 	0.29579529 	0.99567251 	0.99462335 	0.99994879 	0.98521196 	0.99999487 	0.99995790 	0.98930228 	
0.99485174 	0.99998281 	0.99641766 	0.99978035 	0.98802407 	0.99999892 	0.99872536 	0.99995685 	0.29579529 	0.99567251 	0.99462335 	0.99994879 	0.98521196 	0.99999487 	0.99995790 	0.98930228 	
0.99485174 	0.99998281 	0.99641766 	0.99978035 	0.98802407 	0.99999892 	0.99872536 	0.99995685 	0.29579529 	0.99567251 	0.99462335 	0.99994879 	0.98521196 	0.99999487 	0.99995790 	0.98930228 	
0.99485174 	0.99998281 	0.99641766 	0.99978035 	0.98802407 	0.99999892 	0.99872536 	0.99995685 	0.29579529 	0.99567251 	0.99449525 	0.99994879 	0.98521196 	0.99999487 	0.99995790 	0.98930228 	
0.99485174 	0.99998281 	0.99641766 	0.99978035 	0.98802407 	0.99999892 	0.99872536 	0.99995685 	0.29579529 	0.99567251 	0.99449525 	0.99994879 	0.98521196 	0.99999487 	0.99995790 	0.98930228 	
0.99485174 	0.99998281 	0.99641766 	0.99978035 	0.98802407 	0.99999892 	0.99872536 	0.99995685 	0.29579529 	0.99567251 	0.99449525 	0.99994879 	0.98521196 	0.99999487 	0.99995790 	0.98930228 	
0.99485174 	0.99998281 	0.99641766 	0.99978035 	0.98802407 	0.99999892 	0.99872536 	0.99995685 	0.29579529 	0.99567251 	0.99449525 	0.99994879 	0.98521196 	0.99999771 	0.99995790 	0.98930228 	
0.99485174 	0.99998281 	0.99641766 	0.99978035 	0.98802407 	0.99999892 	0.99872536 	0.99995685 	0.29579529 	0.99567251 	0.99449525 	0.99994879 	0.98521196 	0.99999771 	0.99995790 	0.98930228 	
0.99485174 	0.99998281 	0.99641766 	0.99978035 	0.98802407 	0.99999892 	0.99872536 	0.99995685 	0.29579529 	0.99567251 	0.99449525 	0.99994879 	0.98521196 	0.99999771 	0.99995790 	0.98892990 	
0.99676595 	0.99998281 	0.99641766 	0.99978035 	0.98802407 	0.99999892 	0.99872536 	0.99995685 	0.29579529 	0.99567251 	0.99449525 	0.99994879 	0.98521196 	0.99999771 	0.99995790 	0.98892990 	
0.99676595 	0.99998281 	0.99641766 	0.99978035 	0.98802407 	0.99999892 	0.99872536 	0.99995685 	0.29579529 	0.99567251 	0.99449525 	0.99994879 	0.98521196 	0.99999771 	0.99995790 	0.98892990 	
0.99676595 	0.99998281 	0.99630929 	0.99978035 	0.98802407 	0.99999892 	0.99872536 	0.99995685 	0.29579529 	0.99567251 	0.99449525 	0.99994879 	0.98521196 	0.99999771 	0.99995790 	0.98892990 	
0.99676595 	0.99998281 	0.99630929 	0.99987078 	0.98802407 	0.99999892 	0.99872536 	0.99995685 	0.29579529 	0.99567251 	0.99449525 	0.99994879 	0.98521196 	0.99999771 	0.99995790 	0.98892990 	
0.99676595 	0.99998281 	0.99630929 	0.99987078 	0.98802407 	0.99999892 	0.99872536 	0.99995685 	0.29579529 	0.99567251 	0.99449525 	0.99994879 	0.98521196 	0.99999771 	0.99995790 	0.98892990 	
0.99676595 	0.99998281 	0.99630929 	0.99987078 	0.98802407 	0.99999892 	0.99872536 	0.99995685 	0.29579529 	0.99567251 	0.99449525 	0.99994879 	0.98521196 	0.99999771 	0.99995790 	0.98892990 	
0.99676595 	0.99998281 	0.99630929 	0.99987078 	0.98802407 	0.99999892 	0.99872536 	0.99995685 	0.29579529 	0.99567251 	0.99449525 	0.99994879 	0.98521196 	0.99999771 	0.99995790 	0.98892990 	
0.99676595 	0.99998281 	0.99630929 	0.99987078 	0.98802407 	0.99999892 	0.99872536 	0.99995685 	0.29579529 	0.99567251 	0.99449525 	0.99994879 	0.98521196 	0.99999771 	0.99995790 	0.98892990 	
0.99676595 	0.99998281 	0.99630929 	0.99987078 	0.98802407 	0.99999892 	0.99872536 	0.99995685 	0.29665597 	0.99567251 	0.99449525 	0.99994879 	0.98521196 	0.99999771 	0.99995790 	0.98892990 	
0.99676595 	0.99998281 	0.99630929 	0.99987078 	0.98802407 	0.99999892 	0.99872536 	0.99995685 	0.29665597 	0.99567251 	0.99449525 	0.99994879 	0.98521196 	0.99999771 	0.99995790 	0.98892990 	
0.99676595 	0.99998281 	0.99630929 	0.99987078 	0.98802407 	0.99999892 	0.99872536 	0.99995685 	0.29665597 	0.99567251 	0.99439158 	0.99994879 	0.98521196 	0.99999771 	0.99995790 	0.98892990 	
0.99676595 	0.99998281 	0.99630929 	0.99987078 	0.98802407 	0.99999892 	0.99872536 	0.99995685 	0.29665597 	0.99567251 	0.99439158 	0.99994879 	0.98521196 	0.99999771 	0.99995790 	0.98892990 	
0.99676595 	0.99998281 	0.99630929 	0.99987078 	0.98802407 	0.99999892 	0.99872536 	0.99995685 	0.29665597 	0.99567251 	0.99439158 	0.99994879 	0.98521196 	0.99999771 	0.99995790 	0.98892990 	
0.99676595 	0.99998281 	0.99630929 	0.99987078 	0.98802407 	0.99999892 	0.99872536 	0.99995685 	0.29665597 	0.99567251 	0.99439158 	0.99994879 	0.98521196 	0.99999771 	0.99995790 	0.98892990 	
0.99676595 	0.99998281 	0.99630929 	0.99987078 	0.98802407 	0.99999892 	0.99872536 	0.99995685 	0.29665597 	0.99567251 	0.99439158 	0.99994879 	0.98521196 	0.99999771 	0.99995790 	0.98892990 	
0.99676595 	0.99998281 	0.99630929 	0.99987078 	0.98802407 	0.99999892 	0.99872536 	0.99995685 	0.29665597 	0.99567251 	0.99439158 	0.99994879 	0.98521196 	0.99999771 	0.99995790 	0.98890385 	
0.99689014 	0.99998281 	0.99630929 	0.99987078 	0.98802407 	0.99999892 	0.99872536 	0.99995685 	0.29665597 	0.99567251 	0.99439158 	0.99994879 	0.98521196 	0.99999771 	0.99995790 	0.98890385 	
0.99689014 	0.99999129 	0.99630929 	0.99987078 	0.98802407 	0.99999892 	0.99872536 	0.99995685 	0.29665597 	0.99567251 	0.99439158 	0.99994879 	0.98521196 	0.99999771 	0.99995790 	0.98890385 	
0.99689014 	0.99999129 	0.99630929 	0.99987078 	0.98802407 	0.99999892 	0.99872536 	0.99995685 	0.29665597 	0.99567251 	0.99439158 	0.99994879 	0.98521196 	0.99999771 	0.99995790 	0.98890385 	
0.99689014 	0.99999129 	0.99630929 	0.99997438 	0.98802407 	0.99999892 	0.99872536 	0.99995685 	0.29665597 	0.99567251 	0.99439158 	0.99994879 	0.98521196 	0.99999771 	0.99995790 	0.98890385 	
0.99689014 	0.99999129 	0.99630929 	0.99997438 	0.98854926 	0.99999892 	0.99872536 	0.99995685 	0.29665597 	0.99567251 	0.99439158 	0.99994879 	0.98521196 	0.99999771 	0.99995790 	0.98890385 	
0.99689014 	0.99999129 	0.99630929 	0.99997438 	0.98854926 	0.99999970 	0.99872536 	0.99995685 	0.29665597 	0.99567251 	0.99439158 	0.99994879 	0.98521196 	0.99999771 	0.99995790 	0.98890385 	
0.99689014 	0.99999129 	0.99630929 	0.99997438 	0.98854926 	0.99999970 	0.99872536 	0.99995685 	0.29665597 	0.99567251 	0.99439158 	0.99994879 	0.98521196 	0.99999771 	0.99995790 	0.98890385 	
0.99689014 	0.99999129 	0.99630929 	0.99997438 	0.98854926 	0.99999970 	0.99872536 	0.99995685 	0.29665597 	0.99567251 	0.99439158 	0.99994879 	0.98521196 	0.99999771 	0.99995790 	0.98890385 	
0.99689014 	0.99999129 	0.99630929 	0.99997438 	0.98854926 	0.99999970 	0.99872536 	0.99995685 	0.29665597 	0.99567251 	0.99439158 	0.99994879 	0.98521196 	0.99999771 	0.99995790 	0.98890385 	
0.99689014 	0.99999129 	0.99630929 	0.99997438 	0.98854926 	0.99999970 	0.99872536 	0.99995685 	0.29665597 	0.99567251 	0.99439158 	0.99994879 	0.98521196 	0.99999771 	0.99995790 	0.98890385 	
0.99689014 	0.99999129 	0.99630929 	0.99997438 	0.98854926 	0.99999970 	0.99872536 	0.99995685 	0.29665597 	0.99567251 	0.99438258 	0.99994879 	0.98521196 	0.99999771 	0.99995790 	0.98890385 	
0.99689014 	0.99999129 	0.99630929 	0.99997438 	0.98854926 	0.99999970 	0.99872536 	0.99995685 	0.29665597 	0.99567251 	0.99438258 	0.99994879 	0.98521196 	0.99999771 	0.99995790 	0.98890385 	
0.99689014 	0.99999129 	0.99630929 	0.99997438 	0.98854926 	0.99999970 	0.99872536 	0.99995685 	0.29665597 	0.99567251 	0.99438258 	0.99994879 	0.98521196 	0.99999771 	0.99995790 	0.98890385 	
0.99689014 	0.99999129 	0.99630929 	0.99997438 	0.98854926 	0.99999970 	0.99872536 	0.99995685 	0.29665597 	0.99567251 	0.99438258 	0.99994879 	0.98521196 	0.99999771 	0.99995790 	0.98890385 	
0.99689014 	0.99999129 	0.99630929 	0.99997438 	0.98854926 	0.99999970 	0.99872536 	0.99995685 	0.29665597 	0.99567251 	0.99438258 	0.99994879 	0.98521196 	0.99999771 	0.99995790 	0.98890385 	
0.99689014 	0.99999129 	0.99630929 	0.99997438 	0.98854926 	0.99999970 	0.99872536 	0.99995685 	0.29665597 	0.99567251 	0.99438258 	0.99994879 	0.98521196 	0.99999771 	0.99995790 	0.98890385 	
0.99868253 	0.99999129 	0.99630929 	0.99997438 	0.98854926 	0.99999970 	0.99872536 	0.99995685 	0.29665597 	0.99567251 	0.99438258 	0.99994879 	0.98521196 	0.99999771 	0.99995790 	0.98890385 	
0.99868253 	0.99999196 	0.99630929 	0.99997438 	0.98854926 	0.99999970 	0.99872536 	0.99995685 	0.29665597 	0.99567251 	0.99438258 	0.99994879 	0.98521196 	0.99999771 	0.99995790 	0.98890385 	
0.99868253 	0.99999196 	0.99630929 	0.99997438 	0.98854926 	0.99999970 	0.99872536 	0.99995685 	0.29665597 	0.99567251 	0.99438258 	0.99994879 	0.98521196 	0.99999771 	0.99995790 	0.98890385 	
0.99868253 	0.99999196 	0.99630929 	0.99998469 	0.98854926 	0.99999970 	0.99872536 	0.99995685 	0.29665597 	0.99567251 	0.99438258 	0.99994879 	0.98521196 	0.99999771 	0.99995790 	0.98890385 	
0.99868253 	0.99999196 	0.99630929 	0.99998469 	0.98855075 	0.99999970 	0.99872536 	0.99995685 	0.29665597 	0.99567251 	0.99438258 	0.99994879 	0.98521196 	0.99999771 	0.99995790 	0.98890385 	
0.99868253 	0.99999196 	0.99630929 	0.99998469 	0.98855075 	0.99999973 	0.99872536 	0.99995685 	0.29665597 	0.99567251 	0.99438258 	0.99994879 	0.98521196 	0.99999771 	0.99995790 	0.98890385 	
0.99868253 	0.99999196 	0.99630929 	0.99998469 	0.98855075 	0.99999973 	0.99872536 	0.99995685 	0.29665597 	0.99567251 	0.99438258 	0.99994879 	0.98521196 	0.99999771 	0.99995790 	0.98890385 	
0.99868253 	0.99999196 	0.99630929 	0.99998469 	0.98855075 	0.99999973 	0.99872536 	0.99997190 	0.29665597 	0.99567251 	0.99438258 	0.99994879 	0.98521196 	0.99999771 	0.99995790 	0.98890385 	
0.99868253 	0.99999196 	0.99630929 	0.99998469 	0.98855075 	0.99999973 	0.99872536 	0.99997190 	0.29665301 	0.99567251 	0.99438258 	0.99994879 	0.98521196 	0.99999771 	0.99995790 	0.98890385 	
0.99868253 	0.99999196 	0.99630929 	0.99998469 	0.98855075 	0.99999973 	0.99872536 	0.99997190 	0.29665301 	0.99567251 	0.99438258 	0.99994879 	0.98521196 	0.99999771 	0.99995790 	0.98890385 	
0.99868253 	0.99999196 	0.99630929 	0.99998469 	0.98855075 	0.99999973 	0.99872536 	0.99997190 	0.29665301 	0.99567251 	0.99404165 	0.99994879 	0.98521196 	0.99999771 	0.99995790 	0.98890385 	
0.99868253 	0.99999196 	0.99630929 	0.99998469 	0.98855075 	0.99999973 	0.99872536 	0.99997190 	0.29665301 	0.99567251 	0.99404165 	0.99994879 	0.98521196 	0.99999771 	0.99995790 	0.98890385 	
0.99868253 	0.99999196 	0.99630929 	0.99998469 	0.98855075 	0.99999973 	0.99872536 	0.99997190 	0.29665301 	0.99567251 	0.99404165 	0.99994879 	0.98508193 	0.99999771 	0.99995790 	0.98890385 	
0.99868253 	0.99999196 	0.99630929 	0.99998469 	0.98855075 	0.99999973 	0.99872536 	0.99997190 	0.29665301 	0.99567251 	0.99404165 	0.99994879 	0.98508193 	0.99999799 	0.99995790 	0.98890385 	
0.99868253 	0.99999196 	0.99630929 	0.99998469 	0.98855075 	0.99999973 	0.99872536 	0.99997190 	0.29665301 	0.99567251 	0.99404165 	0.99994879 	0.98508193 	0.99999799 	0.99995790 	0.98890385 	
0.99868253 	0.99999196 	0.99630929 	0.99998469 	0.98855075 	0.99999973 	0.99872536 	0.99997190 	0.29665301 	0.99567251 	0.99404165 	0.99994879 	0.98508193 	0.99999799 	0.99995790 	0.98883192 	
0.99847925 	0.99999196 	0.99630929 	0.99998469 	0.98855075 	0.99999973 	0.99872536 	0.99997190 	0.29665301 	0.99567251 	0.99404165 	0.99994879 	0.98508193 	0.99999799 	0.99995790 	0.98883192 	
0.99847925 	0.99999955 	0.99630929 	0.99998469 	0.98855075 	0.99999973 	0.99872536 	0.99997190 	0.29665301 	0.99567251 	0.99404165 	0.99994879 	0.98508193 	0.99999799 	0.99995790 	0.98883192 	
0.99847925 	0.99999955 	0.99630929 	0.99998469 	0.98855075 	0.99999973 	0.99872536 	0.99997190 	0.29665301 	0.99567251 	0.99404165 	0.99994879 	0.98508193 	0.99999799 	0.99995790 	0.98883192 	
0.99847925 	0.99999955 	0.99630929 	0.99999126 	0.98855075 	0.99999973 	0.99872536 	0.99997190 	0.29665301 	0.99567251 	0.99404165 	0.99994879 	0.98508193 	0.99999799 	0.99995790 	0.98883192 	
0.99847925 	0.99999955 	0.99630929 	0.99999126 	0.98860771 	0.99999973 	0.99872536 	0.99997190 	0.29665301 	0.99567251 	0.99404165 	0.99994879 	0.98508193 	0.99999799 	0.99995790 	0.98883192 	
0.99847925 	0.99999955 	0.99630929 	0.99999126 	0.98860771 	0.99999973 	0.99872536 	0.99997190 	0.29665301 	0.99567251 	0.99404165 	0.99994879 	0.98508193 	0.99999799 	0.99995790 	0.98883192 	
0.99847925 	0.99999955 	0.99630929 	0.99999126 	0.98860771 	0.99999973 	0.99872536 	0.99997190 	0.29665301 	0.99567251 	0.99404165 	0.99994879 	0.98508193 	0.99999799 	0.99995790 	0.98883192 	
0.99847925 	0.99999955 	0.99630929 	0.99999126 	0.98860771 	0.99999973 	0.99872536 	0.99997266 	0.29665301 	0.99567251 	0.99404165 	0.99994879 	0.98508193 	0.99999799 	0.99995790 	0.98883192 	
0.99847925 	0.99999955 	0.99630929 	0.99999126 	0.98860771 	0.99999973 	0.99872536 	0.99997266 	0.29665301 	0.99567251 	0.99404165 	0.99994879 	0.98508193 	0.99999799 	0.99995790 	0.98883192 	
0.99847925 	0.99999955 	0.99630929 	0.99999126 	0.98860771 	0.99999973 	0.99872536 	0.99997266 	0.29665301 	0.99567251 	0.99404165 	0.99994879 	0.98508193 	0.99999799 	0.99995790 	0.98883192 	
0.99847925 	0.99999955 	0.99630929 	0.99999126 	0.98860771 	0.99999973 	0.99872536 	0.99997266 	0.29665301 	0.99567251 	0.99401164 	0.99994879 	0.98508193 	0.99999799 	0.99995790 	0.98883192 	
0.99847925 	0.99999955 	0.99630929 	0.99999126 	0.98860771 	0.99999973 	0.99872536 	0.99997266 	0.29665301 	0.99567251 	0.99401164 	0.99996272 	0.98508193 	0.99999799 	0.99995790 	0.98883192 	
0.99847925 	0.99999955 	0.99630929 	0.99999126 	0.98860771 	0.99999973 	0.99872536 	0.99997266 	0.29665301 	0.99567251 	0.99401164 	0.99996272 	0.98508193 	0.99999799 	0.99995790 	0.98883192 	
0.99847925 	0.99999955 	0.99630929 	0.99999126 	0.98860771 	0.99999973 	0.99872536 	0.99997266 	0.29665301 	0.99567251 	0.99401164 	0.99996272 	0.98508193 	0.99999834 	0.99995790 	0.98883192 	
0.99847925 	0.99999955 	0.99630929 	0.99999126 	0.98860771 	0.99999973 	0.99872536 	0.99997266 	0.29665301 	0.99567251 	0.99401164 	0.99996272 	0.98508193 	0.99999834 	0.99995790 	0.98883192 	
0.99847925 	0.99999955 	0.99630929 	0.99999126 	0.98860771 	0.99999973 	0.99872536 	0.99997266 	0.29665301 	0.99567251 	0.99401164 	0.99996272 	0.98508193 	0.99999834 	0.99995790 	0.98883192 	
0.99847925 	0.99999955 	0.99630929 	0.99999126 	0.98860771 	0.99999973 	0.99872536 	0.99997266 	0.29665301 	0.99567251 	0.99401164 	0.99996272 	0.98508193 	0.99999834 	0.99995790 	0.98883192 	
0.99847925 	0.99999955 	0.99630929 	0.99999126 	0.98860771 	0.99999973 	0.99872536 	0.99997266 	0.29665301 	0.99567251 	0.99401164 	0.99996272 	0.98508193 	0.99999834 	0.99995790 	0.98883192 	
0.99847925 	0.99999955 	0.99630657 	0.99999126 	0.98860771 	0.99999973 	0.99872536 	0.99997266 	0.29665301 	0.99567251 	0.99401164 	0.99996272 	0.98508193 	0.99999834 	0.99995790 	0.98883192 	
0.99847925 	0.99999955 	0.99630657 	0.99999301 	0.98860771 	0.99999973 	0.99872536 	0.99997266 	0.29665301 	0.99567251 	0.99401164 	0.99996272 	0.98508193 	0.99999834 	0.99995790 	0.98883192 	
0.99847925 	0.99999955 	0.99630657 	0.99999301 	0.98860771 	0.99999973 	0.99872536 	0.99997266 	0.29665301 	0.99567251 	0.99401164 	0.99996272 	0.98508193 	0.99999834 	0.99995790 	0.98883192 	
0.99847925 	0.99999955 	0.99630657 	0.99999301 	0.98860771 	0.99999973 	0.99872536 	0.99997266 	0.29665301 	0.99567251 	0.99401164 	0.99996272 	0.98508193 	0.99999834 	0.99995790 	0.98883192 	
0.99847925 	0.99999955 	0.99630657 	0.99999301 	0.98860771 	0.99999973 	0.99872536 	0.99997266 	0.29665301 	0.99567251 	0.99401164 	0.99996272 	0.98508193 	0.99999834 	0.99995790 	0.98883192 	
0.99847925 	0.99999955 	0.99630657 	0.99999301 	0.98860771 	0.99999973 	0.99872536 	0.99998558 	0.29665301 	0.99567251 	0.99401164 	0.99996272 	0.98508193 	0.99999834 	0.99995790 	0.98883192 	
0.99847925 	0.99999955 	0.99630657 	0.99999301 	0.98860771 	0.99999973 	0.99872536 	0.99998558 	0.29630121 	0.99567251 	0.99401164 	0.99996272 	0.98508193 	0.99999834 	0.99995790 	0.98883192 	
0.99847925 	0.99999955 	0.99630657 	0.99999301 	0.98860771 	0.99999973 	0.99872536 	0.99998558 	0.29630121 	0.99567251 	0.99401164 	0.99996272 	0.98508193 	0.99999834 	0.99995790 	0.98883192 	
0.99847925 	0.99999955 	0.99630657 	0.99999301 	0.98860771 	0.99999973 	0.99872536 	0.99998558 	0.29630121 	0.99567251 	0.99401164 	0.99996272 	0.98508193 	0.99999834 	0.99995790 	0.98883192 	
0.99847925 	0.99999955 	0.99630657 	0.99999301 	0.98860771 	0.99999973 	0.99872536 	0.99998558 	0.29630121 	0.99567251 	0.99401164 	0.99997361 	0.98508193 	0.99999834 	0.99995790 	0.98883192 	
0.99847925 	0.99999955 	0.99630657 	0.99999301 	0.98860771 	0.99999973 	0.99872536 	0.99998558 	0.29630121 	0.99567251 	0.99401164 	0.99997361 	0.98508193 	0.99999834 	0.99995790 	0.98883192 	
0.99847925 	0.99999955 	0.99630657 	0.99999301 	0.98860771 	0.99999973 	0.99872536 	0.99998558 	0.29630121 	0.99567251 	0.99401164 	0.99997361 	0.98508193 	0.99999890 	0.99995790 	0.98883192 	
0.99847925 	0.99999955 	0.99630657 	0.99999301 	0.98860771 	0.99999973 	0.99872536 	0.99998558 	0.29630121 	0.99567251 	0.99401164 	0.99997361 	0.98508193 	0.99999890 	0.99995790 	0.98883192 	
0.99847925 	0.99999955 	0.99630657 	0.99999301 	0.98860771 	0.99999973 	0.99872536 	0.99998558 	0.29630121 	0.99567251 	0.99401164 	0.99997361 	0.98508193 	0.99999890 	0.99995790 	0.98883192 	
0.99847925 	0.99999955 	0.99630657 	0.99999301 	0.98860771 	0.99999973 	0.99872536 	0.99998558 	0.29630121 	0.99567251 	0.99401164 	0.99997361 	0.98508193 	0.99999890 	0.99995790 	0.98883192 	
0.99847925 	0.99999955 	0.99630657 	0.99999301 	0.98860771 	0.99999973 	0.99872536 	0.99998558 	0.29630121 	0.99567251 	0.99401164 	0.99997361 	0.98508193 	0.99999890 	0.99995790 	0.98883192 	
0.99847925 	0.99999955 	0.99629730 	0.99999301 	0.98860771 	0.99999973 	0.99872536 	0.99998558 	0.29630121 	0.99567251 	0.99401164 	0.99997361 	0.98508193 	0.99999890 	0.99995790 	0.98883192 	
0.99847925 	0.99999955 	0.99629730 	0.99999301 	0.98860771 	0.99999973 	0.99872536 	0.99998558 	0.29630121 	0.99567251 	0.99401164 	0.99997361 	0.98508193 	0.99999890 	0.99995790 	0.98883192 	
0.99847925 	0.99999955 	0.99629730 	0.99999301 	0.98860771 	0.99999973 	0.99872536 	0.99998558 	0.29630121 	0.99567251 	0.99401164 	0.99997361 	0.98508193 	0.99999890 	0.99995790 	0.98883192 	
0.99847925 	0.99999955 	0.99629730 	0.99999301 	0.98860771 	0.99999973 	0.99872536 	0.99998558 	0.29630121 	0.99567251 	0.99401164 	0.99997361 	0.98508193 	0.99999890 	0.99995790 	0.98883192 	
0.99847925 	0.99999955 	0.99629730 	0.99999301 	0.98860771 	0.99999973 	0.99872408 	0.99998558 	0.29630121 	0.99567251 	0.99401164 	0.99997361 	0.98508193 	0.99999890 	0.99995790 	0.98883192 	
0.99847925 	0.99999955 	0.99629730 	0.99999301 	0.98860771 	0.99999973 	0.99872408 	0.99998558 	0.29630121 	0.99567251 	0.99401164 	0.99997361 	0.98508193 	0.99999890 	0.99995790 	0.98883192 	
0.99847925 	0.99999955 	0.99629730 	0.99999301 	0.98860771 	0.99999973 	0.99872408 	0.99998558 	0.29630121 	0.99567251 	0.99401164 	0.99997361 	0.98508193 	0.99999890 	0.99995790 	0.98883192 	
0.99847925 	0.99999955 	0.99629730 	0.99999301 	0.98860771 	0.99999973 	0.99872408 	0.99998558 	0.29630121 	0.99567251 	0.99401164 	0.99997361 	0.98508193 	0.99999890 	0.99995790 	0.98883192 	
0.99847925 	0.99999955 	0.99629730 	0.99999301 	0.98860771 	0.99999973 	0.99872408 	0.99998558 	0.29630121 	0.99567251 	0.99401164 	0.99997361 	0.98508193 	0.99999890 	0.99995790 	0.98883192 	
0.99847925 	0.99999955 	0.99629730 	0.99999301 	0.98860771 	0.99999973 	0.99872408 	0.99998558 	0.29630121 	0.99567251 	0.99401164 	0.99998298 	0.98508193 	0.99999890 	0.99995790 	0.98883192 	
0.99847925 	0.99999955 	0.99629730 	0.99999301 	0.98860771 	0.99999973 	0.99872408 	0.99998558 	0.29630121 	0.99567251 	0.99401164 	0.99998298 	0.98501111 	0.99999890 	0.99995790 	0.98883192 	
0.99847925 	0.99999955 	0.99629730 	0.99999301 	0.98860771 	0.99999973 	0.99872408 	0.99998558 	0.29630121 	0.99567251 	0.99401164 	0.99998298 	0.98501111 	0.99999890 	0.99995790 	0.98883192 	
0.99847925 	0.99999955 	0.99629730 	0.99999301 	0.98860771 	0.99999973 	0.99872408 	0.99998558 	0.29630121 	0.99567251 	0.99401164 	0.99998298 	0.98501111 	0.99999890 	0.99996675 	0.98883192 	
0.99847925 	0.99999955 	0.99629730 	0.99999301 	0.98860771 	0.99999973 	0.99872408 	0.99998558 	0.29630121 	0.99567251 	0.99401164 	0.99998298 	0.98501111 	0.99999890 	0.99996675 	0.98883192 	
0.99847925 	0.99999955 	0.99629730 	0.99999301 	0.98860771 	0.99999973 	0.99872408 	0.99998558 	0.29630121 	0.99567251 	0.99401164 	0.99998298 	0.98501111 	0.99999890 	0.99996675 	0.98883192 	
0.99847925 	0.99999955 	0.99629730 	0.99999301 	0.98860771 	0.99999973 	0.99872408 	0.99998558 	0.29630121 	0.99567251 	0.99401164 	0.99998298 	0.98501111 	0.99999890 	0.99996675 	0.98883192 	
0.99847925 	0.99999955 	0.99629730 	0.99999301 	0.98860771 	0.99999973 	0.99872408 	0.99998558 	0.29630121 	0.99567251 	0.99401164 	0.99998298 	0.98501111 	0.99999890 	0.99996675 	0.98883192 	
0.99847925 	0.99999955 	0.99629730 	0.99999301 	0.98860771 	0.99999973 	0.99872408 	0.99998558 	0.29630121 	0.99567251 	0.99401164 	0.99998298 	0.98501111 	0.99999890 	0.99996675 	0.98883192 	
0.99847925 	0.99999955 	0.99629730 	0.99999301 	0.98860771 	0.99999973 	0.99872408 	0.99998558 	0.29630121 	0.99567251 	0.99401164 	0.99998298 	0.98501111 	0.99999890 	0.99996675 	0.98883192 	
0.99847925 	0.99999955 	0.99629730 	0.99999301 	0.98860771 	0.99999973 	0.99872408 	0.99998558 	0.29630121 	0.99567251 	0.99401164 	0.99998298 	0.98501111 	0.99999890 	0.99996675 	0.98883192 	
0.99847925 	0.99999955 	0.99629730 	0.99999301 	0.98860771 	0.99999973 	0.99867770 	0.99998558 	0.29630121 	0.99567251 	0.99401164 	0.99998298 	0.98501111 	0.99999890 	0.99996675 	0.98883192 	
0.99847925 	0.99999955 	0.99629730 	0.99999301 	0.98860771 	0.99999973 	0.99867770 	0.99999184 	0.29630121 	0.99567251 	0.99401164 	0.99998298 	0.98501111 	0.99999890 	0.99996675 	0.98883192 	
0.99847925 	0.99999955 	0.99629730 	0.99999301 	0.98860771 	0.99999973 	0.99867770 	0.99999184 	0.29630121 	0.99567251 	0.99401164 	0.99998298 	0.98501111 	0.99999890 	0.99996675 	0.98883192 	
0.99847925 	0.99999955 	0.99629730 	0.99999301 	0.98860771 	0.99999973 	0.99867770 	0.99999184 	0.29630121 	0.99567251 	0.99401164 	0.99998298 	0.98501111 	0.99999890 	0.99996675 	0.98883192 	
0.99847925 	0.99999955 	0.99629730 	0.99999301 	0.98860771 	0.99999973 	0.99867770 	0.99999184 	0.29630121 	0.99567251 	0.99401164 	0.99998298 	0.98501111 	0.99999890 	0.99996675 	0.98883192 	
0.99847925 	0.99999955 	0.99629730 	0.99999301 	0.98860771 	0.99999973 	0.99867770 	0.99999184 	0.29630121 	0.99567251 	0.99401164 	0.99999408 	0.98501111 	0.99999890 	0.99996675 	0.98883192 	
0.99847925 	0.99999955 	0.99629730 	0.99999301 	0.98860771 	0.99999973 	0.99867770 	0.99999184 	0.29630121 	0.99567251 	0.99401164 	0.99999408 	0.98501111 	0.99999890 	0.99996675 	0.98883192 	
0.99847925 	0.99999955 	0.99629730 	0.99999301 	0.98860771 	0.99999973 	0.99867770 	0.99999184 	0.29630121 	0.99567251 	0.99401164 	0.99999408 	0.98501111 	0.99999890 	0.99996675 	0.98883192 	
0.99847925 	0.99999955 	0.99629730 	0.99999301 	0.98860771 	0.99999973 	0.99867770 	0.99999184 	0.29630121 	0.99567251 	0.99401164 	0.99999408 	0.98501111 	0.99999890 	0.99999789 	0.98883192 	
0.99847925 	0.99999955 	0.99629730 	0.99999301 	0.98860771 	0.99999973 	0.99867770 	0.99999184 	0.29630121 	0.99567251 	0.99401164 	0.99999408 	0.98501111 	0.99999890 	0.99999789 	0.98883192 	
0.99847925 	0.99999955 	0.99629730 	0.99999301 	0.98860771 	0.99999973 	0.99867770 	0.99999184 	0.29630121 	0.99567251 	0.99401164 	0.99999408 	0.98501111 	0.99999890 	0.99999789 	0.98883192 	
0.99847925 	0.99999955 	0.99629730 	0.99999301 	0.98860771 	0.99999973 	0.99867770 	0.99999184 	0.29630121 	0.99567251 	0.99401164 	0.99999408 	0.98501111 	0.99999890 	0.99999789 	0.98883192 	
0.99847925 	0.99999955 	0.99629730 	0.99999301 	0.98860771 	0.99999973 	0.99867770 	0.99999184 	0.29630121 	0.99567251 	0.99401164 	0.99999408 	0.98501111 	0.99999890 	0.99999789 	0.98883192 	
0.99847925 	0.99999955 	0.99629730 	0.99999301 	0.98860771 	0.99999973 	0.99867770 	0.99999184 	0.29630121 	0.99567251 	0.99401164 	0.99999408 	0.98501111 	0.99999890 	0.99999789 	0.98883192 	
0.99847925 	0.99999955 	0.99629730 	0.99999301 	0.98861166 	0.99999973 	0.99867770 	0.99999184 	0.29630121 	0.99567251 	0.99401164 	0.99999408 	0.98501111 	0.99999890 	0.99999789 	0.98883192 	
0.99847925 	0.99999955 	0.99629730 	0.99999301 	0.98861166 	0.99999973 	0.99867770 	0.99999184 	0.29630121 	0.99567251 	0.99401164 	0.99999408 	0.98501111 	0.99999890 	0.99999789 	0.98883192 	
0.99847925 	0.99999955 	0.99629730 	0.99999301 	0.98861166 	0.99999973 	0.99867770 	0.99999184 	0.29630121 	0.99567251 	0.99401164 	0.99999408 	0.98501111 	0.99999890 	0.99999789 	0.98883192 	
0.99847925 	0.99999955 	0.99629730 	0.99999301 	0.98861166 	0.99999973 	0.99867770 	0.99999184 	0.29630121 	0.99567251 	0.99401164 	0.99999408 	0.98501111 	0.99999890 	0.99999789 	0.98883192 	
0.99847925 	0.99999955 	0.99629730 	0.99999301 	0.98861166 	0.99999973 	0.99867770 	0.99999184 	0.29630121 	0.99567251 	0.99401164 	0.99999408 	0.98501111 	0.99999890 	0.99999789 	0.98883192 	
0.99847925 	0.99999955 	0.99629730 	0.99999301 	0.98861166 	0.99999973 	0.99867770 	0.99999184 	0.29630121 	0.99567251 	0.99401164 	0.99999408 	0.98501111 	0.99999890 	0.99999789 	0.98883192 	
0.99847925 	0.99999955 	0.99629730 	0.99999301 	0.98861166 	0.99999973 	0.99867770 	0.99999184 	0.29630121 	0.99567251 	0.99401164 	0.99999408 	0.98501111 	0.99999890 	0.99999789 	0.98883192 	
0.99847925 	0.99999955 	0.99629730 	0.99999301 	0.98861166 	0.99999973 	0.99867770 	0.99999184 	0.29630121 	0.99567251 	0.99401164 	0.99999408 	0.98501111 	0.99999890 	0.99999789 	0.98883192 	
0.99847925 	0.99999955 	0.99629730 	0.99999301 	0.98861166 	0.99999973 	0.99867770 	0.99999184 	0.29630121 	0.99567251 	0.99401164 	0.99999408 	0.98500322 	0.99999890 	0.99999789 	0.98883192 	
0.99847925 	0.99999955 	0.99629730 	0.99999301 	0.98861166 	0.99999973 	0.99867770 	0.99999184 	0.29630121 	0.99567251 	0.99401164 	0.99999408 	0.98500322 	0.99999890 	0.99999789 	0.98883192 	
0.99847925 	0.99999955 	0.99629730 	0.99999301 	0.98861166 	0.99999973 	0.99867770 	0.99999184 	0.29630121 	0.99567251 	0.99401164 	0.99999408 	0.98500322 	0.99999890 	0.99999789 	0.98883192 	
0.99847925 	0.99999955 	0.99629730 	0.99999301 	0.98861166 	0.99999973 	0.99867770 	0.99999184 	0.29630121 	0.99567251 	0.99401164 	0.99999408 	0.98500322 	0.99999890 	0.99999789 	0.98883192 	
0.99847925 	0.99999955 	0.99629730 	0.99999301 	0.98861166 	0.99999973 	0.99867770 	0.99999184 	0.29630121 	0.99567251 	0.99401164 	0.99999408 	0.98500322 	0.99999890 	0.99999789 	0.98883192 	
0.99847925 	0.99999955 	0.99629730 	0.99999301 	0.98861166 	0.99999973 	0.99867770 	0.99999184 	0.29630121 	0.99567251 	0.99401164 	0.99999408 	0.98500322 	0.99999890 	0.99999789 	0.98883192 	
0.99847925 	0.99999955 	0.99629730 	0.99999301 	0.98861166 	0.99999973 	0.99867770 	0.99999184 	0.29630121 	0.99567251 	0.99401164 	0.99999408 	0.98500322 	0.99999890 	0.99999789 	0.98883192 	
0.99847925 	0.99999955 	0.99629730 	0.99999301 	0.98861166 	0.99999973 	0.99867770 	0.99999184 	0.29630121 	0.99567251 	0.99401164 	0.99999408 	0.98500322 	0.99999890 	0.99999789 	0.98883192 	
0.99847925 	0.99999955 	0.99629730 	0.99999301 	0.98861166 	0.99999973 	0.99867770 	0.99999184 	0.29630121 	0.99567251 	0.99401164 	0.99999408 	0.98500322 	0.99999890 	0.99999789 	0.98883192 	
0.99847925 	0.99999955 	0.99629730 	0.99999301 	0.98861166 	0.99999973 	0.99867770 	0.99999184 	0.29630121 	0.99567251 	0.99401164 	0.99999408 	0.98500322 	0.99999890 	0.99999789 	0.98883192 	
0.99847925 	0.99999955 	0.99629730 	0.99999301 	0.98861166 	0.99999973 	0.99867770 	0.99999184 	0.29630121 	0.99567251 	0.99401164 	0.99999408 	0.98500322 	0.99999890 	0.99999789 	0.98883192 	
0.99847925 	0.99999955 	0.99629730 	0.99999301 	0.98861166 	0.99999973 	0.99867770 	0.99999184 	0.29630121 	0.99567251 	0.99401164 	0.99999408 	0.98500322 	0.99999890 	0.99999789 	0.98883192 	
0.99847925 	0.99999955 	0.99629730 	0.99999301 	0.98861166 	0.99999973 	0.99867770 	0.99999184 	0.29630121 	0.99567251 	0.99401164 	0.99999408 	0.98500322 	0.99999890 	0.99999789 	0.98883192 	
0.99847925 	0.99999955 	0.99629730 	0.99999301 	0.98861166 	0.99999973 	0.99867770 	0.99999184 	0.29630121 	0.99567251 	0.99401164 	0.99999408 	0.98500322 	0.99999890 	0.99999789 	0.98883192 	
0.99847925 	0.99999955 	0.99629730 	0.99999301 	0.98861166 	0.99999973 	0.99867770 	0.99999184 	0.29630121 	0.99567251 	0.99401164 	0.99999408 	0.98500322 	0.99999890 	0.99999789 	0.98883192 	
0.99847925 	0.99999955 	0.99629730 	0.99999301 	0.98861166 	0.99999973 	0.99867770 	0.99999184 	0.29630121 	0.99567251 	0.99401164 	0.99999514 	0.98500322 	0.99999890 	0.99999789 	0.98883192 	
0.99847925 	0.99999955 	0.99629730 	0.99999301 	0.98861166 	0.99999973 	0.99867770 	0.99999184 	0.29630121 	0.99567251 	0.99401164 	0.99999514 	0.98500322 	0.99999890 	0.99999789 	0.98883192 	
0.99847925 	0.99999955 	0.99629730 	0.99999301 	0.98861166 	0.99999973 	0.99867770 	0.99999184 	0.29630121 	0.99567251 	0.99401164 	0.99999514 	0.98500322 	0.99999890 	0.99999789 	0.98883192 	
0.99847925 	0.99999955 	0.99629730 	0.99999301 	0.98861166 	0.99999973 	0.99867770 	0.99999184 	0.29630121 	0.99567251 	0.99401164 	0.99999514 	0.98500322 	0.99999890 	0.99999789 	0.98883192 	
0.99847925 	0.99999955 	0.99629730 	0.99999301 	0.98861166 	0.99999973 	0.99867770 	0.99999184 	0.29630121 	0.99567251 	0.99401164 	0.99999514 	0.98500322 	0.99999890 	0.99999789 	0.98883192 	
0.99847925 	0.99999955 	0.99629730 	0.99999301 	0.98861166 	0.99999973 	0.99867770 	0.99999184 	0.29630121 	0.99567251 	0.99401164 	0.99999514 	0.98500322 	0.99999890 	0.99999789 	0.98883192 	
0.99847925 	0.99999955 	0.99629730 	0.99999301 	0.98861166 	0.99999973 	0.99867770 	0.99999184 	0.29630121 	0.99567251 	0.99401164 	0.99999514 	0.98500322 	0.99999890 	0.99999789 	0.98883192 	
0.99847925 	0.99999955 	0.99629730 	0.99999301 	0.98861166 	0.99999973 	0.99867770 	0.99999184 	0.29630121 	0.99567251 	0.99401164 	0.99999514 	0.98500322 	0.99999890 	0.99999789 	0.98883192 	
0.99847925 	0.99999955 	0.99629730 	0.99999301 	0.98861166 	0.99999973 	0.99867770 	0.99999184 	0.29630121 	0.99567251 	0.99401164 	0.99999514 	0.98500322 	0.99999890 	0.99999789 	0.98883192 	
0.99847925 	0.99999955 	0.99629730 	0.99999301 	0.98861166 	0.99999973 	0.99867770 	0.99999184 	0.29630121 	0.99567251 	0.99401164 	0.99999514 	0.98500322 	0.99999890 	0.99999789 	0.98883192 	
0.99847925 	0.99999955 	0.99629730 	0.99999301 	0.98861166 	0.99999973 	0.99867770 	0.99999184 	0.29630121 	0.99567251 	0.99401164 	0.99999514 	0.98500322 	0.99999890 	0.99999789 	0.98883192 	
0.99847925 	0.99999955 	0.99629730 	0.99999301 	0.98861166 	0.99999973 	0.99868348 	0.99999184 	0.29630121 	0.99567251 	0.99401164 	0.99999514 	0.98500322 	0.99999890 	0.99999789 	0.98883192 	
0.99847925 	0.99999955 	0.99629730 	0.99999301 	0.98861166 	0.99999973 	0.99868348 	0.99999184 	0.29630121 	0.99567251 	0.99401164 	0.99999514 	0.98500322 	0.99999890 	0.99999789 	0.98883192 	
0.99847925 	0.99999955 	0.99629730 	0.99999301 	0.98861166 	0.99999973 	0.99868348 	0.99999184 	0.29630121 	0.99567251 	0.99401164 	0.99999514 	0.98500322 	0.99999890 	0.99999789 	0.98883192 	
0.99847925 	0.99999955 	0.99629730 	0.99999301 	0.98861166 	0.99999973 	0.99868348 	0.99999184 	0.29630121 	0.99569943 	0.99401164 	0.99999514 	0.98500322 	0.99999890 	0.99999789 	0.98883192 	
0.99847925 	0.99999955 	0.99629730 	0.99999301 	0.98861166 	0.99999973 	0.99868348 	0.99999184 	0.29630121 	0.99569943 	0.99401164 	0.99999514 	0.98500322 	0.99999890 	0.99999789 	0.98883192 	
0.99847925 	0.99999955 	0.99629730 	0.99999301 	0.98861166 	0.99999973 	0.99868348 	0.99999184 	0.29630121 	0.99569943 	0.99401164 	0.99999514 	0.98500322 	0.99999890 	0.99999789 	0.98883192 	
0.99847925 	0.99999955 	0.99629730 	0.99999301 	0.98861166 	0.99999973 	0.99868348 	0.99999184 	0.29630121 	0.99569943 	0.99401164 	0.99999514 	0.98500322 	0.99999890 	0.99999789 	0.98883192 	
0.99847925 	0.99999955 	0.99629730 	0.99999301 	0.98861166 	0.99999973 	0.99868348 	0.99999184 	0.29630121 	0.99569943 	0.99401164 	0.99999514 	0.98500322 	0.99999890 	0.99999789 	0.98883192 	
0.99847925 	0.99999955 	0.99629730 	0.99999301 	0.98861166 	0.99999973 	0.99868348 	0.99999184 	0.29630121 	0.99569943 	0.99401164 	0.99999514 	0.98500322 	0.99999890 	0.99999789 	0.98883192 	
0.99847925 	0.99999955 	0.99629730 	0.99999301 	0.98861166 	0.99999973 	0.99868348 	0.99999184 	0.29630121 	0.99569943 	0.99401164 	0.99999514 	0.98500322 	0.99999890 	0.99999789 	0.98883192 	
0.99818708 	0.99999955 	0.99629730 	0.99999301 	0.98861166 	0.99999973 	0.99868348 	0.99999184 	0.29630121 	0.99569943 	0.99401164 	0.99999514 	0.98500322 	0.99999890 	0.99999789 	0.98883192 	
0.99818708 	0.99999955 	0.99629730 	0.99999301 	0.98861166 	0.99999973 	0.99868348 	0.99999184 	0.29630121 	0.99569943 	0.99401164 	0.99999514 	0.98500322 	0.99999890 	0.99999789 	0.98883192 	
0.99818708 	0.99999955 	0.99629730 	0.99999301 	0.98861166 	0.99999973 	0.99868348 	0.99999184 	0.29630121 	0.99569943 	0.99401164 	0.99999514 	0.98500322 	0.99999890 	0.99999789 	0.98883192 	
0.99818708 	0.99999955 	0.99629730 	0.99999440 	0.98861166 	0.99999973 	0.99868348 	0.99999184 	0.29630121 	0.99569943 	0.99401164 	0.99999514 	0.98500322 	0.99999890 	0.99999789 	0.98883192 	
0.99818708 	0.99999955 	0.99629730 	0.99999440 	0.98861166 	0.99999973 	0.99868348 	0.99999184 	0.29630121 	0.99569943 	0.99401164 	0.99999514 	0.98500322 	0.99999890 	0.99999789 	0.98883192 	
0.99818708 	0.99999955 	0.99629730 	0.99999440 	0.98861166 	0.99999973 	0.99868348 	0.99999184 	0.29630121 	0.99569943 	0.99401164 	0.99999514 	0.98500322 	0.99999890 	0.99999789 	0.98883192 	
0.99818708 	0.99999955 	0.99629730 	0.99999440 	0.98861166 	0.99999973 	0.99868348 	0.99999184 	0.29630121 	0.99569943 	0.99401164 	0.99999514 	0.98500322 	0.99999890 	0.99999789 	0.98883192 	
0.99818708 	0.99999955 	0.99629730 	0.99999440 	0.98861166 	0.99999973 	0.99868348 	0.99999184 	0.29630121 	0.99569943 	0.99401164 	0.99999514 	0.98500322 	0.99999890 	0.99999789 	0.98883192 	
0.99818708 	0.99999955 	0.99629730 	0.99999440 	0.98861166 	0.99999973 	0.99868348 	0.99999184 	0.29630121 	0.99569943 	0.99401164 	0.99999514 	0.98500322 	0.99999890 	0.99999789 	0.98883192 	
0.99818708 	0.99999955 	0.99629730 	0.99999440 	0.98861166 	0.99999973 	0.99868348 	0.99999184 	0.29630121 	0.99569943 	0.99401164 	0.99999514 	0.98500322 	0.99999890 	0.99999789 	0.98883192 	
0.99818708 	0.99999955 	0.99629730 	0.99999440 	0.98861166 	0.99999973 	0.99868348 	0.99999184 	0.29630121 	0.99569943 	0.99401164 	0.99999514 	0.98500322 	0.99999890 	0.99999789 	0.98883192 	
0.99818708 	0.99999955 	0.99629730 	0.99999440 	0.98861166 	0.99999973 	0.99868348 	0.99999184 	0.29630121 	0.99569943 	0.99401164 	0.99999514 	0.98500322 	0.99999890 	0.99999789 	0.98883192 	
0.99818708 	0.99999955 	0.99629730 	0.99999440 	0.98861166 	0.99999973 	0.99868348 	0.99999184 	0.29630121 	0.99569943 	0.99401164 	0.99999514 	0.98500322 	0.99999890 	0.99999789 	0.98883192 	
0.99818708 	0.99999955 	0.99629730 	0.99999440 	0.98861166 	0.99999973 	0.99868348 	0.99999184 	0.29630121 	0.99569943 	0.99401164 	0.99999514 	0.98500322 	0.99999890 	0.99999789 	0.98883192 	
0.99818708 	0.99999955 	0.99629730 	0.99999440 	0.98861166 	0.99999973 	0.99868348 	0.99999184 	0.29630121 	0.99569943 	0.99401164 	0.99999514 	0.98500322 	0.99999890 	0.99999789 	0.98883192 	
0.99818708 	0.99999955 	0.99629730 	0.99999440 	0.98861166 	0.99999973 	0.99868348 	0.99999184 	0.29630121 	0.99569943 	0.99401164 	0.99999514 	0.98500322 	0.99999890 	0.99999789 	0.98883192 	
0.99821640 	0.99999955 	0.99629730 	0.99999440 	0.98861166 	0.99999973 	0.99868348 	0.99999184 	0.29630121 	0.99569943 	0.99401164 	0.99999514 	0.98500322 	0.99999890 	0.99999789 	0.98883192 	
0.99821640 	0.99999969 	0.99629730 	0.99999440 	0.98861166 	0.99999973 	0.99868348 	0.99999184 	0.29630121 	0.99569943 	0.99401164 	0.99999514 	0.98500322 	0.99999890 	0.99999789 	0.98883192 	
0.99821640 	0.99999969 	0.99629730 	0.99999440 	0.98861166 	0.99999973 	0.99868348 	0.99999184 	0.29630121 	0.99569943 	0.99401164 	0.99999514 	0.98500322 	0.99999890 	0.99999789 	0.98883192 	
0.99821640 	0.99999969 	0.99629730 	0.99999440 	0.98861166 	0.99999973 	0.99868348 	0.99999184 	0.29630121 	0.99569943 	0.99401164 	0.99999514 	0.98500322 	0.99999890 	0.99999789 	0.98883192 	
0.99821640 	0.99999969 	0.99629730 	0.99999440 	0.98861166 	0.99999973 	0.99868348 	0.99999184 	0.29630121 	0.99569943 	0.99401164 	0.99999514 	0.98500322 	0.99999890 	0.99999789 	0.98883192 	
0.99821640 	0.99999969 	0.99629730 	0.99999440 	0.98861166 	0.99999973 	0.99868348 	0.99999184 	0.29630121 	0.99569943 	0.99401164 	0.99999514 	0.98500322 	0.99999890 	0.99999789 	0.98883192 	
0.99821640 	0.99999969 	0.99629730 	0.99999440 	0.98861166 	0.99999973 	0.99868348 	0.99999184 	0.29630121 	0.99569943 	0.99401164 	0.99999514 	0.98500322 	0.99999890 	0.99999789 	0.98883192 	
0.99821640 	0.99999969 	0.99629730 	0.99999440 	0.98861166 	0.99999973 	0.99868348 	0.99999184 	0.29630121 	0.99569943 	0.99401164 	0.99999514 	0.98500322 	0.99999890 	0.99999789 	0.98883192 	
0.99821640 	0.99999969 	0.99629730 	0.99999440 	0.98861166 	0.99999973 	0.99868348 	0.99999184 	0.29630121 	0.99569943 	0.99401164 	0.99999514 	0.98500322 	0.99999890 	0.99999789 	0.98883192 	
0.99821640 	0.99999969 	0.99629730 	0.99999440 	0.98861166 	0.99999973 	0.99868348 	0.99999184 	0.29630121 	0.99569943 	0.99401164 	0.99999514 	0.98500322 	0.99999890 	0.99999789 	0.98883192 	
0.99821640 	0.99999969 	0.99629730 	0.99999440 	0.98861166 	0.99999973 	0.99868348 	0.99999184 	0.29630121 	0.99569943 	0.99401164 	0.99999514 	0.98500322 	0.99999890 	0.99999789 	0.98883192 	
0.99821640 	0.99999969 	0.99629730 	0.99999440 	0.98861166 	0.99999973 	0.99868348 	0.99999184 	0.29630121 	0.99569943 	0.99401164 	0.99999514 	0.98500322 	0.99999890 	0.99999789 	0.98883192 	
0.99821640 	0.99999969 	0.99629730 	0.99999440 	0.98861166 	0.99999973 	0.99868348 	0.99999184 	0.29630121 	0.99569943 	0.99401164 	0.99999514 	0.98500322 	0.99999890 	0.99999789 	0.98883192 	
0.99821640 	0.99999969 	0.99629730 	0.99999440 	0.98861166 	0.99999973 	0.99868348 	0.99999184 	0.29630121 	0.99569943 	0.99401164 	0.99999514 	0.98500322 	0.99999957 	0.99999789 	0.98883192 	
0.99821640 	0.99999969 	0.99629730 	0.99999440 	0.98861166 	0.99999973 	0.99868348 	0.99999184 	0.29630121 	0.99569943 	0.99401164 	0.99999514 	0.98500322 	0.99999957 	0.99999789 	0.98883192 	
0.99821640 	0.99999969 	0.99629730 	0.99999440 	0.98861166 	0.99999973 	0.99868348 	0.99999184 	0.29630121 	0.99569943 	0.99401164 	0.99999514 	0.98500322 	0.99999957 	0.99999789 	0.98883192 	
0.99823569 	0.99999969 	0.99629730 	0.99999440 	0.98861166 	0.99999973 	0.99868348 	0.99999184 	0.29630121 	0.99569943 	0.99401164 	0.99999514 	0.98500322 	0.99999957 	0.99999789 	0.98883192 	
0.99823569 	0.99999969 	0.99629730 	0.99999440 	0.98861166 	0.99999973 	0.99868348 	0.99999184 	0.29630121 	0.99569943 	0.99401164 	0.99999514 	0.98500322 	0.99999957 	0.99999789 	0.98883192 	
0.99823569 	0.99999969 	0.99629730 	0.99999440 	0.98861166 	0.99999973 	0.99868348 	0.99999184 	0.29630121 	0.99569943 	0.99401164 	0.99999514 	0.98500322 	0.99999957 	0.99999789 	0.98883192 	
0.99823569 	0.99999969 	0.99629730 	0.99999440 	0.98861166 	0.99999973 	0.99868348 	0.99999184 	0.29630121 	0.99569943 	0.99401164 	0.99999514 	0.98500322 	0.99999957 	0.99999789 	0.98883192 	
0.99823569 	0.99999969 	0.99629730 	0.99999440 	0.98861166 	0.99999973 	0.99868348 	0.99999184 	0.29630121 	0.99569943 	0.99401164 	0.99999514 	0.98500322 	0.99999957 	0.99999789 	0.98883192 	
0.99823569 	0.99999969 	0.99629730 	0.99999440 	0.98861166 	0.99999973 	0.99868348 	0.99999184 	0.29630121 	0.99569943 	0.99401164 	0.99999514 	0.98500322 	0.99999957 	0.99999789 	0.98883192 	
0.99823569 	0.99999969 	0.99629730 	0.99999440 	0.98861166 	0.99999973 	0.99868348 	0.99999184 	0.29630121 	0.99569943 	0.99401164 	0.99999514 	0.98500322 	0.99999957 	0.99999789 	0.98883192 	
0.99823569 	0.99999969 	0.99629730 	0.99999440 	0.98861166 	0.99999973 	0.99868348 	0.99999794 	0.29630121 	0.99569943 	0.99401164 	0.99999514 	0.98500322 	0.99999957 	0.99999789 	0.98883192 	
0.99823569 	0.99999969 	0.99629730 	0.99999440 	0.98861166 	0.99999973 	0.99868348 	0.99999794 	0.29630121 	0.99569943 	0.99401164 	0.99999514 	0.98500322 	0.99999957 	0.99999789 	0.98883192 	
0.99823569 	0.99999969 	0.99629730 	0.99999440 	0.98861166 	0.99999973 	0.99868348 	0.99999794 	0.29630121 	0.99569943 	0.99401164 	0.99999514 	0.98500322 	0.99999957 	0.99999789 	0.98883192 	
0.99823569 	0.99999969 	0.99629730 	0.99999440 	0.98861166 	0.99999973 	0.99868348 	0.99999794 	0.29630121 	0.99569943 	0.99401164 	0.99999514 	0.98500322 	0.99999957 	0.99999789 	0.98883192 	
0.99823569 	0.99999969 	0.99629730 	0.99999440 	0.98861166 	0.99999973 	0.99868348 	0.99999794 	0.29630121 	0.99569943 	0.99401164 	0.99999514 	0.98500322 	0.99999957 	0.99999789 	0.98883192 	
0.99823569 	0.99999969 	0.99629730 	0.99999440 	0.98861166 	0.99999973 	0.99868348 	0.99999794 	0.29630121 	0.99569943 	0.99401164 	0.99999514 	0.98500322 	0.99999957 	0.99999789 	0.98883192 	
0.99823569 	0.99999969 	0.99629730 	0.99999440 	0.98861166 	0.99999973 	0.99868348 	0.99999794 	0.29630121 	0.99569943 	0.99401164 	0.99999514 	0.98500322 	0.99999957 	0.99999789 	0.98883192 	
0.99823569 	0.99999969 	0.99629730 	0.99999440 	0.98861166 	0.99999973 	0.99868348 	0.99999794 	0.29630121 	0.99569943 	0.99401164 	0.99999514 	0.98500322 	0.99999957 	0.99999789 	0.98883192 	
0.99823569 	0.99999969 	0.99629730 	0.99999440 	0.98861166 	0.99999973 	0.99868348 	0.99999794 	0.29630121 	0.99569943 	0.99401164 	0.99999514 	0.98500322 	0.99999957 	0.99999789 	0.98883192 	
0.99823569 	0.99999969 	0.99629730 	0.99999440 	0.98861166 	0.99999973 	0.99868348 	0.99999794 	0.29630121 	0.99569943 	0.99401164 	0.99999514 	0.98500322 	0.99999957 	0.99999789 	0.98883192 	
0.99823569 	0.99999996 	0.99629730 	0.99999440 	0.98861166 	0.99999973 	0.99868348 	0.99999794 	0.29630121 	0.99569943 	0.99401164 	0.99999514 	0.98500322 	0.99999957 	0.99999789 	0.98883192 	
0.99823569 	0.99999996 	0.99629612 	0.99999440 	0.98861166 	0.99999973 	0.99868348 	0.99999794 	0.29630121 	0.99569943 	0.99401164 	0.99999514 	0.98500322 	0.99999957 	0.99999789 	0.98883192 	
0.99823569 	0.99999996 	0.99629612 	0.99999440 	0.98861166 	0.99999973 	0.99868348 	0.99999794 	0.29630121 	0.99569943 	0.99401164 	0.99999514 	0.98500322 	0.99999957 	0.99999789 	0.98883192 	
0.99823569 	0.99999996 	0.99629612 	0.99999440 	0.98861166 	0.99999973 	0.99868348 	0.99999794 	0.29630121 	0.99569943 	0.99401164 	0.99999514 	0.98500322 	0.99999957 	0.99999789 	0.98883192 	
0.99823569 	0.99999996 	0.99629612 	0.99999440 	0.98861166 	0.99999973 	0.99868348 	0.99999794 	0.29630121 	0.99569943 	0.99401164 	0.99999514 	0.98500322 	0.99999957 	0.99999789 	0.98883192 	
0.99823569 	0.99999996 	0.99629612 	0.99999440 	0.98861166 	0.99999973 	0.99868348 	0.99999794 	0.29630121 	0.99569943 	0.99401164 	0.99999514 	0.98500322 	0.99999957 	0.99999789 	0.98883192 	
0.99823569 	0.99999996 	0.99629612 	0.99999440 	0.98861166 	0.99999973 	0.99868348 	0.99999794 	0.29630121 	0.99569943 	0.99401164 	0.99999514 	0.98500322 	0.99999957 	0.99999789 	0.98883192 	
0.99823569 	0.99999996 	0.99629612 	0.99999440 	0.98861166 	0.99999973 	0.99868348 	0.99999794 	0.29630121 	0.99569943 	0.99401164 	0.99999514 	0.98500322 	0.99999957 	0.99999789 	0.98883192 	
0.99823569 	0.99999996 	0.99629612 	0.99999440 	0.98861166 	0.99999973 	0.99868348 	0.99999794 	0.29630121 	0.99569943 	0.99401164 	0.99999514 	0.98500322 	0.99999957 	0.99999789 	0.98883192 	
0.99823569 	0.99999996 	0.99629612 	0.99999440 	0.98861166 	0.99999973 	0.99868348 	0.99999794 	0.29630121 	0.99569943 	0.99401164 	0.99999514 	0.98500322 	0.99999957 	0.99999789 	0.98883192 	
0.99823569 	0.99999996 	0.99629612 	0.99999440 	0.98861166 	0.99999973 	0.99868348 	0.99999794 	0.29630121 	0.99569943 	0.99401164 	0.99999514 	0.98500322 	0.99999957 	0.99999789 	0.98883192 	
0.99823569 	0.99999996 	0.99629612 	0.99999440 	0.98861166 	0.99999973 	0.99868348 	0.99999794 	0.29630121 	0.99569943 	0.99401164 	0.99999514 	0.98500322 	0.99999957 	0.99999789 	0.98883192 	
0.99823569 	0.99999996 	0.99629612 	0.99999440 	0.98861166 	0.99999973 	0.99868348 	0.99999794 	0.29630121 	0.99569943 	0.99401164 	0.99999514 	0.98500322 	0.99999957 	0.99999789 	0.98883192 	
0.99823569 	0.99999996 	0.99629612 	0.99999440 	0.98861166 	0.99999973 	0.99868348 	0.99999794 	0.29630121 	0.99569943 	0.99401164 	0.99999514 	0.98500322 	0.99999957 	0.99999789 	0.98883192 	
0.99823569 	0.99999996 	0.99629612 	0.99999440 	0.98861166 	0.99999973 	0.99868348 	0.99999794 	0.29630121 	0.99569943 	0.99401164 	0.99999514 	0.98500322 	0.99999957 	0.99999789 	0.98847117 	
