0.97404325 	0.35408045 	0.61633093 	0.15466367 	0.82768971 	0.96716222 	0.15041313 	0.47549869 	0.89368573 	0.75454242 	0.89626640 	0.87029728 	0.22905711 	0.44751192 	0.64324866 	0.53964670 	
0.97404325 	0.81788495 	0.61633093 	0.15466367 	0.82768971 	0.96716222 	0.15041313 	0.47549869 	0.89368573 	0.75454242 	0.89626640 	0.87029728 	0.22905711 	0.44751192 	0.64324866 	0.53964670 	
0.97404325 	0.81788495 	0.95271545 	0.15466367 	0.82768971 	0.96716222 	0.15041313 	0.47549869 	0.89368573 	0.75454242 	0.89626640 	0.87029728 	0.22905711 	0.44751192 	0.64324866 	0.53964670 	
0.97404325 	0.81788495 	0.95271545 	0.89807219 	0.82768971 	0.96716222 	0.15041313 	0.47549869 	0.89368573 	0.75454242 	0.89626640 	0.87029728 	0.22905711 	0.44751192 	0.64324866 	0.53964670 	
0.97404325 	0.81788495 	0.95271545 	0.89807219 	0.99088936 	0.96716222 	0.15041313 	0.47549869 	0.89368573 	0.75454242 	0.89626640 	0.87029728 	0.22905711 	0.44751192 	0.64324866 	0.53964670 	
0.97404325 	0.81788495 	0.95271545 	0.89807219 	0.99088936 	0.96790936 	0.15041313 	0.47549869 	0.89368573 	0.75454242 	0.89626640 	0.87029728 	0.22905711 	0.44751192 	0.64324866 	0.53964670 	
0.97404325 	0.81788495 	0.95271545 	0.89807219 	0.99088936 	0.96790936 	0.91144694 	0.47549869 	0.89368573 	0.75454242 	0.89626640 	0.87029728 	0.22905711 	0.44751192 	0.64324866 	0.53964670 	
0.97404325 	0.81788495 	0.95271545 	0.89807219 	0.99088936 	0.96790936 	0.91144694 	0.98938516 	0.89368573 	0.75454242 	0.89626640 	0.87029728 	0.22905711 	0.44751192 	0.64324866 	0.53964670 	
0.97404325 	0.81788495 	0.95271545 	0.89807219 	0.99088936 	0.96790936 	0.91144694 	0.98938516 	0.47873503 	0.75454242 	0.89626640 	0.87029728 	0.22905711 	0.44751192 	0.64324866 	0.53964670 	
0.97404325 	0.81788495 	0.95271545 	0.89807219 	0.99088936 	0.96790936 	0.91144694 	0.98938516 	0.47873503 	0.98319328 	0.89626640 	0.87029728 	0.22905711 	0.44751192 	0.64324866 	0.53964670 	
0.97404325 	0.81788495 	0.95271545 	0.89807219 	0.99088936 	0.96790936 	0.91144694 	0.98938516 	0.47873503 	0.98319328 	0.97093084 	0.87029728 	0.22905711 	0.44751192 	0.64324866 	0.53964670 	
0.97404325 	0.81788495 	0.95271545 	0.89807219 	0.99088936 	0.96790936 	0.91144694 	0.98938516 	0.47873503 	0.98319328 	0.97093084 	0.99454374 	0.22905711 	0.44751192 	0.64324866 	0.53964670 	
0.97404325 	0.81788495 	0.95271545 	0.89807219 	0.99088936 	0.96790936 	0.91144694 	0.98938516 	0.47873503 	0.98319328 	0.97093084 	0.99454374 	0.93631986 	0.44751192 	0.64324866 	0.53964670 	
0.97404325 	0.81788495 	0.95271545 	0.89807219 	0.99088936 	0.96790936 	0.91144694 	0.98938516 	0.47873503 	0.98319328 	0.97093084 	0.99454374 	0.93631986 	0.96548307 	0.64324866 	0.53964670 	
0.97404325 	0.81788495 	0.95271545 	0.89807219 	0.99088936 	0.96790936 	0.91144694 	0.98938516 	0.47873503 	0.98319328 	0.97093084 	0.99454374 	0.93631986 	0.96548307 	0.91721082 	0.53964670 	
0.97404325 	0.81788495 	0.95271545 	0.89807219 	0.99088936 	0.96790936 	0.91144694 	0.98938516 	0.47873503 	0.98319328 	0.97093084 	0.99454374 	0.93631986 	0.96548307 	0.91721082 	0.99951471 	
0.97576896 	0.81788495 	0.95271545 	0.89807219 	0.99088936 	0.96790936 	0.91144694 	0.98938516 	0.47873503 	0.98319328 	0.97093084 	0.99454374 	0.93631986 	0.96548307 	0.91721082 	0.99951471 	
0.97576896 	0.84193728 	0.95271545 	0.89807219 	0.99088936 	0.96790936 	0.91144694 	0.98938516 	0.47873503 	0.98319328 	0.97093084 	0.99454374 	0.93631986 	0.96548307 	0.91721082 	0.99951471 	
0.97576896 	0.84193728 	0.96215668 	0.89807219 	0.99088936 	0.96790936 	0.91144694 	0.98938516 	0.47873503 	0.98319328 	0.97093084 	0.99454374 	0.93631986 	0.96548307 	0.91721082 	0.99951471 	
0.97576896 	0.84193728 	0.96215668 	0.89807219 	0.99088936 	0.96790936 	0.91144694 	0.98938516 	0.47873503 	0.98319328 	0.97093084 	0.99454374 	0.93631986 	0.96548307 	0.91721082 	0.99951471 	
0.97576896 	0.84193728 	0.96215668 	0.89807219 	0.99586838 	0.96790936 	0.91144694 	0.98938516 	0.47873503 	0.98319328 	0.97093084 	0.99454374 	0.93631986 	0.96548307 	0.91721082 	0.99951471 	
0.97576896 	0.84193728 	0.96215668 	0.89807219 	0.99586838 	0.96790936 	0.91144694 	0.98938516 	0.47873503 	0.98319328 	0.97093084 	0.99454374 	0.93631986 	0.96548307 	0.91721082 	0.99951471 	
0.97576896 	0.84193728 	0.96215668 	0.89807219 	0.99586838 	0.96790936 	0.91702477 	0.98938516 	0.47873503 	0.98319328 	0.97093084 	0.99454374 	0.93631986 	0.96548307 	0.91721082 	0.99951471 	
0.97576896 	0.84193728 	0.96215668 	0.89807219 	0.99586838 	0.96790936 	0.91702477 	0.98938516 	0.47873503 	0.98319328 	0.97093084 	0.99454374 	0.93631986 	0.96548307 	0.91721082 	0.99951471 	
0.97576896 	0.84193728 	0.96215668 	0.89807219 	0.99586838 	0.96790936 	0.91702477 	0.98938516 	0.41129101 	0.98319328 	0.97093084 	0.99454374 	0.93631986 	0.96548307 	0.91721082 	0.99951471 	
0.97576896 	0.84193728 	0.96215668 	0.89807219 	0.99586838 	0.96790936 	0.91702477 	0.98938516 	0.41129101 	0.98900671 	0.97093084 	0.99454374 	0.93631986 	0.96548307 	0.91721082 	0.99951471 	
0.97576896 	0.84193728 	0.96215668 	0.89807219 	0.99586838 	0.96790936 	0.91702477 	0.98938516 	0.41129101 	0.98900671 	0.97093084 	0.99454374 	0.93631986 	0.96548307 	0.91721082 	0.99951471 	
0.97576896 	0.84193728 	0.96215668 	0.89807219 	0.99586838 	0.96790936 	0.91702477 	0.98938516 	0.41129101 	0.98900671 	0.97093084 	0.99454374 	0.93631986 	0.96548307 	0.91721082 	0.99951471 	
0.97576896 	0.84193728 	0.96215668 	0.89807219 	0.99586838 	0.96790936 	0.91702477 	0.98938516 	0.41129101 	0.98900671 	0.97093084 	0.99454374 	0.93773469 	0.96548307 	0.91721082 	0.99951471 	
0.97576896 	0.84193728 	0.96215668 	0.89807219 	0.99586838 	0.96790936 	0.91702477 	0.98938516 	0.41129101 	0.98900671 	0.97093084 	0.99454374 	0.93773469 	0.96548307 	0.91721082 	0.99951471 	
0.97576896 	0.84193728 	0.96215668 	0.89807219 	0.99586838 	0.96790936 	0.91702477 	0.98938516 	0.41129101 	0.98900671 	0.97093084 	0.99454374 	0.93773469 	0.96548307 	0.91913592 	0.99951471 	
0.97576896 	0.84193728 	0.96215668 	0.89807219 	0.99586838 	0.96790936 	0.91702477 	0.98938516 	0.41129101 	0.98900671 	0.97093084 	0.99454374 	0.93773469 	0.96548307 	0.91913592 	0.99584561 	
0.97791520 	0.84193728 	0.96215668 	0.89807219 	0.99586838 	0.96790936 	0.91702477 	0.98938516 	0.41129101 	0.98900671 	0.97093084 	0.99454374 	0.93773469 	0.96548307 	0.91913592 	0.99584561 	
0.97791520 	0.87764070 	0.96215668 	0.89807219 	0.99586838 	0.96790936 	0.91702477 	0.98938516 	0.41129101 	0.98900671 	0.97093084 	0.99454374 	0.93773469 	0.96548307 	0.91913592 	0.99584561 	
0.97791520 	0.87764070 	0.97464900 	0.89807219 	0.99586838 	0.96790936 	0.91702477 	0.98938516 	0.41129101 	0.98900671 	0.97093084 	0.99454374 	0.93773469 	0.96548307 	0.91913592 	0.99584561 	
0.97791520 	0.87764070 	0.97464900 	0.89830944 	0.99586838 	0.96790936 	0.91702477 	0.98938516 	0.41129101 	0.98900671 	0.97093084 	0.99454374 	0.93773469 	0.96548307 	0.91913592 	0.99584561 	
0.97791520 	0.87764070 	0.97464900 	0.89830944 	0.99586838 	0.96790936 	0.91702477 	0.98938516 	0.41129101 	0.98900671 	0.97093084 	0.99454374 	0.93773469 	0.96548307 	0.91913592 	0.99584561 	
0.97791520 	0.87764070 	0.97464900 	0.89830944 	0.99586838 	0.97328789 	0.91702477 	0.98938516 	0.41129101 	0.98900671 	0.97093084 	0.99454374 	0.93773469 	0.96548307 	0.91913592 	0.99584561 	
0.97791520 	0.87764070 	0.97464900 	0.89830944 	0.99586838 	0.97328789 	0.97165625 	0.98938516 	0.41129101 	0.98900671 	0.97093084 	0.99454374 	0.93773469 	0.96548307 	0.91913592 	0.99584561 	
0.97791520 	0.87764070 	0.97464900 	0.89830944 	0.99586838 	0.97328789 	0.97165625 	0.99425913 	0.41129101 	0.98900671 	0.97093084 	0.99454374 	0.93773469 	0.96548307 	0.91913592 	0.99584561 	
0.97791520 	0.87764070 	0.97464900 	0.89830944 	0.99586838 	0.97328789 	0.97165625 	0.99425913 	0.41129101 	0.98900671 	0.97093084 	0.99454374 	0.93773469 	0.96548307 	0.91913592 	0.99584561 	
0.97791520 	0.87764070 	0.97464900 	0.89830944 	0.99586838 	0.97328789 	0.97165625 	0.99425913 	0.41129101 	0.98900671 	0.97093084 	0.99454374 	0.93773469 	0.96548307 	0.91913592 	0.99584561 	
0.97791520 	0.87764070 	0.97464900 	0.89830944 	0.99586838 	0.97328789 	0.97165625 	0.99425913 	0.41129101 	0.98900671 	0.97397541 	0.99454374 	0.93773469 	0.96548307 	0.91913592 	0.99584561 	
0.97791520 	0.87764070 	0.97464900 	0.89830944 	0.99586838 	0.97328789 	0.97165625 	0.99425913 	0.41129101 	0.98900671 	0.97397541 	0.99925637 	0.93773469 	0.96548307 	0.91913592 	0.99584561 	
0.97791520 	0.87764070 	0.97464900 	0.89830944 	0.99586838 	0.97328789 	0.97165625 	0.99425913 	0.41129101 	0.98900671 	0.97397541 	0.99925637 	0.93773469 	0.96548307 	0.91913592 	0.99584561 	
0.97791520 	0.87764070 	0.97464900 	0.89830944 	0.99586838 	0.97328789 	0.97165625 	0.99425913 	0.41129101 	0.98900671 	0.97397541 	0.99925637 	0.93773469 	0.98109165 	0.91913592 	0.99584561 	
0.97791520 	0.87764070 	0.97464900 	0.89830944 	0.99586838 	0.97328789 	0.97165625 	0.99425913 	0.41129101 	0.98900671 	0.97397541 	0.99925637 	0.93773469 	0.98109165 	0.91913592 	0.99584561 	
0.97791520 	0.87764070 	0.97464900 	0.89830944 	0.99586838 	0.97328789 	0.97165625 	0.99425913 	0.41129101 	0.98900671 	0.97397541 	0.99925637 	0.93773469 	0.98109165 	0.91913592 	0.96345094 	
0.98556666 	0.87764070 	0.97464900 	0.89830944 	0.99586838 	0.97328789 	0.97165625 	0.99425913 	0.41129101 	0.98900671 	0.97397541 	0.99925637 	0.93773469 	0.98109165 	0.91913592 	0.96345094 	
0.98556666 	0.93432467 	0.97464900 	0.89830944 	0.99586838 	0.97328789 	0.97165625 	0.99425913 	0.41129101 	0.98900671 	0.97397541 	0.99925637 	0.93773469 	0.98109165 	0.91913592 	0.96345094 	
0.98556666 	0.93432467 	0.99876195 	0.89830944 	0.99586838 	0.97328789 	0.97165625 	0.99425913 	0.41129101 	0.98900671 	0.97397541 	0.99925637 	0.93773469 	0.98109165 	0.91913592 	0.96345094 	
0.98556666 	0.93432467 	0.99876195 	0.90200397 	0.99586838 	0.97328789 	0.97165625 	0.99425913 	0.41129101 	0.98900671 	0.97397541 	0.99925637 	0.93773469 	0.98109165 	0.91913592 	0.96345094 	
0.98556666 	0.93432467 	0.99876195 	0.90200397 	0.99614771 	0.97328789 	0.97165625 	0.99425913 	0.41129101 	0.98900671 	0.97397541 	0.99925637 	0.93773469 	0.98109165 	0.91913592 	0.96345094 	
0.98556666 	0.93432467 	0.99876195 	0.90200397 	0.99614771 	0.97576954 	0.97165625 	0.99425913 	0.41129101 	0.98900671 	0.97397541 	0.99925637 	0.93773469 	0.98109165 	0.91913592 	0.96345094 	
0.98556666 	0.93432467 	0.99876195 	0.90200397 	0.99614771 	0.97576954 	0.99305014 	0.99425913 	0.41129101 	0.98900671 	0.97397541 	0.99925637 	0.93773469 	0.98109165 	0.91913592 	0.96345094 	
0.98556666 	0.93432467 	0.99876195 	0.90200397 	0.99614771 	0.97576954 	0.99305014 	0.99771411 	0.41129101 	0.98900671 	0.97397541 	0.99925637 	0.93773469 	0.98109165 	0.91913592 	0.96345094 	
0.98556666 	0.93432467 	0.99876195 	0.90200397 	0.99614771 	0.97576954 	0.99305014 	0.99771411 	0.40130991 	0.98900671 	0.97397541 	0.99925637 	0.93773469 	0.98109165 	0.91913592 	0.96345094 	
0.98556666 	0.93432467 	0.99876195 	0.90200397 	0.99614771 	0.97576954 	0.99305014 	0.99771411 	0.40130991 	0.98900671 	0.97397541 	0.99925637 	0.93773469 	0.98109165 	0.91913592 	0.96345094 	
0.98556666 	0.93432467 	0.99876195 	0.90200397 	0.99614771 	0.97576954 	0.99305014 	0.99771411 	0.40130991 	0.98900671 	0.99720004 	0.99925637 	0.93773469 	0.98109165 	0.91913592 	0.96345094 	
0.98556666 	0.93432467 	0.99876195 	0.90200397 	0.99614771 	0.97576954 	0.99305014 	0.99771411 	0.40130991 	0.98900671 	0.99720004 	0.99925637 	0.93773469 	0.98109165 	0.91913592 	0.96345094 	
0.98556666 	0.93432467 	0.99876195 	0.90200397 	0.99614771 	0.97576954 	0.99305014 	0.99771411 	0.40130991 	0.98900671 	0.99720004 	0.99925637 	0.96887385 	0.98109165 	0.91913592 	0.96345094 	
0.98556666 	0.93432467 	0.99876195 	0.90200397 	0.99614771 	0.97576954 	0.99305014 	0.99771411 	0.40130991 	0.98900671 	0.99720004 	0.99925637 	0.96887385 	0.98828517 	0.91913592 	0.96345094 	
0.98556666 	0.93432467 	0.99876195 	0.90200397 	0.99614771 	0.97576954 	0.99305014 	0.99771411 	0.40130991 	0.98900671 	0.99720004 	0.99925637 	0.96887385 	0.98828517 	0.97773065 	0.96345094 	
0.98556666 	0.93432467 	0.99876195 	0.90200397 	0.99614771 	0.97576954 	0.99305014 	0.99771411 	0.40130991 	0.98900671 	0.99720004 	0.99925637 	0.96887385 	0.98828517 	0.97773065 	0.96345094 	
0.98569922 	0.93432467 	0.99876195 	0.90200397 	0.99614771 	0.97576954 	0.99305014 	0.99771411 	0.40130991 	0.98900671 	0.99720004 	0.99925637 	0.96887385 	0.98828517 	0.97773065 	0.96345094 	
0.98569922 	0.93678126 	0.99876195 	0.90200397 	0.99614771 	0.97576954 	0.99305014 	0.99771411 	0.40130991 	0.98900671 	0.99720004 	0.99925637 	0.96887385 	0.98828517 	0.97773065 	0.96345094 	
0.98569922 	0.93678126 	0.99876195 	0.90200397 	0.99614771 	0.97576954 	0.99305014 	0.99771411 	0.40130991 	0.98900671 	0.99720004 	0.99925637 	0.96887385 	0.98828517 	0.97773065 	0.96345094 	
0.98569922 	0.93678126 	0.99876195 	0.97711817 	0.99614771 	0.97576954 	0.99305014 	0.99771411 	0.40130991 	0.98900671 	0.99720004 	0.99925637 	0.96887385 	0.98828517 	0.97773065 	0.96345094 	
0.98569922 	0.93678126 	0.99876195 	0.97711817 	0.99793112 	0.97576954 	0.99305014 	0.99771411 	0.40130991 	0.98900671 	0.99720004 	0.99925637 	0.96887385 	0.98828517 	0.97773065 	0.96345094 	
0.98569922 	0.93678126 	0.99876195 	0.97711817 	0.99793112 	0.98259291 	0.99305014 	0.99771411 	0.40130991 	0.98900671 	0.99720004 	0.99925637 	0.96887385 	0.98828517 	0.97773065 	0.96345094 	
0.98569922 	0.93678126 	0.99876195 	0.97711817 	0.99793112 	0.98259291 	0.99360702 	0.99771411 	0.40130991 	0.98900671 	0.99720004 	0.99925637 	0.96887385 	0.98828517 	0.97773065 	0.96345094 	
0.98569922 	0.93678126 	0.99876195 	0.97711817 	0.99793112 	0.98259291 	0.99360702 	0.99771411 	0.40130991 	0.98900671 	0.99720004 	0.99925637 	0.96887385 	0.98828517 	0.97773065 	0.96345094 	
0.98569922 	0.93678126 	0.99876195 	0.97711817 	0.99793112 	0.98259291 	0.99360702 	0.99771411 	0.32452009 	0.98900671 	0.99720004 	0.99925637 	0.96887385 	0.98828517 	0.97773065 	0.96345094 	
0.98569922 	0.93678126 	0.99876195 	0.97711817 	0.99793112 	0.98259291 	0.99360702 	0.99771411 	0.32452009 	0.98295911 	0.99720004 	0.99925637 	0.96887385 	0.98828517 	0.97773065 	0.96345094 	
0.98569922 	0.93678126 	0.99876195 	0.97711817 	0.99793112 	0.98259291 	0.99360702 	0.99771411 	0.32452009 	0.98295911 	0.98384722 	0.99925637 	0.96887385 	0.98828517 	0.97773065 	0.96345094 	
0.98569922 	0.93678126 	0.99876195 	0.97711817 	0.99793112 	0.98259291 	0.99360702 	0.99771411 	0.32452009 	0.98295911 	0.98384722 	0.99992858 	0.96887385 	0.98828517 	0.97773065 	0.96345094 	
0.98569922 	0.93678126 	0.99876195 	0.97711817 	0.99793112 	0.98259291 	0.99360702 	0.99771411 	0.32452009 	0.98295911 	0.98384722 	0.99992858 	0.96887385 	0.98828517 	0.97773065 	0.96345094 	
0.98569922 	0.93678126 	0.99876195 	0.97711817 	0.99793112 	0.98259291 	0.99360702 	0.99771411 	0.32452009 	0.98295911 	0.98384722 	0.99992858 	0.96887385 	0.99955340 	0.97773065 	0.96345094 	
0.98569922 	0.93678126 	0.99876195 	0.97711817 	0.99793112 	0.98259291 	0.99360702 	0.99771411 	0.32452009 	0.98295911 	0.98384722 	0.99992858 	0.96887385 	0.99955340 	0.97773065 	0.96345094 	
0.98569922 	0.93678126 	0.99876195 	0.97711817 	0.99793112 	0.98259291 	0.99360702 	0.99771411 	0.32452009 	0.98295911 	0.98384722 	0.99992858 	0.96887385 	0.99955340 	0.97773065 	0.97478812 	
0.98570164 	0.93678126 	0.99876195 	0.97711817 	0.99793112 	0.98259291 	0.99360702 	0.99771411 	0.32452009 	0.98295911 	0.98384722 	0.99992858 	0.96887385 	0.99955340 	0.97773065 	0.97478812 	
0.98570164 	0.98021558 	0.99876195 	0.97711817 	0.99793112 	0.98259291 	0.99360702 	0.99771411 	0.32452009 	0.98295911 	0.98384722 	0.99992858 	0.96887385 	0.99955340 	0.97773065 	0.97478812 	
0.98570164 	0.98021558 	0.99564621 	0.97711817 	0.99793112 	0.98259291 	0.99360702 	0.99771411 	0.32452009 	0.98295911 	0.98384722 	0.99992858 	0.96887385 	0.99955340 	0.97773065 	0.97478812 	
0.98570164 	0.98021558 	0.99564621 	0.97772904 	0.99793112 	0.98259291 	0.99360702 	0.99771411 	0.32452009 	0.98295911 	0.98384722 	0.99992858 	0.96887385 	0.99955340 	0.97773065 	0.97478812 	
0.98570164 	0.98021558 	0.99564621 	0.97772904 	0.99582112 	0.98259291 	0.99360702 	0.99771411 	0.32452009 	0.98295911 	0.98384722 	0.99992858 	0.96887385 	0.99955340 	0.97773065 	0.97478812 	
0.98570164 	0.98021558 	0.99564621 	0.97772904 	0.99582112 	0.99577216 	0.99360702 	0.99771411 	0.32452009 	0.98295911 	0.98384722 	0.99992858 	0.96887385 	0.99955340 	0.97773065 	0.97478812 	
0.98570164 	0.98021558 	0.99564621 	0.97772904 	0.99582112 	0.99577216 	0.99816380 	0.99771411 	0.32452009 	0.98295911 	0.98384722 	0.99992858 	0.96887385 	0.99955340 	0.97773065 	0.97478812 	
0.98570164 	0.98021558 	0.99564621 	0.97772904 	0.99582112 	0.99577216 	0.99816380 	0.99771411 	0.32452009 	0.98295911 	0.98384722 	0.99992858 	0.96887385 	0.99955340 	0.97773065 	0.97478812 	
0.98570164 	0.98021558 	0.99564621 	0.97772904 	0.99582112 	0.99577216 	0.99816380 	0.99771411 	0.32452009 	0.98295911 	0.98384722 	0.99992858 	0.96887385 	0.99955340 	0.97773065 	0.97478812 	
0.98570164 	0.98021558 	0.99564621 	0.97772904 	0.99582112 	0.99577216 	0.99816380 	0.99771411 	0.32452009 	0.98415192 	0.98384722 	0.99992858 	0.96887385 	0.99955340 	0.97773065 	0.97478812 	
0.98570164 	0.98021558 	0.99564621 	0.97772904 	0.99582112 	0.99577216 	0.99816380 	0.99771411 	0.32452009 	0.98415192 	0.98955593 	0.99992858 	0.96887385 	0.99955340 	0.97773065 	0.97478812 	
0.98570164 	0.98021558 	0.99564621 	0.97772904 	0.99582112 	0.99577216 	0.99816380 	0.99771411 	0.32452009 	0.98415192 	0.98955593 	0.99992858 	0.96887385 	0.99955340 	0.97773065 	0.97478812 	
0.98570164 	0.98021558 	0.99564621 	0.97772904 	0.99582112 	0.99577216 	0.99816380 	0.99771411 	0.32452009 	0.98415192 	0.98955593 	0.99992858 	0.99338464 	0.99955340 	0.97773065 	0.97478812 	
0.98570164 	0.98021558 	0.99564621 	0.97772904 	0.99582112 	0.99577216 	0.99816380 	0.99771411 	0.32452009 	0.98415192 	0.98955593 	0.99992858 	0.99338464 	0.98996661 	0.97773065 	0.97478812 	
0.98570164 	0.98021558 	0.99564621 	0.97772904 	0.99582112 	0.99577216 	0.99816380 	0.99771411 	0.32452009 	0.98415192 	0.98955593 	0.99992858 	0.99338464 	0.98996661 	0.97773065 	0.97478812 	
0.98570164 	0.98021558 	0.99564621 	0.97772904 	0.99582112 	0.99577216 	0.99816380 	0.99771411 	0.32452009 	0.98415192 	0.98955593 	0.99992858 	0.99338464 	0.98996661 	0.97773065 	0.98293836 	
0.99540171 	0.98021558 	0.99564621 	0.97772904 	0.99582112 	0.99577216 	0.99816380 	0.99771411 	0.32452009 	0.98415192 	0.98955593 	0.99992858 	0.99338464 	0.98996661 	0.97773065 	0.98293836 	
0.99540171 	0.98862418 	0.99564621 	0.97772904 	0.99582112 	0.99577216 	0.99816380 	0.99771411 	0.32452009 	0.98415192 	0.98955593 	0.99992858 	0.99338464 	0.98996661 	0.97773065 	0.98293836 	
0.99540171 	0.98862418 	0.99564621 	0.97772904 	0.99582112 	0.99577216 	0.99816380 	0.99771411 	0.32452009 	0.98415192 	0.98955593 	0.99992858 	0.99338464 	0.98996661 	0.97773065 	0.98293836 	
0.99540171 	0.98862418 	0.99564621 	0.97780871 	0.99582112 	0.99577216 	0.99816380 	0.99771411 	0.32452009 	0.98415192 	0.98955593 	0.99992858 	0.99338464 	0.98996661 	0.97773065 	0.98293836 	
0.99540171 	0.98862418 	0.99564621 	0.97780871 	0.99080003 	0.99577216 	0.99816380 	0.99771411 	0.32452009 	0.98415192 	0.98955593 	0.99992858 	0.99338464 	0.98996661 	0.97773065 	0.98293836 	
0.99540171 	0.98862418 	0.99564621 	0.97780871 	0.99080003 	0.99577216 	0.99816380 	0.99771411 	0.32452009 	0.98415192 	0.98955593 	0.99992858 	0.99338464 	0.98996661 	0.97773065 	0.98293836 	
0.99540171 	0.98862418 	0.99564621 	0.97780871 	0.99080003 	0.99577216 	0.99468521 	0.99771411 	0.32452009 	0.98415192 	0.98955593 	0.99992858 	0.99338464 	0.98996661 	0.97773065 	0.98293836 	
0.99540171 	0.98862418 	0.99564621 	0.97780871 	0.99080003 	0.99577216 	0.99468521 	0.99893339 	0.32452009 	0.98415192 	0.98955593 	0.99992858 	0.99338464 	0.98996661 	0.97773065 	0.98293836 	
0.99540171 	0.98862418 	0.99564621 	0.97780871 	0.99080003 	0.99577216 	0.99468521 	0.99893339 	0.32079122 	0.98415192 	0.98955593 	0.99992858 	0.99338464 	0.98996661 	0.97773065 	0.98293836 	
0.99540171 	0.98862418 	0.99564621 	0.97780871 	0.99080003 	0.99577216 	0.99468521 	0.99893339 	0.32079122 	0.98306670 	0.98955593 	0.99992858 	0.99338464 	0.98996661 	0.97773065 	0.98293836 	
0.99540171 	0.98862418 	0.99564621 	0.97780871 	0.99080003 	0.99577216 	0.99468521 	0.99893339 	0.32079122 	0.98306670 	0.98912083 	0.99992858 	0.99338464 	0.98996661 	0.97773065 	0.98293836 	
0.99540171 	0.98862418 	0.99564621 	0.97780871 	0.99080003 	0.99577216 	0.99468521 	0.99893339 	0.32079122 	0.98306670 	0.98912083 	0.99994033 	0.99338464 	0.98996661 	0.97773065 	0.98293836 	
0.99540171 	0.98862418 	0.99564621 	0.97780871 	0.99080003 	0.99577216 	0.99468521 	0.99893339 	0.32079122 	0.98306670 	0.98912083 	0.99994033 	0.99974189 	0.98996661 	0.97773065 	0.98293836 	
0.99540171 	0.98862418 	0.99564621 	0.97780871 	0.99080003 	0.99577216 	0.99468521 	0.99893339 	0.32079122 	0.98306670 	0.98912083 	0.99994033 	0.99974189 	0.99104343 	0.97773065 	0.98293836 	
0.99540171 	0.98862418 	0.99564621 	0.97780871 	0.99080003 	0.99577216 	0.99468521 	0.99893339 	0.32079122 	0.98306670 	0.98912083 	0.99994033 	0.99974189 	0.99104343 	0.97773065 	0.98293836 	
0.99540171 	0.98862418 	0.99564621 	0.97780871 	0.99080003 	0.99577216 	0.99468521 	0.99893339 	0.32079122 	0.98306670 	0.98912083 	0.99994033 	0.99974189 	0.99104343 	0.97773065 	0.98237131 	
0.98734376 	0.98862418 	0.99564621 	0.97780871 	0.99080003 	0.99577216 	0.99468521 	0.99893339 	0.32079122 	0.98306670 	0.98912083 	0.99994033 	0.99974189 	0.99104343 	0.97773065 	0.98237131 	
0.98734376 	0.98916257 	0.99564621 	0.97780871 	0.99080003 	0.99577216 	0.99468521 	0.99893339 	0.32079122 	0.98306670 	0.98912083 	0.99994033 	0.99974189 	0.99104343 	0.97773065 	0.98237131 	
0.98734376 	0.98916257 	0.99381684 	0.97780871 	0.99080003 	0.99577216 	0.99468521 	0.99893339 	0.32079122 	0.98306670 	0.98912083 	0.99994033 	0.99974189 	0.99104343 	0.97773065 	0.98237131 	
0.98734376 	0.98916257 	0.99381684 	0.97830600 	0.99080003 	0.99577216 	0.99468521 	0.99893339 	0.32079122 	0.98306670 	0.98912083 	0.99994033 	0.99974189 	0.99104343 	0.97773065 	0.98237131 	
0.98734376 	0.98916257 	0.99381684 	0.97830600 	0.99080003 	0.99577216 	0.99468521 	0.99893339 	0.32079122 	0.98306670 	0.98912083 	0.99994033 	0.99974189 	0.99104343 	0.97773065 	0.98237131 	
0.98734376 	0.98916257 	0.99381684 	0.97830600 	0.99080003 	0.99892405 	0.99468521 	0.99893339 	0.32079122 	0.98306670 	0.98912083 	0.99994033 	0.99974189 	0.99104343 	0.97773065 	0.98237131 	
0.98734376 	0.98916257 	0.99381684 	0.97830600 	0.99080003 	0.99892405 	0.99468521 	0.99893339 	0.32079122 	0.98306670 	0.98912083 	0.99994033 	0.99974189 	0.99104343 	0.97773065 	0.98237131 	
0.98734376 	0.98916257 	0.99381684 	0.97830600 	0.99080003 	0.99892405 	0.99468521 	0.99995926 	0.32079122 	0.98306670 	0.98912083 	0.99994033 	0.99974189 	0.99104343 	0.97773065 	0.98237131 	
0.98734376 	0.98916257 	0.99381684 	0.97830600 	0.99080003 	0.99892405 	0.99468521 	0.99995926 	0.32079122 	0.98306670 	0.98912083 	0.99994033 	0.99974189 	0.99104343 	0.97773065 	0.98237131 	
0.98734376 	0.98916257 	0.99381684 	0.97830600 	0.99080003 	0.99892405 	0.99468521 	0.99995926 	0.32079122 	0.98306670 	0.98912083 	0.99994033 	0.99974189 	0.99104343 	0.97773065 	0.98237131 	
0.98734376 	0.98916257 	0.99381684 	0.97830600 	0.99080003 	0.99892405 	0.99468521 	0.99995926 	0.32079122 	0.98306670 	0.98912083 	0.99994033 	0.99974189 	0.99104343 	0.97773065 	0.98237131 	
0.98734376 	0.98916257 	0.99381684 	0.97830600 	0.99080003 	0.99892405 	0.99468521 	0.99995926 	0.32079122 	0.98306670 	0.98912083 	0.99997203 	0.99974189 	0.99104343 	0.97773065 	0.98237131 	
0.98734376 	0.98916257 	0.99381684 	0.97830600 	0.99080003 	0.99892405 	0.99468521 	0.99995926 	0.32079122 	0.98306670 	0.98912083 	0.99997203 	0.99987244 	0.99104343 	0.97773065 	0.98237131 	
0.98734376 	0.98916257 	0.99381684 	0.97830600 	0.99080003 	0.99892405 	0.99468521 	0.99995926 	0.32079122 	0.98306670 	0.98912083 	0.99997203 	0.99987244 	0.99104343 	0.97773065 	0.98237131 	
0.98734376 	0.98916257 	0.99381684 	0.97830600 	0.99080003 	0.99892405 	0.99468521 	0.99995926 	0.32079122 	0.98306670 	0.98912083 	0.99997203 	0.99987244 	0.99104343 	0.99957581 	0.98237131 	
0.98734376 	0.98916257 	0.99381684 	0.97830600 	0.99080003 	0.99892405 	0.99468521 	0.99995926 	0.32079122 	0.98306670 	0.98912083 	0.99997203 	0.99987244 	0.99104343 	0.99957581 	0.98237131 	
0.98734376 	0.98916257 	0.99381684 	0.97830600 	0.99080003 	0.99892405 	0.99468521 	0.99995926 	0.32079122 	0.98306670 	0.98912083 	0.99997203 	0.99987244 	0.99104343 	0.99957581 	0.98237131 	
0.98734376 	0.98988422 	0.99381684 	0.97830600 	0.99080003 	0.99892405 	0.99468521 	0.99995926 	0.32079122 	0.98306670 	0.98912083 	0.99997203 	0.99987244 	0.99104343 	0.99957581 	0.98237131 	
0.98734376 	0.98988422 	0.99381684 	0.97830600 	0.99080003 	0.99892405 	0.99468521 	0.99995926 	0.32079122 	0.98306670 	0.98912083 	0.99997203 	0.99987244 	0.99104343 	0.99957581 	0.98237131 	
0.98734376 	0.98988422 	0.99381684 	0.99959214 	0.99080003 	0.99892405 	0.99468521 	0.99995926 	0.32079122 	0.98306670 	0.98912083 	0.99997203 	0.99987244 	0.99104343 	0.99957581 	0.98237131 	
0.98734376 	0.98988422 	0.99381684 	0.99959214 	0.98350697 	0.99892405 	0.99468521 	0.99995926 	0.32079122 	0.98306670 	0.98912083 	0.99997203 	0.99987244 	0.99104343 	0.99957581 	0.98237131 	
0.98734376 	0.98988422 	0.99381684 	0.99959214 	0.98350697 	0.99892405 	0.99468521 	0.99995926 	0.32079122 	0.98306670 	0.98912083 	0.99997203 	0.99987244 	0.99104343 	0.99957581 	0.98237131 	
0.98734376 	0.98988422 	0.99381684 	0.99959214 	0.98350697 	0.99892405 	0.99468521 	0.99995926 	0.32079122 	0.98306670 	0.98912083 	0.99997203 	0.99987244 	0.99104343 	0.99957581 	0.98237131 	
0.98734376 	0.98988422 	0.99381684 	0.99959214 	0.98350697 	0.99892405 	0.99468521 	0.99995926 	0.32079122 	0.98306670 	0.98912083 	0.99997203 	0.99987244 	0.99104343 	0.99957581 	0.98237131 	
0.98734376 	0.98988422 	0.99381684 	0.99959214 	0.98350697 	0.99892405 	0.99468521 	0.99995926 	0.29312676 	0.98306670 	0.98912083 	0.99997203 	0.99987244 	0.99104343 	0.99957581 	0.98237131 	
0.98734376 	0.98988422 	0.99381684 	0.99959214 	0.98350697 	0.99892405 	0.99468521 	0.99995926 	0.29312676 	0.98258646 	0.98912083 	0.99997203 	0.99987244 	0.99104343 	0.99957581 	0.98237131 	
0.98734376 	0.98988422 	0.99381684 	0.99959214 	0.98350697 	0.99892405 	0.99468521 	0.99995926 	0.29312676 	0.98258646 	0.98004096 	0.99997203 	0.99987244 	0.99104343 	0.99957581 	0.98237131 	
0.98734376 	0.98988422 	0.99381684 	0.99959214 	0.98350697 	0.99892405 	0.99468521 	0.99995926 	0.29312676 	0.98258646 	0.98004096 	0.99997203 	0.99987244 	0.99104343 	0.99957581 	0.98237131 	
0.98734376 	0.98988422 	0.99381684 	0.99959214 	0.98350697 	0.99892405 	0.99468521 	0.99995926 	0.29312676 	0.98258646 	0.98004096 	0.99997203 	0.99987363 	0.99104343 	0.99957581 	0.98237131 	
0.98734376 	0.98988422 	0.99381684 	0.99959214 	0.98350697 	0.99892405 	0.99468521 	0.99995926 	0.29312676 	0.98258646 	0.98004096 	0.99997203 	0.99987363 	0.99765402 	0.99957581 	0.98237131 	
0.98734376 	0.98988422 	0.99381684 	0.99959214 	0.98350697 	0.99892405 	0.99468521 	0.99995926 	0.29312676 	0.98258646 	0.98004096 	0.99997203 	0.99987363 	0.99765402 	0.99957581 	0.98237131 	
0.98734376 	0.98988422 	0.99381684 	0.99959214 	0.98350697 	0.99892405 	0.99468521 	0.99995926 	0.29312676 	0.98258646 	0.98004096 	0.99997203 	0.99987363 	0.99765402 	0.99957581 	0.99486171 	
0.98734376 	0.98988422 	0.99381684 	0.99959214 	0.98350697 	0.99892405 	0.99468521 	0.99995926 	0.29312676 	0.98258646 	0.98004096 	0.99997203 	0.99987363 	0.99765402 	0.99957581 	0.99486171 	
0.98734376 	0.99270628 	0.99381684 	0.99959214 	0.98350697 	0.99892405 	0.99468521 	0.99995926 	0.29312676 	0.98258646 	0.98004096 	0.99997203 	0.99987363 	0.99765402 	0.99957581 	0.99486171 	
0.98734376 	0.99270628 	0.99369067 	0.99959214 	0.98350697 	0.99892405 	0.99468521 	0.99995926 	0.29312676 	0.98258646 	0.98004096 	0.99997203 	0.99987363 	0.99765402 	0.99957581 	0.99486171 	
0.98734376 	0.99270628 	0.99369067 	0.99959214 	0.98350697 	0.99892405 	0.99468521 	0.99995926 	0.29312676 	0.98258646 	0.98004096 	0.99997203 	0.99987363 	0.99765402 	0.99957581 	0.99486171 	
0.98734376 	0.99270628 	0.99369067 	0.99959214 	0.98350296 	0.99892405 	0.99468521 	0.99995926 	0.29312676 	0.98258646 	0.98004096 	0.99997203 	0.99987363 	0.99765402 	0.99957581 	0.99486171 	
0.98734376 	0.99270628 	0.99369067 	0.99959214 	0.98350296 	0.99995221 	0.99468521 	0.99995926 	0.29312676 	0.98258646 	0.98004096 	0.99997203 	0.99987363 	0.99765402 	0.99957581 	0.99486171 	
0.98734376 	0.99270628 	0.99369067 	0.99959214 	0.98350296 	0.99995221 	0.99468521 	0.99995926 	0.29312676 	0.98258646 	0.98004096 	0.99997203 	0.99987363 	0.99765402 	0.99957581 	0.99486171 	
0.98734376 	0.99270628 	0.99369067 	0.99959214 	0.98350296 	0.99995221 	0.99468521 	0.99995926 	0.29312676 	0.98258646 	0.98004096 	0.99997203 	0.99987363 	0.99765402 	0.99957581 	0.99486171 	
0.98734376 	0.99270628 	0.99369067 	0.99959214 	0.98350296 	0.99995221 	0.99468521 	0.99995926 	0.29312676 	0.98258646 	0.98004096 	0.99997203 	0.99987363 	0.99765402 	0.99957581 	0.99486171 	
0.98734376 	0.99270628 	0.99369067 	0.99959214 	0.98350296 	0.99995221 	0.99468521 	0.99995926 	0.29312676 	0.98148142 	0.98004096 	0.99997203 	0.99987363 	0.99765402 	0.99957581 	0.99486171 	
0.98734376 	0.99270628 	0.99369067 	0.99959214 	0.98350296 	0.99995221 	0.99468521 	0.99995926 	0.29312676 	0.98148142 	0.98004096 	0.99997203 	0.99987363 	0.99765402 	0.99957581 	0.99486171 	
0.98734376 	0.99270628 	0.99369067 	0.99959214 	0.98350296 	0.99995221 	0.99468521 	0.99995926 	0.29312676 	0.98148142 	0.98004096 	0.99997210 	0.99987363 	0.99765402 	0.99957581 	0.99486171 	
0.98734376 	0.99270628 	0.99369067 	0.99959214 	0.98350296 	0.99995221 	0.99468521 	0.99995926 	0.29312676 	0.98148142 	0.98004096 	0.99997210 	0.99999030 	0.99765402 	0.99957581 	0.99486171 	
0.98734376 	0.99270628 	0.99369067 	0.99959214 	0.98350296 	0.99995221 	0.99468521 	0.99995926 	0.29312676 	0.98148142 	0.98004096 	0.99997210 	0.99999030 	0.99765402 	0.99957581 	0.99486171 	
0.98734376 	0.99270628 	0.99369067 	0.99959214 	0.98350296 	0.99995221 	0.99468521 	0.99995926 	0.29312676 	0.98148142 	0.98004096 	0.99997210 	0.99999030 	0.99765402 	0.99957581 	0.99486171 	
0.98734376 	0.99270628 	0.99369067 	0.99959214 	0.98350296 	0.99995221 	0.99468521 	0.99995926 	0.29312676 	0.98148142 	0.98004096 	0.99997210 	0.99999030 	0.99765402 	0.99957581 	0.98781054 	
0.98489346 	0.99270628 	0.99369067 	0.99959214 	0.98350296 	0.99995221 	0.99468521 	0.99995926 	0.29312676 	0.98148142 	0.98004096 	0.99997210 	0.99999030 	0.99765402 	0.99957581 	0.98781054 	
0.98489346 	0.99215938 	0.99369067 	0.99959214 	0.98350296 	0.99995221 	0.99468521 	0.99995926 	0.29312676 	0.98148142 	0.98004096 	0.99997210 	0.99999030 	0.99765402 	0.99957581 	0.98781054 	
0.98489346 	0.99215938 	0.99291841 	0.99959214 	0.98350296 	0.99995221 	0.99468521 	0.99995926 	0.29312676 	0.98148142 	0.98004096 	0.99997210 	0.99999030 	0.99765402 	0.99957581 	0.98781054 	
0.98489346 	0.99215938 	0.99291841 	0.99959214 	0.98350296 	0.99995221 	0.99468521 	0.99995926 	0.29312676 	0.98148142 	0.98004096 	0.99997210 	0.99999030 	0.99765402 	0.99957581 	0.98781054 	
0.98489346 	0.99215938 	0.99291841 	0.99959214 	0.98350296 	0.99995221 	0.99468521 	0.99995926 	0.29312676 	0.98148142 	0.98004096 	0.99997210 	0.99999030 	0.99765402 	0.99957581 	0.98781054 	
0.98489346 	0.99215938 	0.99291841 	0.99959214 	0.98350296 	0.99997543 	0.99468521 	0.99995926 	0.29312676 	0.98148142 	0.98004096 	0.99997210 	0.99999030 	0.99765402 	0.99957581 	0.98781054 	
0.98489346 	0.99215938 	0.99291841 	0.99959214 	0.98350296 	0.99997543 	0.99640511 	0.99995926 	0.29312676 	0.98148142 	0.98004096 	0.99997210 	0.99999030 	0.99765402 	0.99957581 	0.98781054 	
0.98489346 	0.99215938 	0.99291841 	0.99959214 	0.98350296 	0.99997543 	0.99640511 	0.99995926 	0.29312676 	0.98148142 	0.98004096 	0.99997210 	0.99999030 	0.99765402 	0.99957581 	0.98781054 	
0.98489346 	0.99215938 	0.99291841 	0.99959214 	0.98350296 	0.99997543 	0.99640511 	0.99995926 	0.29748885 	0.98148142 	0.98004096 	0.99997210 	0.99999030 	0.99765402 	0.99957581 	0.98781054 	
0.98489346 	0.99215938 	0.99291841 	0.99959214 	0.98350296 	0.99997543 	0.99640511 	0.99995926 	0.29748885 	0.98148142 	0.98004096 	0.99997210 	0.99999030 	0.99765402 	0.99957581 	0.98781054 	
0.98489346 	0.99215938 	0.99291841 	0.99959214 	0.98350296 	0.99997543 	0.99640511 	0.99995926 	0.29748885 	0.98148142 	0.98044369 	0.99997210 	0.99999030 	0.99765402 	0.99957581 	0.98781054 	
0.98489346 	0.99215938 	0.99291841 	0.99959214 	0.98350296 	0.99997543 	0.99640511 	0.99995926 	0.29748885 	0.98148142 	0.98044369 	0.99997210 	0.99999030 	0.99765402 	0.99957581 	0.98781054 	
0.98489346 	0.99215938 	0.99291841 	0.99959214 	0.98350296 	0.99997543 	0.99640511 	0.99995926 	0.29748885 	0.98148142 	0.98044369 	0.99997210 	0.99999030 	0.99765402 	0.99957581 	0.98781054 	
0.98489346 	0.99215938 	0.99291841 	0.99959214 	0.98350296 	0.99997543 	0.99640511 	0.99995926 	0.29748885 	0.98148142 	0.98044369 	0.99997210 	0.99999030 	0.99574213 	0.99957581 	0.98781054 	
0.98489346 	0.99215938 	0.99291841 	0.99959214 	0.98350296 	0.99997543 	0.99640511 	0.99995926 	0.29748885 	0.98148142 	0.98044369 	0.99997210 	0.99999030 	0.99574213 	0.99985394 	0.98781054 	
0.98489346 	0.99215938 	0.99291841 	0.99959214 	0.98350296 	0.99997543 	0.99640511 	0.99995926 	0.29748885 	0.98148142 	0.98044369 	0.99997210 	0.99999030 	0.99574213 	0.99985394 	0.98781054 	
0.98489346 	0.99215938 	0.99291841 	0.99959214 	0.98350296 	0.99997543 	0.99640511 	0.99995926 	0.29748885 	0.98148142 	0.98044369 	0.99997210 	0.99999030 	0.99574213 	0.99985394 	0.98781054 	
0.98489346 	0.99268108 	0.99291841 	0.99959214 	0.98350296 	0.99997543 	0.99640511 	0.99995926 	0.29748885 	0.98148142 	0.98044369 	0.99997210 	0.99999030 	0.99574213 	0.99985394 	0.98781054 	
0.98489346 	0.99268108 	0.99291093 	0.99959214 	0.98350296 	0.99997543 	0.99640511 	0.99995926 	0.29748885 	0.98148142 	0.98044369 	0.99997210 	0.99999030 	0.99574213 	0.99985394 	0.98781054 	
0.98489346 	0.99268108 	0.99291093 	0.99971467 	0.98350296 	0.99997543 	0.99640511 	0.99995926 	0.29748885 	0.98148142 	0.98044369 	0.99997210 	0.99999030 	0.99574213 	0.99985394 	0.98781054 	
0.98489346 	0.99268108 	0.99291093 	0.99971467 	0.98350296 	0.99997543 	0.99640511 	0.99995926 	0.29748885 	0.98148142 	0.98044369 	0.99997210 	0.99999030 	0.99574213 	0.99985394 	0.98781054 	
0.98489346 	0.99268108 	0.99291093 	0.99971467 	0.98350296 	0.99997543 	0.99640511 	0.99995926 	0.29748885 	0.98148142 	0.98044369 	0.99997210 	0.99999030 	0.99574213 	0.99985394 	0.98781054 	
0.98489346 	0.99268108 	0.99291093 	0.99971467 	0.98350296 	0.99997543 	0.99638434 	0.99995926 	0.29748885 	0.98148142 	0.98044369 	0.99997210 	0.99999030 	0.99574213 	0.99985394 	0.98781054 	
0.98489346 	0.99268108 	0.99291093 	0.99971467 	0.98350296 	0.99997543 	0.99638434 	0.99995926 	0.29748885 	0.98148142 	0.98044369 	0.99997210 	0.99999030 	0.99574213 	0.99985394 	0.98781054 	
0.98489346 	0.99268108 	0.99291093 	0.99971467 	0.98350296 	0.99997543 	0.99638434 	0.99995926 	0.30867631 	0.98148142 	0.98044369 	0.99997210 	0.99999030 	0.99574213 	0.99985394 	0.98781054 	
0.98489346 	0.99268108 	0.99291093 	0.99971467 	0.98350296 	0.99997543 	0.99638434 	0.99995926 	0.30867631 	0.98148142 	0.98044369 	0.99997210 	0.99999030 	0.99574213 	0.99985394 	0.98781054 	
0.98489346 	0.99268108 	0.99291093 	0.99971467 	0.98350296 	0.99997543 	0.99638434 	0.99995926 	0.30867631 	0.98148142 	0.98044369 	0.99997210 	0.99999030 	0.99574213 	0.99985394 	0.98781054 	
0.98489346 	0.99268108 	0.99291093 	0.99971467 	0.98350296 	0.99997543 	0.99638434 	0.99995926 	0.30867631 	0.98148142 	0.98044369 	0.99997275 	0.99999030 	0.99574213 	0.99985394 	0.98781054 	
0.98489346 	0.99268108 	0.99291093 	0.99971467 	0.98350296 	0.99997543 	0.99638434 	0.99995926 	0.30867631 	0.98148142 	0.98044369 	0.99997275 	0.99999030 	0.99574213 	0.99985394 	0.98781054 	
0.98489346 	0.99268108 	0.99291093 	0.99971467 	0.98350296 	0.99997543 	0.99638434 	0.99995926 	0.30867631 	0.98148142 	0.98044369 	0.99997275 	0.99999030 	0.99399205 	0.99985394 	0.98781054 	
0.98489346 	0.99268108 	0.99291093 	0.99971467 	0.98350296 	0.99997543 	0.99638434 	0.99995926 	0.30867631 	0.98148142 	0.98044369 	0.99997275 	0.99999030 	0.99399205 	0.99985394 	0.98781054 	
0.98489346 	0.99268108 	0.99291093 	0.99971467 	0.98350296 	0.99997543 	0.99638434 	0.99995926 	0.30867631 	0.98148142 	0.98044369 	0.99997275 	0.99999030 	0.99399205 	0.99985394 	0.98704685 	
0.98489346 	0.99268108 	0.99291093 	0.99971467 	0.98350296 	0.99997543 	0.99638434 	0.99995926 	0.30867631 	0.98148142 	0.98044369 	0.99997275 	0.99999030 	0.99399205 	0.99985394 	0.98704685 	
0.98489346 	0.99268108 	0.99291093 	0.99971467 	0.98350296 	0.99997543 	0.99638434 	0.99995926 	0.30867631 	0.98148142 	0.98044369 	0.99997275 	0.99999030 	0.99399205 	0.99985394 	0.98704685 	
0.98489346 	0.99268108 	0.99063317 	0.99971467 	0.98350296 	0.99997543 	0.99638434 	0.99995926 	0.30867631 	0.98148142 	0.98044369 	0.99997275 	0.99999030 	0.99399205 	0.99985394 	0.98704685 	
0.98489346 	0.99268108 	0.99063317 	0.99971467 	0.98350296 	0.99997543 	0.99638434 	0.99995926 	0.30867631 	0.98148142 	0.98044369 	0.99997275 	0.99999030 	0.99399205 	0.99985394 	0.98704685 	
0.98489346 	0.99268108 	0.99063317 	0.99971467 	0.98370630 	0.99997543 	0.99638434 	0.99995926 	0.30867631 	0.98148142 	0.98044369 	0.99997275 	0.99999030 	0.99399205 	0.99985394 	0.98704685 	
0.98489346 	0.99268108 	0.99063317 	0.99971467 	0.98370630 	0.99998255 	0.99638434 	0.99995926 	0.30867631 	0.98148142 	0.98044369 	0.99997275 	0.99999030 	0.99399205 	0.99985394 	0.98704685 	
0.98489346 	0.99268108 	0.99063317 	0.99971467 	0.98370630 	0.99998255 	0.99638434 	0.99995926 	0.30867631 	0.98148142 	0.98044369 	0.99997275 	0.99999030 	0.99399205 	0.99985394 	0.98704685 	
0.98489346 	0.99268108 	0.99063317 	0.99971467 	0.98370630 	0.99998255 	0.99638434 	0.99998859 	0.30867631 	0.98148142 	0.98044369 	0.99997275 	0.99999030 	0.99399205 	0.99985394 	0.98704685 	
0.98489346 	0.99268108 	0.99063317 	0.99971467 	0.98370630 	0.99998255 	0.99638434 	0.99998859 	0.30777811 	0.98148142 	0.98044369 	0.99997275 	0.99999030 	0.99399205 	0.99985394 	0.98704685 	
0.98489346 	0.99268108 	0.99063317 	0.99971467 	0.98370630 	0.99998255 	0.99638434 	0.99998859 	0.30777811 	0.98148142 	0.98044369 	0.99997275 	0.99999030 	0.99399205 	0.99985394 	0.98704685 	
0.98489346 	0.99268108 	0.99063317 	0.99971467 	0.98370630 	0.99998255 	0.99638434 	0.99998859 	0.30777811 	0.98148142 	0.98062773 	0.99997275 	0.99999030 	0.99399205 	0.99985394 	0.98704685 	
0.98489346 	0.99268108 	0.99063317 	0.99971467 	0.98370630 	0.99998255 	0.99638434 	0.99998859 	0.30777811 	0.98148142 	0.98062773 	0.99997275 	0.99999030 	0.99399205 	0.99985394 	0.98704685 	
0.98489346 	0.99268108 	0.99063317 	0.99971467 	0.98370630 	0.99998255 	0.99638434 	0.99998859 	0.30777811 	0.98148142 	0.98062773 	0.99997275 	0.99999030 	0.99399205 	0.99985394 	0.98704685 	
0.98489346 	0.99268108 	0.99063317 	0.99971467 	0.98370630 	0.99998255 	0.99638434 	0.99998859 	0.30777811 	0.98148142 	0.98062773 	0.99997275 	0.99999030 	0.99354860 	0.99985394 	0.98704685 	
0.98489346 	0.99268108 	0.99063317 	0.99971467 	0.98370630 	0.99998255 	0.99638434 	0.99998859 	0.30777811 	0.98148142 	0.98062773 	0.99997275 	0.99999030 	0.99354860 	0.99985394 	0.98704685 	
0.98489346 	0.99268108 	0.99063317 	0.99971467 	0.98370630 	0.99998255 	0.99638434 	0.99998859 	0.30777811 	0.98148142 	0.98062773 	0.99997275 	0.99999030 	0.99354860 	0.99985394 	0.98704685 	
0.98489346 	0.99268108 	0.99063317 	0.99971467 	0.98370630 	0.99998255 	0.99638434 	0.99998859 	0.30777811 	0.98148142 	0.98062773 	0.99997275 	0.99999030 	0.99354860 	0.99985394 	0.98704685 	
0.98489346 	0.99295766 	0.99063317 	0.99971467 	0.98370630 	0.99998255 	0.99638434 	0.99998859 	0.30777811 	0.98148142 	0.98062773 	0.99997275 	0.99999030 	0.99354860 	0.99985394 	0.98704685 	
0.98489346 	0.99295766 	0.99097649 	0.99971467 	0.98370630 	0.99998255 	0.99638434 	0.99998859 	0.30777811 	0.98148142 	0.98062773 	0.99997275 	0.99999030 	0.99354860 	0.99985394 	0.98704685 	
0.98489346 	0.99295766 	0.99097649 	0.99971467 	0.98370630 	0.99998255 	0.99638434 	0.99998859 	0.30777811 	0.98148142 	0.98062773 	0.99997275 	0.99999030 	0.99354860 	0.99985394 	0.98704685 	
0.98489346 	0.99295766 	0.99097649 	0.99971467 	0.98370630 	0.99998255 	0.99638434 	0.99998859 	0.30777811 	0.98148142 	0.98062773 	0.99997275 	0.99999030 	0.99354860 	0.99985394 	0.98704685 	
0.98489346 	0.99295766 	0.99097649 	0.99971467 	0.98370630 	0.99998405 	0.99638434 	0.99998859 	0.30777811 	0.98148142 	0.98062773 	0.99997275 	0.99999030 	0.99354860 	0.99985394 	0.98704685 	
0.98489346 	0.99295766 	0.99097649 	0.99971467 	0.98370630 	0.99998405 	0.99638434 	0.99998859 	0.30777811 	0.98148142 	0.98062773 	0.99997275 	0.99999030 	0.99354860 	0.99985394 	0.98704685 	
0.98489346 	0.99295766 	0.99097649 	0.99971467 	0.98370630 	0.99998405 	0.99638434 	0.99999009 	0.30777811 	0.98148142 	0.98062773 	0.99997275 	0.99999030 	0.99354860 	0.99985394 	0.98704685 	
0.98489346 	0.99295766 	0.99097649 	0.99971467 	0.98370630 	0.99998405 	0.99638434 	0.99999009 	0.30777811 	0.98148142 	0.98062773 	0.99997275 	0.99999030 	0.99354860 	0.99985394 	0.98704685 	
0.98489346 	0.99295766 	0.99097649 	0.99971467 	0.98370630 	0.99998405 	0.99638434 	0.99999009 	0.30777811 	0.98148142 	0.98062773 	0.99997275 	0.99999030 	0.99354860 	0.99985394 	0.98704685 	
0.98489346 	0.99295766 	0.99097649 	0.99971467 	0.98370630 	0.99998405 	0.99638434 	0.99999009 	0.30777811 	0.98148142 	0.98087744 	0.99997275 	0.99999030 	0.99354860 	0.99985394 	0.98704685 	
0.98489346 	0.99295766 	0.99097649 	0.99971467 	0.98370630 	0.99998405 	0.99638434 	0.99999009 	0.30777811 	0.98148142 	0.98087744 	0.99997905 	0.99999030 	0.99354860 	0.99985394 	0.98704685 	
0.98489346 	0.99295766 	0.99097649 	0.99971467 	0.98370630 	0.99998405 	0.99638434 	0.99999009 	0.30777811 	0.98148142 	0.98087744 	0.99997905 	0.99999030 	0.99354860 	0.99985394 	0.98704685 	
0.98489346 	0.99295766 	0.99097649 	0.99971467 	0.98370630 	0.99998405 	0.99638434 	0.99999009 	0.30777811 	0.98148142 	0.98087744 	0.99997905 	0.99999030 	0.99354860 	0.99985394 	0.98704685 	
0.98489346 	0.99295766 	0.99097649 	0.99971467 	0.98370630 	0.99998405 	0.99638434 	0.99999009 	0.30777811 	0.98148142 	0.98087744 	0.99997905 	0.99999030 	0.99354860 	0.99985394 	0.98704685 	
0.98489346 	0.99295766 	0.99097649 	0.99971467 	0.98370630 	0.99998405 	0.99638434 	0.99999009 	0.30777811 	0.98148142 	0.98087744 	0.99997905 	0.99999030 	0.99354860 	0.99985394 	0.98704685 	
0.98489346 	0.99295766 	0.99097649 	0.99971467 	0.98370630 	0.99998405 	0.99638434 	0.99999009 	0.30777811 	0.98148142 	0.98087744 	0.99997905 	0.99999030 	0.99354860 	0.99985394 	0.98704685 	
0.98489346 	0.99295766 	0.99097649 	0.99971467 	0.98370630 	0.99998405 	0.99638434 	0.99999009 	0.30777811 	0.98148142 	0.98087744 	0.99997905 	0.99999030 	0.99354860 	0.99985394 	0.98704685 	
0.98489346 	0.99295766 	0.99097649 	0.99971467 	0.98370630 	0.99998405 	0.99638434 	0.99999009 	0.30777811 	0.98148142 	0.98087744 	0.99997905 	0.99999030 	0.99354860 	0.99985394 	0.98704685 	
0.98489346 	0.99295766 	0.99097649 	0.99971467 	0.98370630 	0.99998405 	0.99638434 	0.99999009 	0.30777811 	0.98148142 	0.98087744 	0.99997905 	0.99999030 	0.99354860 	0.99985394 	0.98704685 	
0.98489346 	0.99295766 	0.99097649 	0.99971467 	0.98370630 	0.99998405 	0.99638434 	0.99999009 	0.30777811 	0.98148142 	0.98087744 	0.99997905 	0.99999030 	0.99354860 	0.99985394 	0.98704685 	
0.98489346 	0.99295766 	0.99097649 	0.99971467 	0.98370630 	0.99998405 	0.99638434 	0.99999009 	0.30777811 	0.98148142 	0.98087744 	0.99997905 	0.99999030 	0.99354860 	0.99985394 	0.98704685 	
0.98489346 	0.99295766 	0.99097649 	0.99971467 	0.98370630 	0.99998405 	0.99638434 	0.99999009 	0.30777811 	0.98148142 	0.98087744 	0.99997905 	0.99999030 	0.99354860 	0.99985394 	0.98704685 	
0.98489346 	0.99295766 	0.99097649 	0.99971467 	0.98370630 	0.99998405 	0.99638434 	0.99999423 	0.30777811 	0.98148142 	0.98087744 	0.99997905 	0.99999030 	0.99354860 	0.99985394 	0.98704685 	
0.98489346 	0.99295766 	0.99097649 	0.99971467 	0.98370630 	0.99998405 	0.99638434 	0.99999423 	0.30741294 	0.98148142 	0.98087744 	0.99997905 	0.99999030 	0.99354860 	0.99985394 	0.98704685 	
0.98489346 	0.99295766 	0.99097649 	0.99971467 	0.98370630 	0.99998405 	0.99638434 	0.99999423 	0.30741294 	0.98148142 	0.98087744 	0.99997905 	0.99999030 	0.99354860 	0.99985394 	0.98704685 	
0.98489346 	0.99295766 	0.99097649 	0.99971467 	0.98370630 	0.99998405 	0.99638434 	0.99999423 	0.30741294 	0.98148142 	0.98180513 	0.99997905 	0.99999030 	0.99354860 	0.99985394 	0.98704685 	
0.98489346 	0.99295766 	0.99097649 	0.99971467 	0.98370630 	0.99998405 	0.99638434 	0.99999423 	0.30741294 	0.98148142 	0.98180513 	0.99997905 	0.99999030 	0.99354860 	0.99985394 	0.98704685 	
0.98489346 	0.99295766 	0.99097649 	0.99971467 	0.98370630 	0.99998405 	0.99638434 	0.99999423 	0.30741294 	0.98148142 	0.98180513 	0.99997905 	0.99999030 	0.99354860 	0.99985394 	0.98704685 	
0.98489346 	0.99295766 	0.99097649 	0.99971467 	0.98370630 	0.99998405 	0.99638434 	0.99999423 	0.30741294 	0.98148142 	0.98180513 	0.99997905 	0.99999030 	0.99354860 	0.99985394 	0.98704685 	
0.98489346 	0.99295766 	0.99097649 	0.99971467 	0.98370630 	0.99998405 	0.99638434 	0.99999423 	0.30741294 	0.98148142 	0.98180513 	0.99997905 	0.99999030 	0.99354860 	0.99995094 	0.98704685 	
0.98489346 	0.99295766 	0.99097649 	0.99971467 	0.98370630 	0.99998405 	0.99638434 	0.99999423 	0.30741294 	0.98148142 	0.98180513 	0.99997905 	0.99999030 	0.99354860 	0.99995094 	0.98704685 	
0.98489346 	0.99295766 	0.99097649 	0.99971467 	0.98370630 	0.99998405 	0.99638434 	0.99999423 	0.30741294 	0.98148142 	0.98180513 	0.99997905 	0.99999030 	0.99354860 	0.99995094 	0.98704685 	
0.98489346 	0.99295766 	0.99097649 	0.99971467 	0.98370630 	0.99998405 	0.99638434 	0.99999423 	0.30741294 	0.98148142 	0.98180513 	0.99997905 	0.99999030 	0.99354860 	0.99995094 	0.98704685 	
0.98489346 	0.99295766 	0.99098020 	0.99971467 	0.98370630 	0.99998405 	0.99638434 	0.99999423 	0.30741294 	0.98148142 	0.98180513 	0.99997905 	0.99999030 	0.99354860 	0.99995094 	0.98704685 	
0.98489346 	0.99295766 	0.99098020 	0.99971467 	0.98370630 	0.99998405 	0.99638434 	0.99999423 	0.30741294 	0.98148142 	0.98180513 	0.99997905 	0.99999030 	0.99354860 	0.99995094 	0.98704685 	
0.98489346 	0.99295766 	0.99098020 	0.99971467 	0.98370630 	0.99998405 	0.99638434 	0.99999423 	0.30741294 	0.98148142 	0.98180513 	0.99997905 	0.99999030 	0.99354860 	0.99995094 	0.98704685 	
0.98489346 	0.99295766 	0.99098020 	0.99971467 	0.98370630 	0.99998405 	0.99638434 	0.99999423 	0.30741294 	0.98148142 	0.98180513 	0.99997905 	0.99999030 	0.99354860 	0.99995094 	0.98704685 	
0.98489346 	0.99295766 	0.99098020 	0.99971467 	0.98370630 	0.99998405 	0.99634588 	0.99999423 	0.30741294 	0.98148142 	0.98180513 	0.99997905 	0.99999030 	0.99354860 	0.99995094 	0.98704685 	
0.98489346 	0.99295766 	0.99098020 	0.99971467 	0.98370630 	0.99998405 	0.99634588 	0.99999434 	0.30741294 	0.98148142 	0.98180513 	0.99997905 	0.99999030 	0.99354860 	0.99995094 	0.98704685 	
0.98489346 	0.99295766 	0.99098020 	0.99971467 	0.98370630 	0.99998405 	0.99634588 	0.99999434 	0.30455271 	0.98148142 	0.98180513 	0.99997905 	0.99999030 	0.99354860 	0.99995094 	0.98704685 	
0.98489346 	0.99295766 	0.99098020 	0.99971467 	0.98370630 	0.99998405 	0.99634588 	0.99999434 	0.30455271 	0.98151053 	0.98180513 	0.99997905 	0.99999030 	0.99354860 	0.99995094 	0.98704685 	
0.98489346 	0.99295766 	0.99098020 	0.99971467 	0.98370630 	0.99998405 	0.99634588 	0.99999434 	0.30455271 	0.98151053 	0.98180513 	0.99997905 	0.99999030 	0.99354860 	0.99995094 	0.98704685 	
0.98489346 	0.99295766 	0.99098020 	0.99971467 	0.98370630 	0.99998405 	0.99634588 	0.99999434 	0.30455271 	0.98151053 	0.98180513 	0.99997905 	0.99999030 	0.99354860 	0.99995094 	0.98704685 	
0.98489346 	0.99295766 	0.99098020 	0.99971467 	0.98370630 	0.99998405 	0.99634588 	0.99999434 	0.30455271 	0.98151053 	0.98180513 	0.99997905 	0.99999030 	0.99354860 	0.99995094 	0.98704685 	
0.98489346 	0.99295766 	0.99098020 	0.99971467 	0.98370630 	0.99998405 	0.99634588 	0.99999434 	0.30455271 	0.98151053 	0.98180513 	0.99997905 	0.99999030 	0.99428166 	0.99995094 	0.98704685 	
0.98489346 	0.99295766 	0.99098020 	0.99971467 	0.98370630 	0.99998405 	0.99634588 	0.99999434 	0.30455271 	0.98151053 	0.98180513 	0.99997905 	0.99999030 	0.99428166 	0.99995094 	0.98704685 	
0.98489346 	0.99295766 	0.99098020 	0.99971467 	0.98370630 	0.99998405 	0.99634588 	0.99999434 	0.30455271 	0.98151053 	0.98180513 	0.99997905 	0.99999030 	0.99428166 	0.99995094 	0.98727814 	
0.98489346 	0.99295766 	0.99098020 	0.99971467 	0.98370630 	0.99998405 	0.99634588 	0.99999434 	0.30455271 	0.98151053 	0.98180513 	0.99997905 	0.99999030 	0.99428166 	0.99995094 	0.98727814 	
0.98489346 	0.99295766 	0.99098020 	0.99971467 	0.98370630 	0.99998405 	0.99634588 	0.99999434 	0.30455271 	0.98151053 	0.98180513 	0.99997905 	0.99999030 	0.99428166 	0.99995094 	0.98727814 	
0.98489346 	0.99295766 	0.99115890 	0.99971467 	0.98370630 	0.99998405 	0.99634588 	0.99999434 	0.30455271 	0.98151053 	0.98180513 	0.99997905 	0.99999030 	0.99428166 	0.99995094 	0.98727814 	
0.98489346 	0.99295766 	0.99115890 	0.99971467 	0.98370630 	0.99998405 	0.99634588 	0.99999434 	0.30455271 	0.98151053 	0.98180513 	0.99997905 	0.99999030 	0.99428166 	0.99995094 	0.98727814 	
0.98489346 	0.99295766 	0.99115890 	0.99971467 	0.98370630 	0.99998405 	0.99634588 	0.99999434 	0.30455271 	0.98151053 	0.98180513 	0.99997905 	0.99999030 	0.99428166 	0.99995094 	0.98727814 	
0.98489346 	0.99295766 	0.99115890 	0.99971467 	0.98370630 	0.99998405 	0.99634588 	0.99999434 	0.30455271 	0.98151053 	0.98180513 	0.99997905 	0.99999030 	0.99428166 	0.99995094 	0.98727814 	
0.98489346 	0.99295766 	0.99115890 	0.99971467 	0.98370630 	0.99998405 	0.99634588 	0.99999434 	0.30455271 	0.98151053 	0.98180513 	0.99997905 	0.99999030 	0.99428166 	0.99995094 	0.98727814 	
0.98489346 	0.99295766 	0.99115890 	0.99971467 	0.98370630 	0.99998405 	0.99634588 	0.99999434 	0.30455271 	0.98151053 	0.98180513 	0.99997905 	0.99999030 	0.99428166 	0.99995094 	0.98727814 	
0.98489346 	0.99295766 	0.99115890 	0.99971467 	0.98370630 	0.99998405 	0.99634588 	0.99999434 	0.30455271 	0.98151053 	0.98180513 	0.99997905 	0.99999030 	0.99428166 	0.99995094 	0.98727814 	
0.98489346 	0.99295766 	0.99115890 	0.99971467 	0.98370630 	0.99998405 	0.99634588 	0.99999434 	0.30455271 	0.98151053 	0.98180513 	0.99997905 	0.99999030 	0.99428166 	0.99995094 	0.98727814 	
0.98489346 	0.99295766 	0.99115890 	0.99971467 	0.98370630 	0.99998405 	0.99634588 	0.99999434 	0.30455271 	0.98151053 	0.98180513 	0.99997905 	0.99999030 	0.99428166 	0.99995094 	0.98727814 	
0.98489346 	0.99295766 	0.99115890 	0.99971467 	0.98370630 	0.99998405 	0.99634588 	0.99999434 	0.30455271 	0.98151053 	0.98180513 	0.99999438 	0.99999030 	0.99428166 	0.99995094 	0.98727814 	
0.98489346 	0.99295766 	0.99115890 	0.99971467 	0.98370630 	0.99998405 	0.99634588 	0.99999434 	0.30455271 	0.98151053 	0.98180513 	0.99999438 	0.99999030 	0.99428166 	0.99995094 	0.98727814 	
0.98489346 	0.99295766 	0.99115890 	0.99971467 	0.98370630 	0.99998405 	0.99634588 	0.99999434 	0.30455271 	0.98151053 	0.98180513 	0.99999438 	0.99999030 	0.99428166 	0.99995094 	0.98727814 	
0.98489346 	0.99295766 	0.99115890 	0.99971467 	0.98370630 	0.99998405 	0.99634588 	0.99999434 	0.30455271 	0.98151053 	0.98180513 	0.99999438 	0.99999030 	0.99428166 	0.99995094 	0.98727814 	
0.98489346 	0.99295766 	0.99115890 	0.99971467 	0.98370630 	0.99998405 	0.99634588 	0.99999434 	0.30455271 	0.98151053 	0.98180513 	0.99999438 	0.99999030 	0.99428166 	0.99995094 	0.98728101 	
0.98489346 	0.99295766 	0.99115890 	0.99971467 	0.98370630 	0.99998405 	0.99634588 	0.99999434 	0.30455271 	0.98151053 	0.98180513 	0.99999438 	0.99999030 	0.99428166 	0.99995094 	0.98728101 	
0.98489346 	0.99295766 	0.99115890 	0.99971467 	0.98370630 	0.99998405 	0.99634588 	0.99999434 	0.30455271 	0.98151053 	0.98180513 	0.99999438 	0.99999030 	0.99428166 	0.99995094 	0.98728101 	
0.98489346 	0.99295766 	0.99115890 	0.99971467 	0.98370630 	0.99998405 	0.99634588 	0.99999434 	0.30455271 	0.98151053 	0.98180513 	0.99999438 	0.99999030 	0.99428166 	0.99995094 	0.98728101 	
0.98489346 	0.99295766 	0.99115890 	0.99980559 	0.98370630 	0.99998405 	0.99634588 	0.99999434 	0.30455271 	0.98151053 	0.98180513 	0.99999438 	0.99999030 	0.99428166 	0.99995094 	0.98728101 	
0.98489346 	0.99295766 	0.99115890 	0.99980559 	0.98352266 	0.99998405 	0.99634588 	0.99999434 	0.30455271 	0.98151053 	0.98180513 	0.99999438 	0.99999030 	0.99428166 	0.99995094 	0.98728101 	
0.98489346 	0.99295766 	0.99115890 	0.99980559 	0.98352266 	0.99999376 	0.99634588 	0.99999434 	0.30455271 	0.98151053 	0.98180513 	0.99999438 	0.99999030 	0.99428166 	0.99995094 	0.98728101 	
0.98489346 	0.99295766 	0.99115890 	0.99980559 	0.98352266 	0.99999376 	0.99634588 	0.99999434 	0.30455271 	0.98151053 	0.98180513 	0.99999438 	0.99999030 	0.99428166 	0.99995094 	0.98728101 	
0.98489346 	0.99295766 	0.99115890 	0.99980559 	0.98352266 	0.99999376 	0.99634588 	0.99999434 	0.30455271 	0.98151053 	0.98180513 	0.99999438 	0.99999030 	0.99428166 	0.99995094 	0.98728101 	
0.98489346 	0.99295766 	0.99115890 	0.99980559 	0.98352266 	0.99999376 	0.99634588 	0.99999434 	0.30475938 	0.98151053 	0.98180513 	0.99999438 	0.99999030 	0.99428166 	0.99995094 	0.98728101 	
0.98489346 	0.99295766 	0.99115890 	0.99980559 	0.98352266 	0.99999376 	0.99634588 	0.99999434 	0.30475938 	0.98179356 	0.98180513 	0.99999438 	0.99999030 	0.99428166 	0.99995094 	0.98728101 	
0.98489346 	0.99295766 	0.99115890 	0.99980559 	0.98352266 	0.99999376 	0.99634588 	0.99999434 	0.30475938 	0.98179356 	0.98180680 	0.99999438 	0.99999030 	0.99428166 	0.99995094 	0.98728101 	
0.98489346 	0.99295766 	0.99115890 	0.99980559 	0.98352266 	0.99999376 	0.99634588 	0.99999434 	0.30475938 	0.98179356 	0.98180680 	0.99999996 	0.99999030 	0.99428166 	0.99995094 	0.98728101 	
0.98489346 	0.99295766 	0.99115890 	0.99980559 	0.98352266 	0.99999376 	0.99634588 	0.99999434 	0.30475938 	0.98179356 	0.98180680 	0.99999996 	0.99999335 	0.99428166 	0.99995094 	0.98728101 	
0.98489346 	0.99295766 	0.99115890 	0.99980559 	0.98352266 	0.99999376 	0.99634588 	0.99999434 	0.30475938 	0.98179356 	0.98180680 	0.99999996 	0.99999335 	0.99428166 	0.99995094 	0.98728101 	
0.98489346 	0.99295766 	0.99115890 	0.99980559 	0.98352266 	0.99999376 	0.99634588 	0.99999434 	0.30475938 	0.98179356 	0.98180680 	0.99999996 	0.99999335 	0.99428166 	0.99996779 	0.98728101 	
0.98489346 	0.99295766 	0.99115890 	0.99980559 	0.98352266 	0.99999376 	0.99634588 	0.99999434 	0.30475938 	0.98179356 	0.98180680 	0.99999996 	0.99999335 	0.99428166 	0.99996779 	0.98755499 	
0.98489346 	0.99295766 	0.99115890 	0.99980559 	0.98352266 	0.99999376 	0.99634588 	0.99999434 	0.30475938 	0.98179356 	0.98180680 	0.99999996 	0.99999335 	0.99428166 	0.99996779 	0.98755499 	
0.98489346 	0.99295766 	0.99115890 	0.99980559 	0.98352266 	0.99999376 	0.99634588 	0.99999434 	0.30475938 	0.98179356 	0.98180680 	0.99999996 	0.99999335 	0.99428166 	0.99996779 	0.98755499 	
0.98489346 	0.99295766 	0.99115890 	0.99980559 	0.98352266 	0.99999376 	0.99634588 	0.99999434 	0.30475938 	0.98179356 	0.98180680 	0.99999996 	0.99999335 	0.99428166 	0.99996779 	0.98755499 	
0.98489346 	0.99295766 	0.99115890 	0.99983418 	0.98352266 	0.99999376 	0.99634588 	0.99999434 	0.30475938 	0.98179356 	0.98180680 	0.99999996 	0.99999335 	0.99428166 	0.99996779 	0.98755499 	
0.98489346 	0.99295766 	0.99115890 	0.99983418 	0.98352266 	0.99999376 	0.99634588 	0.99999434 	0.30475938 	0.98179356 	0.98180680 	0.99999996 	0.99999335 	0.99428166 	0.99996779 	0.98755499 	
0.98489346 	0.99295766 	0.99115890 	0.99983418 	0.98352266 	0.99999376 	0.99634588 	0.99999434 	0.30475938 	0.98179356 	0.98180680 	0.99999996 	0.99999335 	0.99428166 	0.99996779 	0.98755499 	
0.98489346 	0.99295766 	0.99115890 	0.99983418 	0.98352266 	0.99999376 	0.99634588 	0.99999434 	0.30475938 	0.98179356 	0.98180680 	0.99999996 	0.99999335 	0.99428166 	0.99996779 	0.98755499 	
0.98489346 	0.99295766 	0.99115890 	0.99983418 	0.98352266 	0.99999376 	0.99634588 	0.99999439 	0.30475938 	0.98179356 	0.98180680 	0.99999996 	0.99999335 	0.99428166 	0.99996779 	0.98755499 	
0.98489346 	0.99295766 	0.99115890 	0.99983418 	0.98352266 	0.99999376 	0.99634588 	0.99999439 	0.30475938 	0.98179356 	0.98180680 	0.99999996 	0.99999335 	0.99428166 	0.99996779 	0.98755499 	
0.98489346 	0.99295766 	0.99115890 	0.99983418 	0.98352266 	0.99999376 	0.99634588 	0.99999439 	0.30475938 	0.98174832 	0.98180680 	0.99999996 	0.99999335 	0.99428166 	0.99996779 	0.98755499 	
0.98489346 	0.99295766 	0.99115890 	0.99983418 	0.98352266 	0.99999376 	0.99634588 	0.99999439 	0.30475938 	0.98174832 	0.98194723 	0.99999996 	0.99999335 	0.99428166 	0.99996779 	0.98755499 	
0.98489346 	0.99295766 	0.99115890 	0.99983418 	0.98352266 	0.99999376 	0.99634588 	0.99999439 	0.30475938 	0.98174832 	0.98194723 	0.99999996 	0.99999335 	0.99428166 	0.99996779 	0.98755499 	
0.98489346 	0.99295766 	0.99115890 	0.99983418 	0.98352266 	0.99999376 	0.99634588 	0.99999439 	0.30475938 	0.98174832 	0.98194723 	0.99999996 	0.99999449 	0.99428166 	0.99996779 	0.98755499 	
0.98489346 	0.99295766 	0.99115890 	0.99983418 	0.98352266 	0.99999376 	0.99634588 	0.99999439 	0.30475938 	0.98174832 	0.98194723 	0.99999996 	0.99999449 	0.99428166 	0.99996779 	0.98755499 	
0.98489346 	0.99295766 	0.99115890 	0.99983418 	0.98352266 	0.99999376 	0.99634588 	0.99999439 	0.30475938 	0.98174832 	0.98194723 	0.99999996 	0.99999449 	0.99428166 	0.99996779 	0.98755499 	
0.98489346 	0.99295766 	0.99115890 	0.99983418 	0.98352266 	0.99999376 	0.99634588 	0.99999439 	0.30475938 	0.98174832 	0.98194723 	0.99999996 	0.99999449 	0.99428166 	0.99996779 	0.98777807 	
0.98489346 	0.99295766 	0.99115890 	0.99983418 	0.98352266 	0.99999376 	0.99634588 	0.99999439 	0.30475938 	0.98174832 	0.98194723 	0.99999996 	0.99999449 	0.99428166 	0.99996779 	0.98777807 	
0.98489346 	0.99295766 	0.99115890 	0.99983418 	0.98352266 	0.99999376 	0.99634588 	0.99999439 	0.30475938 	0.98174832 	0.98194723 	0.99999996 	0.99999449 	0.99428166 	0.99996779 	0.98777807 	
0.98489346 	0.99295766 	0.99115890 	0.99983418 	0.98352266 	0.99999376 	0.99634588 	0.99999439 	0.30475938 	0.98174832 	0.98194723 	0.99999996 	0.99999449 	0.99428166 	0.99996779 	0.98777807 	
0.98489346 	0.99295766 	0.99115890 	0.99984000 	0.98352266 	0.99999376 	0.99634588 	0.99999439 	0.30475938 	0.98174832 	0.98194723 	0.99999996 	0.99999449 	0.99428166 	0.99996779 	0.98777807 	
0.98489346 	0.99295766 	0.99115890 	0.99984000 	0.98352266 	0.99999376 	0.99634588 	0.99999439 	0.30475938 	0.98174832 	0.98194723 	0.99999996 	0.99999449 	0.99428166 	0.99996779 	0.98777807 	
0.98489346 	0.99295766 	0.99115890 	0.99984000 	0.98352266 	0.99999412 	0.99634588 	0.99999439 	0.30475938 	0.98174832 	0.98194723 	0.99999996 	0.99999449 	0.99428166 	0.99996779 	0.98777807 	
0.98489346 	0.99295766 	0.99115890 	0.99984000 	0.98352266 	0.99999412 	0.99634588 	0.99999439 	0.30475938 	0.98174832 	0.98194723 	0.99999996 	0.99999449 	0.99428166 	0.99996779 	0.98777807 	
0.98489346 	0.99295766 	0.99115890 	0.99984000 	0.98352266 	0.99999412 	0.99634588 	0.99999680 	0.30475938 	0.98174832 	0.98194723 	0.99999996 	0.99999449 	0.99428166 	0.99996779 	0.98777807 	
0.98489346 	0.99295766 	0.99115890 	0.99984000 	0.98352266 	0.99999412 	0.99634588 	0.99999680 	0.30475938 	0.98174832 	0.98194723 	0.99999996 	0.99999449 	0.99428166 	0.99996779 	0.98777807 	
0.98489346 	0.99295766 	0.99115890 	0.99984000 	0.98352266 	0.99999412 	0.99634588 	0.99999680 	0.30475938 	0.98164482 	0.98194723 	0.99999996 	0.99999449 	0.99428166 	0.99996779 	0.98777807 	
0.98489346 	0.99295766 	0.99115890 	0.99984000 	0.98352266 	0.99999412 	0.99634588 	0.99999680 	0.30475938 	0.98164482 	0.98194723 	0.99999996 	0.99999449 	0.99428166 	0.99996779 	0.98777807 	
0.98489346 	0.99295766 	0.99115890 	0.99984000 	0.98352266 	0.99999412 	0.99634588 	0.99999680 	0.30475938 	0.98164482 	0.98194723 	0.99999996 	0.99999449 	0.99428166 	0.99996779 	0.98777807 	
0.98489346 	0.99295766 	0.99115890 	0.99984000 	0.98352266 	0.99999412 	0.99634588 	0.99999680 	0.30475938 	0.98164482 	0.98194723 	0.99999996 	0.99999449 	0.99428166 	0.99996779 	0.98777807 	
0.98489346 	0.99295766 	0.99115890 	0.99984000 	0.98352266 	0.99999412 	0.99634588 	0.99999680 	0.30475938 	0.98164482 	0.98194723 	0.99999996 	0.99999449 	0.99428166 	0.99996779 	0.98777807 	
0.98489346 	0.99295766 	0.99115890 	0.99984000 	0.98352266 	0.99999412 	0.99634588 	0.99999680 	0.30475938 	0.98164482 	0.98194723 	0.99999996 	0.99999449 	0.99428166 	0.99999306 	0.98777807 	
0.98489346 	0.99295766 	0.99115890 	0.99984000 	0.98352266 	0.99999412 	0.99634588 	0.99999680 	0.30475938 	0.98164482 	0.98194723 	0.99999996 	0.99999449 	0.99428166 	0.99999306 	0.98777807 	
0.98489346 	0.99295766 	0.99115890 	0.99984000 	0.98352266 	0.99999412 	0.99634588 	0.99999680 	0.30475938 	0.98164482 	0.98194723 	0.99999996 	0.99999449 	0.99428166 	0.99999306 	0.98777807 	
0.98489346 	0.99295766 	0.99115890 	0.99984000 	0.98352266 	0.99999412 	0.99634588 	0.99999680 	0.30475938 	0.98164482 	0.98194723 	0.99999996 	0.99999449 	0.99428166 	0.99999306 	0.98777807 	
0.98489346 	0.99295766 	0.99115890 	0.99984000 	0.98352266 	0.99999412 	0.99634588 	0.99999680 	0.30475938 	0.98164482 	0.98194723 	0.99999996 	0.99999449 	0.99428166 	0.99999306 	0.98777807 	
0.98489346 	0.99295766 	0.99115890 	0.99984000 	0.98352266 	0.99999412 	0.99634588 	0.99999680 	0.30475938 	0.98164482 	0.98194723 	0.99999996 	0.99999449 	0.99428166 	0.99999306 	0.98777807 	
0.98489346 	0.99295766 	0.99115890 	0.99984000 	0.98352266 	0.99999412 	0.99634588 	0.99999680 	0.30475938 	0.98164482 	0.98194723 	0.99999996 	0.99999449 	0.99428166 	0.99999306 	0.98777807 	
0.98489346 	0.99295766 	0.99115890 	0.99984000 	0.98352266 	0.99999784 	0.99634588 	0.99999680 	0.30475938 	0.98164482 	0.98194723 	0.99999996 	0.99999449 	0.99428166 	0.99999306 	0.98777807 	
0.98489346 	0.99295766 	0.99115890 	0.99984000 	0.98352266 	0.99999784 	0.99634588 	0.99999680 	0.30475938 	0.98164482 	0.98194723 	0.99999996 	0.99999449 	0.99428166 	0.99999306 	0.98777807 	
0.98489346 	0.99295766 	0.99115890 	0.99984000 	0.98352266 	0.99999784 	0.99634588 	0.99999680 	0.30475938 	0.98164482 	0.98194723 	0.99999996 	0.99999449 	0.99428166 	0.99999306 	0.98777807 	
0.98489346 	0.99295766 	0.99115890 	0.99984000 	0.98352266 	0.99999784 	0.99634588 	0.99999680 	0.30475938 	0.98164482 	0.98194723 	0.99999996 	0.99999449 	0.99428166 	0.99999306 	0.98777807 	
0.98489346 	0.99295766 	0.99115890 	0.99984000 	0.98352266 	0.99999784 	0.99634588 	0.99999680 	0.30475938 	0.98164482 	0.98194723 	0.99999996 	0.99999449 	0.99428166 	0.99999306 	0.98777807 	
0.98489346 	0.99295766 	0.99115890 	0.99984000 	0.98352266 	0.99999784 	0.99634588 	0.99999680 	0.30475938 	0.98164482 	0.98266194 	0.99999996 	0.99999449 	0.99428166 	0.99999306 	0.98777807 	
0.98489346 	0.99295766 	0.99115890 	0.99984000 	0.98352266 	0.99999784 	0.99634588 	0.99999680 	0.30475938 	0.98164482 	0.98266194 	0.99999996 	0.99999449 	0.99428166 	0.99999306 	0.98777807 	
0.98489346 	0.99295766 	0.99115890 	0.99984000 	0.98352266 	0.99999784 	0.99634588 	0.99999680 	0.30475938 	0.98164482 	0.98266194 	0.99999996 	0.99999518 	0.99428166 	0.99999306 	0.98777807 	
0.98489346 	0.99295766 	0.99115890 	0.99984000 	0.98352266 	0.99999784 	0.99634588 	0.99999680 	0.30475938 	0.98164482 	0.98266194 	0.99999996 	0.99999518 	0.99422615 	0.99999306 	0.98777807 	
0.98489346 	0.99295766 	0.99115890 	0.99984000 	0.98352266 	0.99999784 	0.99634588 	0.99999680 	0.30475938 	0.98164482 	0.98266194 	0.99999996 	0.99999518 	0.99422615 	0.99999319 	0.98777807 	
0.98489346 	0.99295766 	0.99115890 	0.99984000 	0.98352266 	0.99999784 	0.99634588 	0.99999680 	0.30475938 	0.98164482 	0.98266194 	0.99999996 	0.99999518 	0.99422615 	0.99999319 	0.98777807 	
0.98473814 	0.99295766 	0.99115890 	0.99984000 	0.98352266 	0.99999784 	0.99634588 	0.99999680 	0.30475938 	0.98164482 	0.98266194 	0.99999996 	0.99999518 	0.99422615 	0.99999319 	0.98777807 	
0.98473814 	0.99295766 	0.99115890 	0.99984000 	0.98352266 	0.99999784 	0.99634588 	0.99999680 	0.30475938 	0.98164482 	0.98266194 	0.99999996 	0.99999518 	0.99422615 	0.99999319 	0.98777807 	
0.98473814 	0.99295766 	0.99115890 	0.99984000 	0.98352266 	0.99999784 	0.99634588 	0.99999680 	0.30475938 	0.98164482 	0.98266194 	0.99999996 	0.99999518 	0.99422615 	0.99999319 	0.98777807 	
0.98473814 	0.99295766 	0.99115890 	0.99985613 	0.98352266 	0.99999784 	0.99634588 	0.99999680 	0.30475938 	0.98164482 	0.98266194 	0.99999996 	0.99999518 	0.99422615 	0.99999319 	0.98777807 	
0.98473814 	0.99295766 	0.99115890 	0.99985613 	0.98318379 	0.99999784 	0.99634588 	0.99999680 	0.30475938 	0.98164482 	0.98266194 	0.99999996 	0.99999518 	0.99422615 	0.99999319 	0.98777807 	
0.98473814 	0.99295766 	0.99115890 	0.99985613 	0.98318379 	0.99999784 	0.99634588 	0.99999680 	0.30475938 	0.98164482 	0.98266194 	0.99999996 	0.99999518 	0.99422615 	0.99999319 	0.98777807 	
0.98473814 	0.99295766 	0.99115890 	0.99985613 	0.98318379 	0.99999784 	0.99632415 	0.99999680 	0.30475938 	0.98164482 	0.98266194 	0.99999996 	0.99999518 	0.99422615 	0.99999319 	0.98777807 	
0.98473814 	0.99295766 	0.99115890 	0.99985613 	0.98318379 	0.99999784 	0.99632415 	0.99999822 	0.30475938 	0.98164482 	0.98266194 	0.99999996 	0.99999518 	0.99422615 	0.99999319 	0.98777807 	
0.98473814 	0.99295766 	0.99115890 	0.99985613 	0.98318379 	0.99999784 	0.99632415 	0.99999822 	0.30475938 	0.98164482 	0.98266194 	0.99999996 	0.99999518 	0.99422615 	0.99999319 	0.98777807 	
0.98473814 	0.99295766 	0.99115890 	0.99985613 	0.98318379 	0.99999784 	0.99632415 	0.99999822 	0.30475938 	0.98164482 	0.98266194 	0.99999996 	0.99999518 	0.99422615 	0.99999319 	0.98777807 	
0.98473814 	0.99295766 	0.99115890 	0.99985613 	0.98318379 	0.99999784 	0.99632415 	0.99999822 	0.30475938 	0.98164482 	0.98252093 	0.99999996 	0.99999518 	0.99422615 	0.99999319 	0.98777807 	
0.98473814 	0.99295766 	0.99115890 	0.99985613 	0.98318379 	0.99999784 	0.99632415 	0.99999822 	0.30475938 	0.98164482 	0.98252093 	0.99999996 	0.99999518 	0.99422615 	0.99999319 	0.98777807 	
0.98473814 	0.99295766 	0.99115890 	0.99985613 	0.98318379 	0.99999784 	0.99632415 	0.99999822 	0.30475938 	0.98164482 	0.98252093 	0.99999996 	0.99999518 	0.99422615 	0.99999319 	0.98777807 	
0.98473814 	0.99295766 	0.99115890 	0.99985613 	0.98318379 	0.99999784 	0.99632415 	0.99999822 	0.30475938 	0.98164482 	0.98252093 	0.99999996 	0.99999518 	0.99428166 	0.99999319 	0.98777807 	
0.98473814 	0.99295766 	0.99115890 	0.99985613 	0.98318379 	0.99999784 	0.99632415 	0.99999822 	0.30475938 	0.98164482 	0.98252093 	0.99999996 	0.99999518 	0.99428166 	0.99999616 	0.98777807 	
0.98473814 	0.99295766 	0.99115890 	0.99985613 	0.98318379 	0.99999784 	0.99632415 	0.99999822 	0.30475938 	0.98164482 	0.98252093 	0.99999996 	0.99999518 	0.99428166 	0.99999616 	0.98787742 	
0.98473814 	0.99295766 	0.99115890 	0.99985613 	0.98318379 	0.99999784 	0.99632415 	0.99999822 	0.30475938 	0.98164482 	0.98252093 	0.99999996 	0.99999518 	0.99428166 	0.99999616 	0.98787742 	
0.98473814 	0.99295766 	0.99115890 	0.99985613 	0.98318379 	0.99999784 	0.99632415 	0.99999822 	0.30475938 	0.98164482 	0.98252093 	0.99999996 	0.99999518 	0.99428166 	0.99999616 	0.98787742 	
0.98473814 	0.99295766 	0.99115890 	0.99985613 	0.98318379 	0.99999784 	0.99632415 	0.99999822 	0.30475938 	0.98164482 	0.98252093 	0.99999996 	0.99999518 	0.99428166 	0.99999616 	0.98787742 	
0.98473814 	0.99295766 	0.99115890 	0.99989101 	0.98318379 	0.99999784 	0.99632415 	0.99999822 	0.30475938 	0.98164482 	0.98252093 	0.99999996 	0.99999518 	0.99428166 	0.99999616 	0.98787742 	
0.98473814 	0.99295766 	0.99115890 	0.99989101 	0.98318379 	0.99999784 	0.99632415 	0.99999822 	0.30475938 	0.98164482 	0.98252093 	0.99999996 	0.99999518 	0.99428166 	0.99999616 	0.98787742 	
0.98473814 	0.99295766 	0.99115890 	0.99989101 	0.98318379 	0.99999784 	0.99632415 	0.99999822 	0.30475938 	0.98164482 	0.98252093 	0.99999996 	0.99999518 	0.99428166 	0.99999616 	0.98787742 	
0.98473814 	0.99295766 	0.99115890 	0.99989101 	0.98318379 	0.99999784 	0.99608547 	0.99999822 	0.30475938 	0.98164482 	0.98252093 	0.99999996 	0.99999518 	0.99428166 	0.99999616 	0.98787742 	
0.98473814 	0.99295766 	0.99115890 	0.99989101 	0.98318379 	0.99999784 	0.99608547 	0.99999823 	0.30475938 	0.98164482 	0.98252093 	0.99999996 	0.99999518 	0.99428166 	0.99999616 	0.98787742 	
0.98473814 	0.99295766 	0.99115890 	0.99989101 	0.98318379 	0.99999784 	0.99608547 	0.99999823 	0.30475658 	0.98164482 	0.98252093 	0.99999996 	0.99999518 	0.99428166 	0.99999616 	0.98787742 	
0.98473814 	0.99295766 	0.99115890 	0.99989101 	0.98318379 	0.99999784 	0.99608547 	0.99999823 	0.30475658 	0.98164482 	0.98252093 	0.99999996 	0.99999518 	0.99428166 	0.99999616 	0.98787742 	
0.98473814 	0.99295766 	0.99115890 	0.99989101 	0.98318379 	0.99999784 	0.99608547 	0.99999823 	0.30475658 	0.98164482 	0.98252093 	0.99999996 	0.99999518 	0.99428166 	0.99999616 	0.98787742 	
0.98473814 	0.99295766 	0.99115890 	0.99989101 	0.98318379 	0.99999784 	0.99608547 	0.99999823 	0.30475658 	0.98164482 	0.98252093 	0.99999996 	0.99999518 	0.99428166 	0.99999616 	0.98787742 	
0.98473814 	0.99295766 	0.99115890 	0.99989101 	0.98318379 	0.99999784 	0.99608547 	0.99999823 	0.30475658 	0.98164482 	0.98252093 	0.99999996 	0.99999924 	0.99428166 	0.99999616 	0.98787742 	
0.98473814 	0.99295766 	0.99115890 	0.99989101 	0.98318379 	0.99999784 	0.99608547 	0.99999823 	0.30475658 	0.98164482 	0.98252093 	0.99999996 	0.99999924 	0.99428166 	0.99999616 	0.98787742 	
0.98473814 	0.99295766 	0.99115890 	0.99989101 	0.98318379 	0.99999784 	0.99608547 	0.99999823 	0.30475658 	0.98164482 	0.98252093 	0.99999996 	0.99999924 	0.99428166 	0.99999616 	0.98787742 	
0.98473814 	0.99295766 	0.99115890 	0.99989101 	0.98318379 	0.99999784 	0.99608547 	0.99999823 	0.30475658 	0.98164482 	0.98252093 	0.99999996 	0.99999924 	0.99428166 	0.99999616 	0.98787742 	
0.98473814 	0.99295766 	0.99115890 	0.99989101 	0.98318379 	0.99999784 	0.99608547 	0.99999823 	0.30475658 	0.98164482 	0.98252093 	0.99999996 	0.99999924 	0.99428166 	0.99999616 	0.98787742 	
0.98473814 	0.99297209 	0.99115890 	0.99989101 	0.98318379 	0.99999784 	0.99608547 	0.99999823 	0.30475658 	0.98164482 	0.98252093 	0.99999996 	0.99999924 	0.99428166 	0.99999616 	0.98787742 	
0.98473814 	0.99297209 	0.99115890 	0.99989101 	0.98318379 	0.99999784 	0.99608547 	0.99999823 	0.30475658 	0.98164482 	0.98252093 	0.99999996 	0.99999924 	0.99428166 	0.99999616 	0.98787742 	
0.98473814 	0.99297209 	0.99115890 	0.99989101 	0.98318379 	0.99999784 	0.99608547 	0.99999823 	0.30475658 	0.98164482 	0.98252093 	0.99999996 	0.99999924 	0.99428166 	0.99999616 	0.98787742 	
0.98473814 	0.99297209 	0.99115890 	0.99989101 	0.98318379 	0.99999784 	0.99608547 	0.99999823 	0.30475658 	0.98164482 	0.98252093 	0.99999996 	0.99999924 	0.99428166 	0.99999616 	0.98787742 	
0.98473814 	0.99297209 	0.99115890 	0.99989101 	0.98318379 	0.99999784 	0.99608547 	0.99999823 	0.30475658 	0.98164482 	0.98252093 	0.99999996 	0.99999924 	0.99428166 	0.99999616 	0.98787742 	
0.98473814 	0.99297209 	0.99115890 	0.99989101 	0.98318379 	0.99999784 	0.99608183 	0.99999823 	0.30475658 	0.98164482 	0.98252093 	0.99999996 	0.99999924 	0.99428166 	0.99999616 	0.98787742 	
0.98473814 	0.99297209 	0.99115890 	0.99989101 	0.98318379 	0.99999784 	0.99608183 	0.99999823 	0.30475658 	0.98164482 	0.98252093 	0.99999996 	0.99999924 	0.99428166 	0.99999616 	0.98787742 	
0.98473814 	0.99297209 	0.99115890 	0.99989101 	0.98318379 	0.99999784 	0.99608183 	0.99999823 	0.30475658 	0.98164482 	0.98252093 	0.99999996 	0.99999924 	0.99428166 	0.99999616 	0.98787742 	
0.98473814 	0.99297209 	0.99115890 	0.99989101 	0.98318379 	0.99999784 	0.99608183 	0.99999823 	0.30475658 	0.98168279 	0.98252093 	0.99999996 	0.99999924 	0.99428166 	0.99999616 	0.98787742 	
0.98473814 	0.99297209 	0.99115890 	0.99989101 	0.98318379 	0.99999784 	0.99608183 	0.99999823 	0.30475658 	0.98168279 	0.98252093 	0.99999996 	0.99999924 	0.99428166 	0.99999616 	0.98787742 	
0.98473814 	0.99297209 	0.99115890 	0.99989101 	0.98318379 	0.99999784 	0.99608183 	0.99999823 	0.30475658 	0.98168279 	0.98252093 	0.99999996 	0.99999924 	0.99428166 	0.99999616 	0.98787742 	
0.98473814 	0.99297209 	0.99115890 	0.99989101 	0.98318379 	0.99999784 	0.99608183 	0.99999823 	0.30475658 	0.98168279 	0.98252093 	0.99999996 	0.99999976 	0.99428166 	0.99999616 	0.98787742 	
0.98473814 	0.99297209 	0.99115890 	0.99989101 	0.98318379 	0.99999784 	0.99608183 	0.99999823 	0.30475658 	0.98168279 	0.98252093 	0.99999996 	0.99999976 	0.99428166 	0.99999616 	0.98787742 	
0.98473814 	0.99297209 	0.99115890 	0.99989101 	0.98318379 	0.99999784 	0.99608183 	0.99999823 	0.30475658 	0.98168279 	0.98252093 	0.99999996 	0.99999976 	0.99428166 	0.99999616 	0.98787742 	
0.98473814 	0.99297209 	0.99115890 	0.99989101 	0.98318379 	0.99999784 	0.99608183 	0.99999823 	0.30475658 	0.98168279 	0.98252093 	0.99999996 	0.99999976 	0.99428166 	0.99999616 	0.98787742 	
0.98473814 	0.99297209 	0.99115890 	0.99989101 	0.98318379 	0.99999784 	0.99608183 	0.99999823 	0.30475658 	0.98168279 	0.98252093 	0.99999996 	0.99999976 	0.99428166 	0.99999616 	0.98787742 	
0.98473814 	0.99298125 	0.99115890 	0.99989101 	0.98318379 	0.99999784 	0.99608183 	0.99999823 	0.30475658 	0.98168279 	0.98252093 	0.99999996 	0.99999976 	0.99428166 	0.99999616 	0.98787742 	
0.98473814 	0.99298125 	0.99115890 	0.99989101 	0.98318379 	0.99999784 	0.99608183 	0.99999823 	0.30475658 	0.98168279 	0.98252093 	0.99999996 	0.99999976 	0.99428166 	0.99999616 	0.98787742 	
0.98473814 	0.99298125 	0.99115890 	0.99996441 	0.98318379 	0.99999784 	0.99608183 	0.99999823 	0.30475658 	0.98168279 	0.98252093 	0.99999996 	0.99999976 	0.99428166 	0.99999616 	0.98787742 	
0.98473814 	0.99298125 	0.99115890 	0.99996441 	0.98318379 	0.99999784 	0.99608183 	0.99999823 	0.30475658 	0.98168279 	0.98252093 	0.99999996 	0.99999976 	0.99428166 	0.99999616 	0.98787742 	
0.98473814 	0.99298125 	0.99115890 	0.99996441 	0.98318379 	0.99999784 	0.99608183 	0.99999823 	0.30475658 	0.98168279 	0.98252093 	0.99999996 	0.99999976 	0.99428166 	0.99999616 	0.98787742 	
0.98473814 	0.99298125 	0.99115890 	0.99996441 	0.98318379 	0.99999784 	0.99608183 	0.99999823 	0.30475658 	0.98168279 	0.98252093 	0.99999996 	0.99999976 	0.99428166 	0.99999616 	0.98787742 	
0.98473814 	0.99298125 	0.99115890 	0.99996441 	0.98318379 	0.99999784 	0.99608183 	0.99999823 	0.30475658 	0.98168279 	0.98252093 	0.99999996 	0.99999976 	0.99428166 	0.99999616 	0.98787742 	
0.98473814 	0.99298125 	0.99115890 	0.99996441 	0.98318379 	0.99999784 	0.99608183 	0.99999823 	0.30475658 	0.98168279 	0.98252093 	0.99999996 	0.99999976 	0.99428166 	0.99999616 	0.98787742 	
0.98473814 	0.99298125 	0.99115890 	0.99996441 	0.98318379 	0.99999784 	0.99608183 	0.99999823 	0.30475658 	0.98168279 	0.98252093 	0.99999996 	0.99999976 	0.99428166 	0.99999616 	0.98787742 	
0.98473814 	0.99298125 	0.99115890 	0.99996441 	0.98318379 	0.99999784 	0.99608183 	0.99999823 	0.30475658 	0.98168279 	0.98252093 	0.99999996 	0.99999976 	0.99428166 	0.99999616 	0.98787742 	
0.98473814 	0.99298125 	0.99115890 	0.99996441 	0.98318379 	0.99999784 	0.99608183 	0.99999823 	0.30475658 	0.98168279 	0.98252093 	0.99999996 	0.99999976 	0.99428166 	0.99999616 	0.98787742 	
0.98473814 	0.99298125 	0.99115890 	0.99996441 	0.98318379 	0.99999784 	0.99608183 	0.99999823 	0.30475658 	0.98168279 	0.98252093 	0.99999996 	0.99999976 	0.99428166 	0.99999616 	0.98787742 	
0.98473814 	0.99298125 	0.99115890 	0.99996441 	0.98318379 	0.99999784 	0.99608183 	0.99999823 	0.30475658 	0.98168279 	0.98252093 	0.99999996 	0.99999976 	0.99426895 	0.99999616 	0.98787742 	
0.98473814 	0.99298125 	0.99115890 	0.99996441 	0.98318379 	0.99999784 	0.99608183 	0.99999823 	0.30475658 	0.98168279 	0.98252093 	0.99999996 	0.99999976 	0.99426895 	0.99999616 	0.98787742 	
0.98473814 	0.99298125 	0.99115890 	0.99996441 	0.98318379 	0.99999784 	0.99608183 	0.99999823 	0.30475658 	0.98168279 	0.98252093 	0.99999996 	0.99999976 	0.99426895 	0.99999616 	0.98787742 	
