0.97924892 	0.82495470 	0.84775056 	0.95436264 	0.73020921 	0.91201119 	0.10683950 	0.67190558 	0.39610650 	0.84128989 	0.54260502 	0.33011977 	0.37432846 	0.18710119 	0.77648783 	0.98508812 	
0.97924892 	0.94169275 	0.84775056 	0.95436264 	0.73020921 	0.91201119 	0.10683950 	0.67190558 	0.39610650 	0.84128989 	0.54260502 	0.33011977 	0.37432846 	0.18710119 	0.77648783 	0.98508812 	
0.97924892 	0.94169275 	0.88865579 	0.95436264 	0.73020921 	0.91201119 	0.10683950 	0.67190558 	0.39610650 	0.84128989 	0.54260502 	0.33011977 	0.37432846 	0.18710119 	0.77648783 	0.98508812 	
0.97924892 	0.94169275 	0.88865579 	0.95436264 	0.73020921 	0.91201119 	0.10683950 	0.67190558 	0.39610650 	0.84128989 	0.54260502 	0.33011977 	0.37432846 	0.18710119 	0.77648783 	0.98508812 	
0.97924892 	0.94169275 	0.88865579 	0.95436264 	0.94585233 	0.91201119 	0.10683950 	0.67190558 	0.39610650 	0.84128989 	0.54260502 	0.33011977 	0.37432846 	0.18710119 	0.77648783 	0.98508812 	
0.97924892 	0.94169275 	0.88865579 	0.95436264 	0.94585233 	0.91645255 	0.10683950 	0.67190558 	0.39610650 	0.84128989 	0.54260502 	0.33011977 	0.37432846 	0.18710119 	0.77648783 	0.98508812 	
0.97924892 	0.94169275 	0.88865579 	0.95436264 	0.94585233 	0.91645255 	0.82027816 	0.67190558 	0.39610650 	0.84128989 	0.54260502 	0.33011977 	0.37432846 	0.18710119 	0.77648783 	0.98508812 	
0.97924892 	0.94169275 	0.88865579 	0.95436264 	0.94585233 	0.91645255 	0.82027816 	0.97165379 	0.39610650 	0.84128989 	0.54260502 	0.33011977 	0.37432846 	0.18710119 	0.77648783 	0.98508812 	
0.97924892 	0.94169275 	0.88865579 	0.95436264 	0.94585233 	0.91645255 	0.82027816 	0.97165379 	0.41071858 	0.84128989 	0.54260502 	0.33011977 	0.37432846 	0.18710119 	0.77648783 	0.98508812 	
0.97924892 	0.94169275 	0.88865579 	0.95436264 	0.94585233 	0.91645255 	0.82027816 	0.97165379 	0.41071858 	0.84816196 	0.54260502 	0.33011977 	0.37432846 	0.18710119 	0.77648783 	0.98508812 	
0.97924892 	0.94169275 	0.88865579 	0.95436264 	0.94585233 	0.91645255 	0.82027816 	0.97165379 	0.41071858 	0.84816196 	0.96939723 	0.33011977 	0.37432846 	0.18710119 	0.77648783 	0.98508812 	
0.97924892 	0.94169275 	0.88865579 	0.95436264 	0.94585233 	0.91645255 	0.82027816 	0.97165379 	0.41071858 	0.84816196 	0.96939723 	0.96468724 	0.37432846 	0.18710119 	0.77648783 	0.98508812 	
0.97924892 	0.94169275 	0.88865579 	0.95436264 	0.94585233 	0.91645255 	0.82027816 	0.97165379 	0.41071858 	0.84816196 	0.96939723 	0.96468724 	0.93855137 	0.18710119 	0.77648783 	0.98508812 	
0.97924892 	0.94169275 	0.88865579 	0.95436264 	0.94585233 	0.91645255 	0.82027816 	0.97165379 	0.41071858 	0.84816196 	0.96939723 	0.96468724 	0.93855137 	0.95376597 	0.77648783 	0.98508812 	
0.97924892 	0.94169275 	0.88865579 	0.95436264 	0.94585233 	0.91645255 	0.82027816 	0.97165379 	0.41071858 	0.84816196 	0.96939723 	0.96468724 	0.93855137 	0.95376597 	0.95821323 	0.98508812 	
0.97924892 	0.94169275 	0.88865579 	0.95436264 	0.94585233 	0.91645255 	0.82027816 	0.97165379 	0.41071858 	0.84816196 	0.96939723 	0.96468724 	0.93855137 	0.95376597 	0.95821323 	0.99895850 	
0.97924892 	0.94169275 	0.88865579 	0.95436264 	0.94585233 	0.91645255 	0.82027816 	0.97165379 	0.41071858 	0.84816196 	0.96939723 	0.96468724 	0.93855137 	0.95376597 	0.95821323 	0.99895850 	
0.97924892 	0.94420562 	0.88865579 	0.95436264 	0.94585233 	0.91645255 	0.82027816 	0.97165379 	0.41071858 	0.84816196 	0.96939723 	0.96468724 	0.93855137 	0.95376597 	0.95821323 	0.99895850 	
0.97924892 	0.94420562 	0.89097970 	0.95436264 	0.94585233 	0.91645255 	0.82027816 	0.97165379 	0.41071858 	0.84816196 	0.96939723 	0.96468724 	0.93855137 	0.95376597 	0.95821323 	0.99895850 	
0.97924892 	0.94420562 	0.89097970 	0.98521966 	0.94585233 	0.91645255 	0.82027816 	0.97165379 	0.41071858 	0.84816196 	0.96939723 	0.96468724 	0.93855137 	0.95376597 	0.95821323 	0.99895850 	
0.97924892 	0.94420562 	0.89097970 	0.98521966 	0.94585233 	0.91645255 	0.82027816 	0.97165379 	0.41071858 	0.84816196 	0.96939723 	0.96468724 	0.93855137 	0.95376597 	0.95821323 	0.99895850 	
0.97924892 	0.94420562 	0.89097970 	0.98521966 	0.94585233 	0.93009780 	0.82027816 	0.97165379 	0.41071858 	0.84816196 	0.96939723 	0.96468724 	0.93855137 	0.95376597 	0.95821323 	0.99895850 	
0.97924892 	0.94420562 	0.89097970 	0.98521966 	0.94585233 	0.93009780 	0.84861070 	0.97165379 	0.41071858 	0.84816196 	0.96939723 	0.96468724 	0.93855137 	0.95376597 	0.95821323 	0.99895850 	
0.97924892 	0.94420562 	0.89097970 	0.98521966 	0.94585233 	0.93009780 	0.84861070 	0.98535562 	0.41071858 	0.84816196 	0.96939723 	0.96468724 	0.93855137 	0.95376597 	0.95821323 	0.99895850 	
0.97924892 	0.94420562 	0.89097970 	0.98521966 	0.94585233 	0.93009780 	0.84861070 	0.98535562 	0.28852023 	0.84816196 	0.96939723 	0.96468724 	0.93855137 	0.95376597 	0.95821323 	0.99895850 	
0.97924892 	0.94420562 	0.89097970 	0.98521966 	0.94585233 	0.93009780 	0.84861070 	0.98535562 	0.28852023 	0.86392107 	0.96939723 	0.96468724 	0.93855137 	0.95376597 	0.95821323 	0.99895850 	
0.97924892 	0.94420562 	0.89097970 	0.98521966 	0.94585233 	0.93009780 	0.84861070 	0.98535562 	0.28852023 	0.86392107 	0.96939723 	0.96468724 	0.93855137 	0.95376597 	0.95821323 	0.99895850 	
0.97924892 	0.94420562 	0.89097970 	0.98521966 	0.94585233 	0.93009780 	0.84861070 	0.98535562 	0.28852023 	0.86392107 	0.96939723 	0.98437910 	0.93855137 	0.95376597 	0.95821323 	0.99895850 	
0.97924892 	0.94420562 	0.89097970 	0.98521966 	0.94585233 	0.93009780 	0.84861070 	0.98535562 	0.28852023 	0.86392107 	0.96939723 	0.98437910 	0.98802374 	0.95376597 	0.95821323 	0.99895850 	
0.97924892 	0.94420562 	0.89097970 	0.98521966 	0.94585233 	0.93009780 	0.84861070 	0.98535562 	0.28852023 	0.86392107 	0.96939723 	0.98437910 	0.98802374 	0.95376597 	0.95821323 	0.99895850 	
0.97924892 	0.94420562 	0.89097970 	0.98521966 	0.94585233 	0.93009780 	0.84861070 	0.98535562 	0.28852023 	0.86392107 	0.96939723 	0.98437910 	0.98802374 	0.95376597 	0.95821323 	0.99895850 	
0.97924892 	0.94420562 	0.89097970 	0.98521966 	0.94585233 	0.93009780 	0.84861070 	0.98535562 	0.28852023 	0.86392107 	0.96939723 	0.98437910 	0.98802374 	0.95376597 	0.95821323 	0.99909225 	
0.97924892 	0.94420562 	0.89097970 	0.98521966 	0.94585233 	0.93009780 	0.84861070 	0.98535562 	0.28852023 	0.86392107 	0.96939723 	0.98437910 	0.98802374 	0.95376597 	0.95821323 	0.99909225 	
0.97924892 	0.94420562 	0.89097970 	0.98521966 	0.94585233 	0.93009780 	0.84861070 	0.98535562 	0.28852023 	0.86392107 	0.96939723 	0.98437910 	0.98802374 	0.95376597 	0.95821323 	0.99909225 	
0.97924892 	0.94420562 	0.95226958 	0.98521966 	0.94585233 	0.93009780 	0.84861070 	0.98535562 	0.28852023 	0.86392107 	0.96939723 	0.98437910 	0.98802374 	0.95376597 	0.95821323 	0.99909225 	
0.97924892 	0.94420562 	0.95226958 	0.98757132 	0.94585233 	0.93009780 	0.84861070 	0.98535562 	0.28852023 	0.86392107 	0.96939723 	0.98437910 	0.98802374 	0.95376597 	0.95821323 	0.99909225 	
0.97924892 	0.94420562 	0.95226958 	0.98757132 	0.95106254 	0.93009780 	0.84861070 	0.98535562 	0.28852023 	0.86392107 	0.96939723 	0.98437910 	0.98802374 	0.95376597 	0.95821323 	0.99909225 	
0.97924892 	0.94420562 	0.95226958 	0.98757132 	0.95106254 	0.93086186 	0.84861070 	0.98535562 	0.28852023 	0.86392107 	0.96939723 	0.98437910 	0.98802374 	0.95376597 	0.95821323 	0.99909225 	
0.97924892 	0.94420562 	0.95226958 	0.98757132 	0.95106254 	0.93086186 	0.97645619 	0.98535562 	0.28852023 	0.86392107 	0.96939723 	0.98437910 	0.98802374 	0.95376597 	0.95821323 	0.99909225 	
0.97924892 	0.94420562 	0.95226958 	0.98757132 	0.95106254 	0.93086186 	0.97645619 	0.99105821 	0.28852023 	0.86392107 	0.96939723 	0.98437910 	0.98802374 	0.95376597 	0.95821323 	0.99909225 	
0.97924892 	0.94420562 	0.95226958 	0.98757132 	0.95106254 	0.93086186 	0.97645619 	0.99105821 	0.30585372 	0.86392107 	0.96939723 	0.98437910 	0.98802374 	0.95376597 	0.95821323 	0.99909225 	
0.97924892 	0.94420562 	0.95226958 	0.98757132 	0.95106254 	0.93086186 	0.97645619 	0.99105821 	0.30585372 	0.87097059 	0.96939723 	0.98437910 	0.98802374 	0.95376597 	0.95821323 	0.99909225 	
0.97924892 	0.94420562 	0.95226958 	0.98757132 	0.95106254 	0.93086186 	0.97645619 	0.99105821 	0.30585372 	0.87097059 	0.98387849 	0.98437910 	0.98802374 	0.95376597 	0.95821323 	0.99909225 	
0.97924892 	0.94420562 	0.95226958 	0.98757132 	0.95106254 	0.93086186 	0.97645619 	0.99105821 	0.30585372 	0.87097059 	0.98387849 	0.99913236 	0.98802374 	0.95376597 	0.95821323 	0.99909225 	
0.97924892 	0.94420562 	0.95226958 	0.98757132 	0.95106254 	0.93086186 	0.97645619 	0.99105821 	0.30585372 	0.87097059 	0.98387849 	0.99913236 	0.98802374 	0.95376597 	0.95821323 	0.99909225 	
0.97924892 	0.94420562 	0.95226958 	0.98757132 	0.95106254 	0.93086186 	0.97645619 	0.99105821 	0.30585372 	0.87097059 	0.98387849 	0.99913236 	0.98802374 	0.95564583 	0.95821323 	0.99909225 	
0.97924892 	0.94420562 	0.95226958 	0.98757132 	0.95106254 	0.93086186 	0.97645619 	0.99105821 	0.30585372 	0.87097059 	0.98387849 	0.99913236 	0.98802374 	0.95564583 	0.97659836 	0.99909225 	
0.97924892 	0.94420562 	0.95226958 	0.98757132 	0.95106254 	0.93086186 	0.97645619 	0.99105821 	0.30585372 	0.87097059 	0.98387849 	0.99913236 	0.98802374 	0.95564583 	0.97659836 	0.99945799 	
0.97924892 	0.94420562 	0.95226958 	0.98757132 	0.95106254 	0.93086186 	0.97645619 	0.99105821 	0.30585372 	0.87097059 	0.98387849 	0.99913236 	0.98802374 	0.95564583 	0.97659836 	0.99945799 	
0.97924892 	0.99495948 	0.95226958 	0.98757132 	0.95106254 	0.93086186 	0.97645619 	0.99105821 	0.30585372 	0.87097059 	0.98387849 	0.99913236 	0.98802374 	0.95564583 	0.97659836 	0.99945799 	
0.97924892 	0.99495948 	0.99835456 	0.98757132 	0.95106254 	0.93086186 	0.97645619 	0.99105821 	0.30585372 	0.87097059 	0.98387849 	0.99913236 	0.98802374 	0.95564583 	0.97659836 	0.99945799 	
0.97924892 	0.99495948 	0.99835456 	0.98757132 	0.95106254 	0.93086186 	0.97645619 	0.99105821 	0.30585372 	0.87097059 	0.98387849 	0.99913236 	0.98802374 	0.95564583 	0.97659836 	0.99945799 	
0.97924892 	0.99495948 	0.99835456 	0.98757132 	0.98856692 	0.93086186 	0.97645619 	0.99105821 	0.30585372 	0.87097059 	0.98387849 	0.99913236 	0.98802374 	0.95564583 	0.97659836 	0.99945799 	
0.97924892 	0.99495948 	0.99835456 	0.98757132 	0.98856692 	0.98113413 	0.97645619 	0.99105821 	0.30585372 	0.87097059 	0.98387849 	0.99913236 	0.98802374 	0.95564583 	0.97659836 	0.99945799 	
0.97924892 	0.99495948 	0.99835456 	0.98757132 	0.98856692 	0.98113413 	0.97720938 	0.99105821 	0.30585372 	0.87097059 	0.98387849 	0.99913236 	0.98802374 	0.95564583 	0.97659836 	0.99945799 	
0.97924892 	0.99495948 	0.99835456 	0.98757132 	0.98856692 	0.98113413 	0.97720938 	0.99244884 	0.30585372 	0.87097059 	0.98387849 	0.99913236 	0.98802374 	0.95564583 	0.97659836 	0.99945799 	
0.97924892 	0.99495948 	0.99835456 	0.98757132 	0.98856692 	0.98113413 	0.97720938 	0.99244884 	0.30306449 	0.87097059 	0.98387849 	0.99913236 	0.98802374 	0.95564583 	0.97659836 	0.99945799 	
0.97924892 	0.99495948 	0.99835456 	0.98757132 	0.98856692 	0.98113413 	0.97720938 	0.99244884 	0.30306449 	0.88640489 	0.98387849 	0.99913236 	0.98802374 	0.95564583 	0.97659836 	0.99945799 	
0.97924892 	0.99495948 	0.99835456 	0.98757132 	0.98856692 	0.98113413 	0.97720938 	0.99244884 	0.30306449 	0.88640489 	0.98959329 	0.99913236 	0.98802374 	0.95564583 	0.97659836 	0.99945799 	
0.97924892 	0.99495948 	0.99835456 	0.98757132 	0.98856692 	0.98113413 	0.97720938 	0.99244884 	0.30306449 	0.88640489 	0.98959329 	0.99988091 	0.98802374 	0.95564583 	0.97659836 	0.99945799 	
0.97924892 	0.99495948 	0.99835456 	0.98757132 	0.98856692 	0.98113413 	0.97720938 	0.99244884 	0.30306449 	0.88640489 	0.98959329 	0.99988091 	0.98802374 	0.95564583 	0.97659836 	0.99945799 	
0.97924892 	0.99495948 	0.99835456 	0.98757132 	0.98856692 	0.98113413 	0.97720938 	0.99244884 	0.30306449 	0.88640489 	0.98959329 	0.99988091 	0.98802374 	0.99535097 	0.97659836 	0.99945799 	
0.97924892 	0.99495948 	0.99835456 	0.98757132 	0.98856692 	0.98113413 	0.97720938 	0.99244884 	0.30306449 	0.88640489 	0.98959329 	0.99988091 	0.98802374 	0.99535097 	0.97922774 	0.99945799 	
0.97924892 	0.99495948 	0.99835456 	0.98757132 	0.98856692 	0.98113413 	0.97720938 	0.99244884 	0.30306449 	0.88640489 	0.98959329 	0.99988091 	0.98802374 	0.99535097 	0.97922774 	0.99945799 	
0.99350929 	0.99495948 	0.99835456 	0.98757132 	0.98856692 	0.98113413 	0.97720938 	0.99244884 	0.30306449 	0.88640489 	0.98959329 	0.99988091 	0.98802374 	0.99535097 	0.97922774 	0.99945799 	
0.99350929 	0.99495948 	0.99835456 	0.98757132 	0.98856692 	0.98113413 	0.97720938 	0.99244884 	0.30306449 	0.88640489 	0.98959329 	0.99988091 	0.98802374 	0.99535097 	0.97922774 	0.99945799 	
0.99350929 	0.99495948 	0.99835456 	0.98757132 	0.98856692 	0.98113413 	0.97720938 	0.99244884 	0.30306449 	0.88640489 	0.98959329 	0.99988091 	0.98802374 	0.99535097 	0.97922774 	0.99945799 	
0.99350929 	0.99495948 	0.99835456 	0.99038948 	0.98856692 	0.98113413 	0.97720938 	0.99244884 	0.30306449 	0.88640489 	0.98959329 	0.99988091 	0.98802374 	0.99535097 	0.97922774 	0.99945799 	
0.99350929 	0.99495948 	0.99835456 	0.99038948 	0.99666183 	0.98113413 	0.97720938 	0.99244884 	0.30306449 	0.88640489 	0.98959329 	0.99988091 	0.98802374 	0.99535097 	0.97922774 	0.99945799 	
0.99350929 	0.99495948 	0.99835456 	0.99038948 	0.99666183 	0.98652449 	0.97720938 	0.99244884 	0.30306449 	0.88640489 	0.98959329 	0.99988091 	0.98802374 	0.99535097 	0.97922774 	0.99945799 	
0.99350929 	0.99495948 	0.99835456 	0.99038948 	0.99666183 	0.98652449 	0.98676238 	0.99244884 	0.30306449 	0.88640489 	0.98959329 	0.99988091 	0.98802374 	0.99535097 	0.97922774 	0.99945799 	
0.99350929 	0.99495948 	0.99835456 	0.99038948 	0.99666183 	0.98652449 	0.98676238 	0.99248105 	0.30306449 	0.88640489 	0.98959329 	0.99988091 	0.98802374 	0.99535097 	0.97922774 	0.99945799 	
0.99350929 	0.99495948 	0.99835456 	0.99038948 	0.99666183 	0.98652449 	0.98676238 	0.99248105 	0.30299059 	0.88640489 	0.98959329 	0.99988091 	0.98802374 	0.99535097 	0.97922774 	0.99945799 	
0.99350929 	0.99495948 	0.99835456 	0.99038948 	0.99666183 	0.98652449 	0.98676238 	0.99248105 	0.30299059 	0.98446903 	0.98959329 	0.99988091 	0.98802374 	0.99535097 	0.97922774 	0.99945799 	
0.99350929 	0.99495948 	0.99835456 	0.99038948 	0.99666183 	0.98652449 	0.98676238 	0.99248105 	0.30299059 	0.98446903 	0.99455108 	0.99988091 	0.98802374 	0.99535097 	0.97922774 	0.99945799 	
0.99350929 	0.99495948 	0.99835456 	0.99038948 	0.99666183 	0.98652449 	0.98676238 	0.99248105 	0.30299059 	0.98446903 	0.99455108 	0.99988091 	0.98802374 	0.99535097 	0.97922774 	0.99945799 	
0.99350929 	0.99495948 	0.99835456 	0.99038948 	0.99666183 	0.98652449 	0.98676238 	0.99248105 	0.30299059 	0.98446903 	0.99455108 	0.99988091 	0.98802374 	0.99535097 	0.97922774 	0.99945799 	
0.99350929 	0.99495948 	0.99835456 	0.99038948 	0.99666183 	0.98652449 	0.98676238 	0.99248105 	0.30299059 	0.98446903 	0.99455108 	0.99988091 	0.98802374 	0.99761940 	0.97922774 	0.99945799 	
0.99350929 	0.99495948 	0.99835456 	0.99038948 	0.99666183 	0.98652449 	0.98676238 	0.99248105 	0.30299059 	0.98446903 	0.99455108 	0.99988091 	0.98802374 	0.99761940 	0.98006734 	0.99945799 	
0.99350929 	0.99495948 	0.99835456 	0.99038948 	0.99666183 	0.98652449 	0.98676238 	0.99248105 	0.30299059 	0.98446903 	0.99455108 	0.99988091 	0.98802374 	0.99761940 	0.98006734 	0.99945799 	
0.99350929 	0.99495948 	0.99835456 	0.99038948 	0.99666183 	0.98652449 	0.98676238 	0.99248105 	0.30299059 	0.98446903 	0.99455108 	0.99988091 	0.98802374 	0.99761940 	0.98006734 	0.99945799 	
0.99350929 	0.99970707 	0.99835456 	0.99038948 	0.99666183 	0.98652449 	0.98676238 	0.99248105 	0.30299059 	0.98446903 	0.99455108 	0.99988091 	0.98802374 	0.99761940 	0.98006734 	0.99945799 	
0.99350929 	0.99970707 	0.99835456 	0.99038948 	0.99666183 	0.98652449 	0.98676238 	0.99248105 	0.30299059 	0.98446903 	0.99455108 	0.99988091 	0.98802374 	0.99761940 	0.98006734 	0.99945799 	
0.99350929 	0.99970707 	0.99835456 	0.99264040 	0.99666183 	0.98652449 	0.98676238 	0.99248105 	0.30299059 	0.98446903 	0.99455108 	0.99988091 	0.98802374 	0.99761940 	0.98006734 	0.99945799 	
0.99350929 	0.99970707 	0.99835456 	0.99264040 	0.99733631 	0.98652449 	0.98676238 	0.99248105 	0.30299059 	0.98446903 	0.99455108 	0.99988091 	0.98802374 	0.99761940 	0.98006734 	0.99945799 	
0.99350929 	0.99970707 	0.99835456 	0.99264040 	0.99733631 	0.99616123 	0.98676238 	0.99248105 	0.30299059 	0.98446903 	0.99455108 	0.99988091 	0.98802374 	0.99761940 	0.98006734 	0.99945799 	
0.99350929 	0.99970707 	0.99835456 	0.99264040 	0.99733631 	0.99616123 	0.99746190 	0.99248105 	0.30299059 	0.98446903 	0.99455108 	0.99988091 	0.98802374 	0.99761940 	0.98006734 	0.99945799 	
0.99350929 	0.99970707 	0.99835456 	0.99264040 	0.99733631 	0.99616123 	0.99746190 	0.99624164 	0.30299059 	0.98446903 	0.99455108 	0.99988091 	0.98802374 	0.99761940 	0.98006734 	0.99945799 	
0.99350929 	0.99970707 	0.99835456 	0.99264040 	0.99733631 	0.99616123 	0.99746190 	0.99624164 	0.29902182 	0.98446903 	0.99455108 	0.99988091 	0.98802374 	0.99761940 	0.98006734 	0.99945799 	
0.99350929 	0.99970707 	0.99835456 	0.99264040 	0.99733631 	0.99616123 	0.99746190 	0.99624164 	0.29902182 	0.98446903 	0.99455108 	0.99988091 	0.98802374 	0.99761940 	0.98006734 	0.99945799 	
0.99350929 	0.99970707 	0.99835456 	0.99264040 	0.99733631 	0.99616123 	0.99746190 	0.99624164 	0.29902182 	0.98446903 	0.99520320 	0.99988091 	0.98802374 	0.99761940 	0.98006734 	0.99945799 	
0.99350929 	0.99970707 	0.99835456 	0.99264040 	0.99733631 	0.99616123 	0.99746190 	0.99624164 	0.29902182 	0.98446903 	0.99520320 	0.99988418 	0.98802374 	0.99761940 	0.98006734 	0.99945799 	
0.99350929 	0.99970707 	0.99835456 	0.99264040 	0.99733631 	0.99616123 	0.99746190 	0.99624164 	0.29902182 	0.98446903 	0.99520320 	0.99988418 	0.99435602 	0.99761940 	0.98006734 	0.99945799 	
0.99350929 	0.99970707 	0.99835456 	0.99264040 	0.99733631 	0.99616123 	0.99746190 	0.99624164 	0.29902182 	0.98446903 	0.99520320 	0.99988418 	0.99435602 	0.99765985 	0.98006734 	0.99945799 	
0.99350929 	0.99970707 	0.99835456 	0.99264040 	0.99733631 	0.99616123 	0.99746190 	0.99624164 	0.29902182 	0.98446903 	0.99520320 	0.99988418 	0.99435602 	0.99765985 	0.98072990 	0.99945799 	
0.99350929 	0.99970707 	0.99835456 	0.99264040 	0.99733631 	0.99616123 	0.99746190 	0.99624164 	0.29902182 	0.98446903 	0.99520320 	0.99988418 	0.99435602 	0.99765985 	0.98072990 	0.99991457 	
0.99466380 	0.99970707 	0.99835456 	0.99264040 	0.99733631 	0.99616123 	0.99746190 	0.99624164 	0.29902182 	0.98446903 	0.99520320 	0.99988418 	0.99435602 	0.99765985 	0.98072990 	0.99991457 	
0.99466380 	0.99972089 	0.99835456 	0.99264040 	0.99733631 	0.99616123 	0.99746190 	0.99624164 	0.29902182 	0.98446903 	0.99520320 	0.99988418 	0.99435602 	0.99765985 	0.98072990 	0.99991457 	
0.99466380 	0.99972089 	0.99965767 	0.99264040 	0.99733631 	0.99616123 	0.99746190 	0.99624164 	0.29902182 	0.98446903 	0.99520320 	0.99988418 	0.99435602 	0.99765985 	0.98072990 	0.99991457 	
0.99466380 	0.99972089 	0.99965767 	0.99700305 	0.99733631 	0.99616123 	0.99746190 	0.99624164 	0.29902182 	0.98446903 	0.99520320 	0.99988418 	0.99435602 	0.99765985 	0.98072990 	0.99991457 	
0.99466380 	0.99972089 	0.99965767 	0.99700305 	0.99883733 	0.99616123 	0.99746190 	0.99624164 	0.29902182 	0.98446903 	0.99520320 	0.99988418 	0.99435602 	0.99765985 	0.98072990 	0.99991457 	
0.99466380 	0.99972089 	0.99965767 	0.99700305 	0.99883733 	0.99616123 	0.99746190 	0.99624164 	0.29902182 	0.98446903 	0.99520320 	0.99988418 	0.99435602 	0.99765985 	0.98072990 	0.99991457 	
0.99466380 	0.99972089 	0.99965767 	0.99700305 	0.99883733 	0.99616123 	0.99758892 	0.99624164 	0.29902182 	0.98446903 	0.99520320 	0.99988418 	0.99435602 	0.99765985 	0.98072990 	0.99991457 	
0.99466380 	0.99972089 	0.99965767 	0.99700305 	0.99883733 	0.99616123 	0.99758892 	0.99733833 	0.29902182 	0.98446903 	0.99520320 	0.99988418 	0.99435602 	0.99765985 	0.98072990 	0.99991457 	
0.99466380 	0.99972089 	0.99965767 	0.99700305 	0.99883733 	0.99616123 	0.99758892 	0.99733833 	0.29902182 	0.98446903 	0.99520320 	0.99988418 	0.99435602 	0.99765985 	0.98072990 	0.99991457 	
0.99466380 	0.99972089 	0.99965767 	0.99700305 	0.99883733 	0.99616123 	0.99758892 	0.99733833 	0.29902182 	0.99005483 	0.99520320 	0.99988418 	0.99435602 	0.99765985 	0.98072990 	0.99991457 	
0.99466380 	0.99972089 	0.99965767 	0.99700305 	0.99883733 	0.99616123 	0.99758892 	0.99733833 	0.29902182 	0.99005483 	0.99910926 	0.99988418 	0.99435602 	0.99765985 	0.98072990 	0.99991457 	
0.99466380 	0.99972089 	0.99965767 	0.99700305 	0.99883733 	0.99616123 	0.99758892 	0.99733833 	0.29902182 	0.99005483 	0.99910926 	0.99988418 	0.99435602 	0.99765985 	0.98072990 	0.99991457 	
0.99466380 	0.99972089 	0.99965767 	0.99700305 	0.99883733 	0.99616123 	0.99758892 	0.99733833 	0.29902182 	0.99005483 	0.99910926 	0.99988418 	0.99859595 	0.99765985 	0.98072990 	0.99991457 	
0.99466380 	0.99972089 	0.99965767 	0.99700305 	0.99883733 	0.99616123 	0.99758892 	0.99733833 	0.29902182 	0.99005483 	0.99910926 	0.99988418 	0.99859595 	0.99900721 	0.98072990 	0.99991457 	
0.99466380 	0.99972089 	0.99965767 	0.99700305 	0.99883733 	0.99616123 	0.99758892 	0.99733833 	0.29902182 	0.99005483 	0.99910926 	0.99988418 	0.99859595 	0.99900721 	0.98072990 	0.99991457 	
0.99466380 	0.99972089 	0.99965767 	0.99700305 	0.99883733 	0.99616123 	0.99758892 	0.99733833 	0.29902182 	0.99005483 	0.99910926 	0.99988418 	0.99859595 	0.99900721 	0.98072990 	0.99994951 	
0.99631531 	0.99972089 	0.99965767 	0.99700305 	0.99883733 	0.99616123 	0.99758892 	0.99733833 	0.29902182 	0.99005483 	0.99910926 	0.99988418 	0.99859595 	0.99900721 	0.98072990 	0.99994951 	
0.99631531 	0.99995094 	0.99965767 	0.99700305 	0.99883733 	0.99616123 	0.99758892 	0.99733833 	0.29902182 	0.99005483 	0.99910926 	0.99988418 	0.99859595 	0.99900721 	0.98072990 	0.99994951 	
0.99631531 	0.99995094 	0.99965767 	0.99700305 	0.99883733 	0.99616123 	0.99758892 	0.99733833 	0.29902182 	0.99005483 	0.99910926 	0.99988418 	0.99859595 	0.99900721 	0.98072990 	0.99994951 	
0.99631531 	0.99995094 	0.99965767 	0.99827660 	0.99883733 	0.99616123 	0.99758892 	0.99733833 	0.29902182 	0.99005483 	0.99910926 	0.99988418 	0.99859595 	0.99900721 	0.98072990 	0.99994951 	
0.99631531 	0.99995094 	0.99965767 	0.99827660 	0.99883733 	0.99616123 	0.99758892 	0.99733833 	0.29902182 	0.99005483 	0.99910926 	0.99988418 	0.99859595 	0.99900721 	0.98072990 	0.99994951 	
0.99631531 	0.99995094 	0.99965767 	0.99827660 	0.99883733 	0.99439775 	0.99758892 	0.99733833 	0.29902182 	0.99005483 	0.99910926 	0.99988418 	0.99859595 	0.99900721 	0.98072990 	0.99994951 	
0.99631531 	0.99995094 	0.99965767 	0.99827660 	0.99883733 	0.99439775 	0.99961281 	0.99733833 	0.29902182 	0.99005483 	0.99910926 	0.99988418 	0.99859595 	0.99900721 	0.98072990 	0.99994951 	
0.99631531 	0.99995094 	0.99965767 	0.99827660 	0.99883733 	0.99439775 	0.99961281 	0.99855493 	0.29902182 	0.99005483 	0.99910926 	0.99988418 	0.99859595 	0.99900721 	0.98072990 	0.99994951 	
0.99631531 	0.99995094 	0.99965767 	0.99827660 	0.99883733 	0.99439775 	0.99961281 	0.99855493 	0.29785071 	0.99005483 	0.99910926 	0.99988418 	0.99859595 	0.99900721 	0.98072990 	0.99994951 	
0.99631531 	0.99995094 	0.99965767 	0.99827660 	0.99883733 	0.99439775 	0.99961281 	0.99855493 	0.29785071 	0.99584157 	0.99910926 	0.99988418 	0.99859595 	0.99900721 	0.98072990 	0.99994951 	
0.99631531 	0.99995094 	0.99965767 	0.99827660 	0.99883733 	0.99439775 	0.99961281 	0.99855493 	0.29785071 	0.99584157 	0.99929660 	0.99988418 	0.99859595 	0.99900721 	0.98072990 	0.99994951 	
0.99631531 	0.99995094 	0.99965767 	0.99827660 	0.99883733 	0.99439775 	0.99961281 	0.99855493 	0.29785071 	0.99584157 	0.99929660 	0.99999756 	0.99859595 	0.99900721 	0.98072990 	0.99994951 	
0.99631531 	0.99995094 	0.99965767 	0.99827660 	0.99883733 	0.99439775 	0.99961281 	0.99855493 	0.29785071 	0.99584157 	0.99929660 	0.99999756 	0.99859595 	0.99900721 	0.98072990 	0.99994951 	
0.99631531 	0.99995094 	0.99965767 	0.99827660 	0.99883733 	0.99439775 	0.99961281 	0.99855493 	0.29785071 	0.99584157 	0.99929660 	0.99999756 	0.99859595 	0.99963131 	0.98072990 	0.99994951 	
0.99631531 	0.99995094 	0.99965767 	0.99827660 	0.99883733 	0.99439775 	0.99961281 	0.99855493 	0.29785071 	0.99584157 	0.99929660 	0.99999756 	0.99859595 	0.99963131 	0.98076129 	0.99994951 	
0.99631531 	0.99995094 	0.99965767 	0.99827660 	0.99883733 	0.99439775 	0.99961281 	0.99855493 	0.29785071 	0.99584157 	0.99929660 	0.99999756 	0.99859595 	0.99963131 	0.98076129 	0.99997373 	
0.99881629 	0.99995094 	0.99965767 	0.99827660 	0.99883733 	0.99439775 	0.99961281 	0.99855493 	0.29785071 	0.99584157 	0.99929660 	0.99999756 	0.99859595 	0.99963131 	0.98076129 	0.99997373 	
0.99881629 	0.99998612 	0.99965767 	0.99827660 	0.99883733 	0.99439775 	0.99961281 	0.99855493 	0.29785071 	0.99584157 	0.99929660 	0.99999756 	0.99859595 	0.99963131 	0.98076129 	0.99997373 	
0.99881629 	0.99998612 	0.99984956 	0.99827660 	0.99883733 	0.99439775 	0.99961281 	0.99855493 	0.29785071 	0.99584157 	0.99929660 	0.99999756 	0.99859595 	0.99963131 	0.98076129 	0.99997373 	
0.99881629 	0.99998612 	0.99984956 	0.99889401 	0.99883733 	0.99439775 	0.99961281 	0.99855493 	0.29785071 	0.99584157 	0.99929660 	0.99999756 	0.99859595 	0.99963131 	0.98076129 	0.99997373 	
0.99881629 	0.99998612 	0.99984956 	0.99889401 	0.99896555 	0.99439775 	0.99961281 	0.99855493 	0.29785071 	0.99584157 	0.99929660 	0.99999756 	0.99859595 	0.99963131 	0.98076129 	0.99997373 	
0.99881629 	0.99998612 	0.99984956 	0.99889401 	0.99896555 	0.99355839 	0.99961281 	0.99855493 	0.29785071 	0.99584157 	0.99929660 	0.99999756 	0.99859595 	0.99963131 	0.98076129 	0.99997373 	
0.99881629 	0.99998612 	0.99984956 	0.99889401 	0.99896555 	0.99355839 	0.99961281 	0.99855493 	0.29785071 	0.99584157 	0.99929660 	0.99999756 	0.99859595 	0.99963131 	0.98076129 	0.99997373 	
0.99881629 	0.99998612 	0.99984956 	0.99889401 	0.99896555 	0.99355839 	0.99961281 	0.99975137 	0.29785071 	0.99584157 	0.99929660 	0.99999756 	0.99859595 	0.99963131 	0.98076129 	0.99997373 	
0.99881629 	0.99998612 	0.99984956 	0.99889401 	0.99896555 	0.99355839 	0.99961281 	0.99975137 	0.29785071 	0.99584157 	0.99929660 	0.99999756 	0.99859595 	0.99963131 	0.98076129 	0.99997373 	
0.99881629 	0.99998612 	0.99984956 	0.99889401 	0.99896555 	0.99355839 	0.99961281 	0.99975137 	0.29785071 	0.99867867 	0.99929660 	0.99999756 	0.99859595 	0.99963131 	0.98076129 	0.99997373 	
0.99881629 	0.99998612 	0.99984956 	0.99889401 	0.99896555 	0.99355839 	0.99961281 	0.99975137 	0.29785071 	0.99867867 	0.99995264 	0.99999756 	0.99859595 	0.99963131 	0.98076129 	0.99997373 	
0.99881629 	0.99998612 	0.99984956 	0.99889401 	0.99896555 	0.99355839 	0.99961281 	0.99975137 	0.29785071 	0.99867867 	0.99995264 	0.99999756 	0.99859595 	0.99963131 	0.98076129 	0.99997373 	
0.99881629 	0.99998612 	0.99984956 	0.99889401 	0.99896555 	0.99355839 	0.99961281 	0.99975137 	0.29785071 	0.99867867 	0.99995264 	0.99999756 	0.99993137 	0.99963131 	0.98076129 	0.99997373 	
0.99881629 	0.99998612 	0.99984956 	0.99889401 	0.99896555 	0.99355839 	0.99961281 	0.99975137 	0.29785071 	0.99867867 	0.99995264 	0.99999756 	0.99993137 	0.99973470 	0.98076129 	0.99997373 	
0.99881629 	0.99998612 	0.99984956 	0.99889401 	0.99896555 	0.99355839 	0.99961281 	0.99975137 	0.29785071 	0.99867867 	0.99995264 	0.99999756 	0.99993137 	0.99973470 	0.98076129 	0.99997373 	
0.99881629 	0.99998612 	0.99984956 	0.99889401 	0.99896555 	0.99355839 	0.99961281 	0.99975137 	0.29785071 	0.99867867 	0.99995264 	0.99999756 	0.99993137 	0.99973470 	0.98076129 	0.99997373 	
0.99956467 	0.99998612 	0.99984956 	0.99889401 	0.99896555 	0.99355839 	0.99961281 	0.99975137 	0.29785071 	0.99867867 	0.99995264 	0.99999756 	0.99993137 	0.99973470 	0.98076129 	0.99997373 	
0.99956467 	0.99998612 	0.99984956 	0.99889401 	0.99896555 	0.99355839 	0.99961281 	0.99975137 	0.29785071 	0.99867867 	0.99995264 	0.99999756 	0.99993137 	0.99973470 	0.98076129 	0.99997373 	
0.99956467 	0.99998612 	0.99984956 	0.99889401 	0.99896555 	0.99355839 	0.99961281 	0.99975137 	0.29785071 	0.99867867 	0.99995264 	0.99999756 	0.99993137 	0.99973470 	0.98076129 	0.99997373 	
0.99956467 	0.99998612 	0.99984956 	0.99890745 	0.99896555 	0.99355839 	0.99961281 	0.99975137 	0.29785071 	0.99867867 	0.99995264 	0.99999756 	0.99993137 	0.99973470 	0.98076129 	0.99997373 	
0.99956467 	0.99998612 	0.99984956 	0.99890745 	0.99917608 	0.99355839 	0.99961281 	0.99975137 	0.29785071 	0.99867867 	0.99995264 	0.99999756 	0.99993137 	0.99973470 	0.98076129 	0.99997373 	
0.99956467 	0.99998612 	0.99984956 	0.99890745 	0.99917608 	0.99355839 	0.99961281 	0.99975137 	0.29785071 	0.99867867 	0.99995264 	0.99999756 	0.99993137 	0.99973470 	0.98076129 	0.99997373 	
0.99956467 	0.99998612 	0.99984956 	0.99890745 	0.99917608 	0.99355839 	0.99961281 	0.99975137 	0.29785071 	0.99867867 	0.99995264 	0.99999756 	0.99993137 	0.99973470 	0.98076129 	0.99997373 	
0.99956467 	0.99998612 	0.99984956 	0.99890745 	0.99917608 	0.99355839 	0.99961281 	0.99978491 	0.29785071 	0.99867867 	0.99995264 	0.99999756 	0.99993137 	0.99973470 	0.98076129 	0.99997373 	
0.99956467 	0.99998612 	0.99984956 	0.99890745 	0.99917608 	0.99355839 	0.99961281 	0.99978491 	0.29785071 	0.99867867 	0.99995264 	0.99999756 	0.99993137 	0.99973470 	0.98076129 	0.99997373 	
0.99956467 	0.99998612 	0.99984956 	0.99890745 	0.99917608 	0.99355839 	0.99961281 	0.99978491 	0.29785071 	0.99963167 	0.99995264 	0.99999756 	0.99993137 	0.99973470 	0.98076129 	0.99997373 	
0.99956467 	0.99998612 	0.99984956 	0.99890745 	0.99917608 	0.99355839 	0.99961281 	0.99978491 	0.29785071 	0.99963167 	0.99995264 	0.99999756 	0.99993137 	0.99973470 	0.98076129 	0.99997373 	
0.99956467 	0.99998612 	0.99984956 	0.99890745 	0.99917608 	0.99355839 	0.99961281 	0.99978491 	0.29785071 	0.99963167 	0.99995264 	0.99999756 	0.99993137 	0.99973470 	0.98076129 	0.99997373 	
0.99956467 	0.99998612 	0.99984956 	0.99890745 	0.99917608 	0.99355839 	0.99961281 	0.99978491 	0.29785071 	0.99963167 	0.99995264 	0.99999756 	0.99993137 	0.99973470 	0.98076129 	0.99997373 	
0.99956467 	0.99998612 	0.99984956 	0.99890745 	0.99917608 	0.99355839 	0.99961281 	0.99978491 	0.29785071 	0.99963167 	0.99995264 	0.99999756 	0.99993137 	0.99982585 	0.98076129 	0.99997373 	
0.99956467 	0.99998612 	0.99984956 	0.99890745 	0.99917608 	0.99355839 	0.99961281 	0.99978491 	0.29785071 	0.99963167 	0.99995264 	0.99999756 	0.99993137 	0.99982585 	0.98076129 	0.99997373 	
0.99956467 	0.99998612 	0.99984956 	0.99890745 	0.99917608 	0.99355839 	0.99961281 	0.99978491 	0.29785071 	0.99963167 	0.99995264 	0.99999756 	0.99993137 	0.99982585 	0.98076129 	0.99997373 	
0.99990000 	0.99998612 	0.99984956 	0.99890745 	0.99917608 	0.99355839 	0.99961281 	0.99978491 	0.29785071 	0.99963167 	0.99995264 	0.99999756 	0.99993137 	0.99982585 	0.98076129 	0.99997373 	
0.99990000 	0.99998612 	0.99984956 	0.99890745 	0.99917608 	0.99355839 	0.99961281 	0.99978491 	0.29785071 	0.99963167 	0.99995264 	0.99999756 	0.99993137 	0.99982585 	0.98076129 	0.99997373 	
0.99990000 	0.99998612 	0.99984956 	0.99890745 	0.99917608 	0.99355839 	0.99961281 	0.99978491 	0.29785071 	0.99963167 	0.99995264 	0.99999756 	0.99993137 	0.99982585 	0.98076129 	0.99997373 	
0.99990000 	0.99998612 	0.99984956 	0.99945521 	0.99917608 	0.99355839 	0.99961281 	0.99978491 	0.29785071 	0.99963167 	0.99995264 	0.99999756 	0.99993137 	0.99982585 	0.98076129 	0.99997373 	
0.99990000 	0.99998612 	0.99984956 	0.99945521 	0.99955383 	0.99355839 	0.99961281 	0.99978491 	0.29785071 	0.99963167 	0.99995264 	0.99999756 	0.99993137 	0.99982585 	0.98076129 	0.99997373 	
0.99990000 	0.99998612 	0.99984956 	0.99945521 	0.99955383 	0.99355839 	0.99961281 	0.99978491 	0.29785071 	0.99963167 	0.99995264 	0.99999756 	0.99993137 	0.99982585 	0.98076129 	0.99997373 	
0.99990000 	0.99998612 	0.99984956 	0.99945521 	0.99955383 	0.99355839 	0.99967095 	0.99978491 	0.29785071 	0.99963167 	0.99995264 	0.99999756 	0.99993137 	0.99982585 	0.98076129 	0.99997373 	
0.99990000 	0.99998612 	0.99984956 	0.99945521 	0.99955383 	0.99355839 	0.99967095 	0.99978491 	0.29785071 	0.99963167 	0.99995264 	0.99999756 	0.99993137 	0.99982585 	0.98076129 	0.99997373 	
0.99990000 	0.99998612 	0.99984956 	0.99945521 	0.99955383 	0.99355839 	0.99967095 	0.99978491 	0.29785071 	0.99963167 	0.99995264 	0.99999756 	0.99993137 	0.99982585 	0.98076129 	0.99997373 	
0.99990000 	0.99998612 	0.99984956 	0.99945521 	0.99955383 	0.99355839 	0.99967095 	0.99978491 	0.29785071 	0.99965130 	0.99995264 	0.99999756 	0.99993137 	0.99982585 	0.98076129 	0.99997373 	
0.99990000 	0.99998612 	0.99984956 	0.99945521 	0.99955383 	0.99355839 	0.99967095 	0.99978491 	0.29785071 	0.99965130 	0.99995820 	0.99999756 	0.99993137 	0.99982585 	0.98076129 	0.99997373 	
0.99990000 	0.99998612 	0.99984956 	0.99945521 	0.99955383 	0.99355839 	0.99967095 	0.99978491 	0.29785071 	0.99965130 	0.99995820 	0.99999756 	0.99993137 	0.99982585 	0.98076129 	0.99997373 	
0.99990000 	0.99998612 	0.99984956 	0.99945521 	0.99955383 	0.99355839 	0.99967095 	0.99978491 	0.29785071 	0.99965130 	0.99995820 	0.99999756 	0.99993137 	0.99982585 	0.98076129 	0.99997373 	
0.99990000 	0.99998612 	0.99984956 	0.99945521 	0.99955383 	0.99355839 	0.99967095 	0.99978491 	0.29785071 	0.99965130 	0.99995820 	0.99999756 	0.99993137 	0.99985850 	0.98076129 	0.99997373 	
0.99990000 	0.99998612 	0.99984956 	0.99945521 	0.99955383 	0.99355839 	0.99967095 	0.99978491 	0.29785071 	0.99965130 	0.99995820 	0.99999756 	0.99993137 	0.99985850 	0.98327455 	0.99997373 	
0.99990000 	0.99998612 	0.99984956 	0.99945521 	0.99955383 	0.99355839 	0.99967095 	0.99978491 	0.29785071 	0.99965130 	0.99995820 	0.99999756 	0.99993137 	0.99985850 	0.98327455 	0.99997373 	
0.99990000 	0.99998612 	0.99984956 	0.99945521 	0.99955383 	0.99355839 	0.99967095 	0.99978491 	0.29785071 	0.99965130 	0.99995820 	0.99999756 	0.99993137 	0.99985850 	0.98327455 	0.99997373 	
0.99990000 	0.99999872 	0.99984956 	0.99945521 	0.99955383 	0.99355839 	0.99967095 	0.99978491 	0.29785071 	0.99965130 	0.99995820 	0.99999756 	0.99993137 	0.99985850 	0.98327455 	0.99997373 	
0.99990000 	0.99999872 	0.99984956 	0.99945521 	0.99955383 	0.99355839 	0.99967095 	0.99978491 	0.29785071 	0.99965130 	0.99995820 	0.99999756 	0.99993137 	0.99985850 	0.98327455 	0.99997373 	
0.99990000 	0.99999872 	0.99984956 	0.99929491 	0.99955383 	0.99355839 	0.99967095 	0.99978491 	0.29785071 	0.99965130 	0.99995820 	0.99999756 	0.99993137 	0.99985850 	0.98327455 	0.99997373 	
0.99990000 	0.99999872 	0.99984956 	0.99929491 	0.99955383 	0.99355839 	0.99967095 	0.99978491 	0.29785071 	0.99965130 	0.99995820 	0.99999756 	0.99993137 	0.99985850 	0.98327455 	0.99997373 	
0.99990000 	0.99999872 	0.99984956 	0.99929491 	0.99955383 	0.99350771 	0.99967095 	0.99978491 	0.29785071 	0.99965130 	0.99995820 	0.99999756 	0.99993137 	0.99985850 	0.98327455 	0.99997373 	
0.99990000 	0.99999872 	0.99984956 	0.99929491 	0.99955383 	0.99350771 	0.99987046 	0.99978491 	0.29785071 	0.99965130 	0.99995820 	0.99999756 	0.99993137 	0.99985850 	0.98327455 	0.99997373 	
0.99990000 	0.99999872 	0.99984956 	0.99929491 	0.99955383 	0.99350771 	0.99987046 	0.99988421 	0.29785071 	0.99965130 	0.99995820 	0.99999756 	0.99993137 	0.99985850 	0.98327455 	0.99997373 	
0.99990000 	0.99999872 	0.99984956 	0.99929491 	0.99955383 	0.99350771 	0.99987046 	0.99988421 	0.29778403 	0.99965130 	0.99995820 	0.99999756 	0.99993137 	0.99985850 	0.98327455 	0.99997373 	
0.99990000 	0.99999872 	0.99984956 	0.99929491 	0.99955383 	0.99350771 	0.99987046 	0.99988421 	0.29778403 	0.99983259 	0.99995820 	0.99999756 	0.99993137 	0.99985850 	0.98327455 	0.99997373 	
0.99990000 	0.99999872 	0.99984956 	0.99929491 	0.99955383 	0.99350771 	0.99987046 	0.99988421 	0.29778403 	0.99983259 	0.99997242 	0.99999756 	0.99993137 	0.99985850 	0.98327455 	0.99997373 	
0.99990000 	0.99999872 	0.99984956 	0.99929491 	0.99955383 	0.99350771 	0.99987046 	0.99988421 	0.29778403 	0.99983259 	0.99997242 	0.99999756 	0.99993137 	0.99985850 	0.98327455 	0.99997373 	
0.99990000 	0.99999872 	0.99984956 	0.99929491 	0.99955383 	0.99350771 	0.99987046 	0.99988421 	0.29778403 	0.99983259 	0.99997242 	0.99999756 	0.99993137 	0.99985850 	0.98327455 	0.99997373 	
0.99990000 	0.99999872 	0.99984956 	0.99929491 	0.99955383 	0.99350771 	0.99987046 	0.99988421 	0.29778403 	0.99983259 	0.99997242 	0.99999756 	0.99993137 	0.99989581 	0.98327455 	0.99997373 	
0.99990000 	0.99999872 	0.99984956 	0.99929491 	0.99955383 	0.99350771 	0.99987046 	0.99988421 	0.29778403 	0.99983259 	0.99997242 	0.99999756 	0.99993137 	0.99989581 	0.98192972 	0.99997373 	
0.99990000 	0.99999872 	0.99984956 	0.99929491 	0.99955383 	0.99350771 	0.99987046 	0.99988421 	0.29778403 	0.99983259 	0.99997242 	0.99999756 	0.99993137 	0.99989581 	0.98192972 	0.99997373 	
0.99993779 	0.99999872 	0.99984956 	0.99929491 	0.99955383 	0.99350771 	0.99987046 	0.99988421 	0.29778403 	0.99983259 	0.99997242 	0.99999756 	0.99993137 	0.99989581 	0.98192972 	0.99997373 	
0.99993779 	0.99999874 	0.99984956 	0.99929491 	0.99955383 	0.99350771 	0.99987046 	0.99988421 	0.29778403 	0.99983259 	0.99997242 	0.99999756 	0.99993137 	0.99989581 	0.98192972 	0.99997373 	
0.99993779 	0.99999874 	0.99996741 	0.99929491 	0.99955383 	0.99350771 	0.99987046 	0.99988421 	0.29778403 	0.99983259 	0.99997242 	0.99999756 	0.99993137 	0.99989581 	0.98192972 	0.99997373 	
0.99993779 	0.99999874 	0.99996741 	0.99929491 	0.99955383 	0.99350771 	0.99987046 	0.99988421 	0.29778403 	0.99983259 	0.99997242 	0.99999756 	0.99993137 	0.99989581 	0.98192972 	0.99997373 	
0.99993779 	0.99999874 	0.99996741 	0.99929491 	0.99993143 	0.99350771 	0.99987046 	0.99988421 	0.29778403 	0.99983259 	0.99997242 	0.99999756 	0.99993137 	0.99989581 	0.98192972 	0.99997373 	
0.99993779 	0.99999874 	0.99996741 	0.99929491 	0.99993143 	0.99355354 	0.99987046 	0.99988421 	0.29778403 	0.99983259 	0.99997242 	0.99999756 	0.99993137 	0.99989581 	0.98192972 	0.99997373 	
0.99993779 	0.99999874 	0.99996741 	0.99929491 	0.99993143 	0.99355354 	0.99991189 	0.99988421 	0.29778403 	0.99983259 	0.99997242 	0.99999756 	0.99993137 	0.99989581 	0.98192972 	0.99997373 	
0.99993779 	0.99999874 	0.99996741 	0.99929491 	0.99993143 	0.99355354 	0.99991189 	0.99988421 	0.29778403 	0.99983259 	0.99997242 	0.99999756 	0.99993137 	0.99989581 	0.98192972 	0.99997373 	
0.99993779 	0.99999874 	0.99996741 	0.99929491 	0.99993143 	0.99355354 	0.99991189 	0.99988421 	0.29778403 	0.99983259 	0.99997242 	0.99999756 	0.99993137 	0.99989581 	0.98192972 	0.99997373 	
0.99993779 	0.99999874 	0.99996741 	0.99929491 	0.99993143 	0.99355354 	0.99991189 	0.99988421 	0.29778403 	0.99999730 	0.99997242 	0.99999756 	0.99993137 	0.99989581 	0.98192972 	0.99997373 	
0.99993779 	0.99999874 	0.99996741 	0.99929491 	0.99993143 	0.99355354 	0.99991189 	0.99988421 	0.29778403 	0.99999730 	0.99998633 	0.99999756 	0.99993137 	0.99989581 	0.98192972 	0.99997373 	
0.99993779 	0.99999874 	0.99996741 	0.99929491 	0.99993143 	0.99355354 	0.99991189 	0.99988421 	0.29778403 	0.99999730 	0.99998633 	0.99999756 	0.99993137 	0.99989581 	0.98192972 	0.99997373 	
0.99993779 	0.99999874 	0.99996741 	0.99929491 	0.99993143 	0.99355354 	0.99991189 	0.99988421 	0.29778403 	0.99999730 	0.99998633 	0.99999756 	0.99993137 	0.99989581 	0.98192972 	0.99997373 	
0.99993779 	0.99999874 	0.99996741 	0.99929491 	0.99993143 	0.99355354 	0.99991189 	0.99988421 	0.29778403 	0.99999730 	0.99998633 	0.99999756 	0.99993137 	0.99989581 	0.98192972 	0.99997373 	
0.99993779 	0.99999874 	0.99996741 	0.99929491 	0.99993143 	0.99355354 	0.99991189 	0.99988421 	0.29778403 	0.99999730 	0.99998633 	0.99999756 	0.99993137 	0.99989581 	0.98192972 	0.99997373 	
0.99993779 	0.99999874 	0.99996741 	0.99929491 	0.99993143 	0.99355354 	0.99991189 	0.99988421 	0.29778403 	0.99999730 	0.99998633 	0.99999756 	0.99993137 	0.99989581 	0.98192972 	0.99997373 	
0.99999724 	0.99999874 	0.99996741 	0.99929491 	0.99993143 	0.99355354 	0.99991189 	0.99988421 	0.29778403 	0.99999730 	0.99998633 	0.99999756 	0.99993137 	0.99989581 	0.98192972 	0.99997373 	
0.99999724 	0.99999874 	0.99996741 	0.99929491 	0.99993143 	0.99355354 	0.99991189 	0.99988421 	0.29778403 	0.99999730 	0.99998633 	0.99999756 	0.99993137 	0.99989581 	0.98192972 	0.99997373 	
0.99999724 	0.99999874 	0.99996741 	0.99929491 	0.99993143 	0.99355354 	0.99991189 	0.99988421 	0.29778403 	0.99999730 	0.99998633 	0.99999756 	0.99993137 	0.99989581 	0.98192972 	0.99997373 	
0.99999724 	0.99999874 	0.99996741 	0.99929491 	0.99993143 	0.99355354 	0.99991189 	0.99988421 	0.29778403 	0.99999730 	0.99998633 	0.99999756 	0.99993137 	0.99989581 	0.98192972 	0.99997373 	
0.99999724 	0.99999874 	0.99996741 	0.99929491 	0.99993143 	0.99355354 	0.99991189 	0.99988421 	0.29778403 	0.99999730 	0.99998633 	0.99999756 	0.99993137 	0.99989581 	0.98192972 	0.99997373 	
0.99999724 	0.99999874 	0.99996741 	0.99929491 	0.99993143 	0.99355354 	0.99991189 	0.99988421 	0.29778403 	0.99999730 	0.99998633 	0.99999756 	0.99993137 	0.99989581 	0.98192972 	0.99997373 	
0.99999724 	0.99999874 	0.99996741 	0.99929491 	0.99993143 	0.99355354 	0.99991203 	0.99988421 	0.29778403 	0.99999730 	0.99998633 	0.99999756 	0.99993137 	0.99989581 	0.98192972 	0.99997373 	
0.99999724 	0.99999874 	0.99996741 	0.99929491 	0.99993143 	0.99355354 	0.99991203 	0.99994125 	0.29778403 	0.99999730 	0.99998633 	0.99999756 	0.99993137 	0.99989581 	0.98192972 	0.99997373 	
0.99999724 	0.99999874 	0.99996741 	0.99929491 	0.99993143 	0.99355354 	0.99991203 	0.99994125 	0.29778403 	0.99999730 	0.99998633 	0.99999756 	0.99993137 	0.99989581 	0.98192972 	0.99997373 	
0.99999724 	0.99999874 	0.99996741 	0.99929491 	0.99993143 	0.99355354 	0.99991203 	0.99994125 	0.29778403 	0.99999839 	0.99998633 	0.99999756 	0.99993137 	0.99989581 	0.98192972 	0.99997373 	
0.99999724 	0.99999874 	0.99996741 	0.99929491 	0.99993143 	0.99355354 	0.99991203 	0.99994125 	0.29778403 	0.99999839 	0.99999315 	0.99999756 	0.99993137 	0.99989581 	0.98192972 	0.99997373 	
0.99999724 	0.99999874 	0.99996741 	0.99929491 	0.99993143 	0.99355354 	0.99991203 	0.99994125 	0.29778403 	0.99999839 	0.99999315 	0.99999756 	0.99993137 	0.99989581 	0.98192972 	0.99997373 	
0.99999724 	0.99999874 	0.99996741 	0.99929491 	0.99993143 	0.99355354 	0.99991203 	0.99994125 	0.29778403 	0.99999839 	0.99999315 	0.99999756 	0.99996965 	0.99989581 	0.98192972 	0.99997373 	
0.99999724 	0.99999874 	0.99996741 	0.99929491 	0.99993143 	0.99355354 	0.99991203 	0.99994125 	0.29778403 	0.99999839 	0.99999315 	0.99999756 	0.99996965 	0.99993203 	0.98192972 	0.99997373 	
0.99999724 	0.99999874 	0.99996741 	0.99929491 	0.99993143 	0.99355354 	0.99991203 	0.99994125 	0.29778403 	0.99999839 	0.99999315 	0.99999756 	0.99996965 	0.99993203 	0.98192972 	0.99997373 	
0.99999724 	0.99999874 	0.99996741 	0.99929491 	0.99993143 	0.99355354 	0.99991203 	0.99994125 	0.29778403 	0.99999839 	0.99999315 	0.99999756 	0.99996965 	0.99993203 	0.98192972 	0.99997373 	
0.99999814 	0.99999874 	0.99996741 	0.99929491 	0.99993143 	0.99355354 	0.99991203 	0.99994125 	0.29778403 	0.99999839 	0.99999315 	0.99999756 	0.99996965 	0.99993203 	0.98192972 	0.99997373 	
0.99999814 	0.99999874 	0.99996741 	0.99929491 	0.99993143 	0.99355354 	0.99991203 	0.99994125 	0.29778403 	0.99999839 	0.99999315 	0.99999756 	0.99996965 	0.99993203 	0.98192972 	0.99997373 	
0.99999814 	0.99999874 	0.99999773 	0.99929491 	0.99993143 	0.99355354 	0.99991203 	0.99994125 	0.29778403 	0.99999839 	0.99999315 	0.99999756 	0.99996965 	0.99993203 	0.98192972 	0.99997373 	
0.99999814 	0.99999874 	0.99999773 	0.99929491 	0.99993143 	0.99355354 	0.99991203 	0.99994125 	0.29778403 	0.99999839 	0.99999315 	0.99999756 	0.99996965 	0.99993203 	0.98192972 	0.99997373 	
0.99999814 	0.99999874 	0.99999773 	0.99929491 	0.99993979 	0.99355354 	0.99991203 	0.99994125 	0.29778403 	0.99999839 	0.99999315 	0.99999756 	0.99996965 	0.99993203 	0.98192972 	0.99997373 	
0.99999814 	0.99999874 	0.99999773 	0.99929491 	0.99993979 	0.99353236 	0.99991203 	0.99994125 	0.29778403 	0.99999839 	0.99999315 	0.99999756 	0.99996965 	0.99993203 	0.98192972 	0.99997373 	
0.99999814 	0.99999874 	0.99999773 	0.99929491 	0.99993979 	0.99353236 	0.99992556 	0.99994125 	0.29778403 	0.99999839 	0.99999315 	0.99999756 	0.99996965 	0.99993203 	0.98192972 	0.99997373 	
0.99999814 	0.99999874 	0.99999773 	0.99929491 	0.99993979 	0.99353236 	0.99992556 	0.99994125 	0.29778403 	0.99999839 	0.99999315 	0.99999756 	0.99996965 	0.99993203 	0.98192972 	0.99997373 	
0.99999814 	0.99999874 	0.99999773 	0.99929491 	0.99993979 	0.99353236 	0.99992556 	0.99994125 	0.29778403 	0.99999839 	0.99999315 	0.99999756 	0.99996965 	0.99993203 	0.98192972 	0.99997373 	
0.99999814 	0.99999874 	0.99999773 	0.99929491 	0.99993979 	0.99353236 	0.99992556 	0.99994125 	0.29778403 	0.99999839 	0.99999315 	0.99999756 	0.99996965 	0.99993203 	0.98192972 	0.99997373 	
0.99999814 	0.99999874 	0.99999773 	0.99929491 	0.99993979 	0.99353236 	0.99992556 	0.99994125 	0.29778403 	0.99999839 	0.99999315 	0.99999756 	0.99996965 	0.99993203 	0.98192972 	0.99997373 	
0.99999814 	0.99999874 	0.99999773 	0.99929491 	0.99993979 	0.99353236 	0.99992556 	0.99994125 	0.29778403 	0.99999839 	0.99999315 	0.99999764 	0.99996965 	0.99993203 	0.98192972 	0.99997373 	
0.99999814 	0.99999874 	0.99999773 	0.99929491 	0.99993979 	0.99353236 	0.99992556 	0.99994125 	0.29778403 	0.99999839 	0.99999315 	0.99999764 	0.99999423 	0.99993203 	0.98192972 	0.99997373 	
0.99999814 	0.99999874 	0.99999773 	0.99929491 	0.99993979 	0.99353236 	0.99992556 	0.99994125 	0.29778403 	0.99999839 	0.99999315 	0.99999764 	0.99999423 	0.99995893 	0.98192972 	0.99997373 	
0.99999814 	0.99999874 	0.99999773 	0.99929491 	0.99993979 	0.99353236 	0.99992556 	0.99994125 	0.29778403 	0.99999839 	0.99999315 	0.99999764 	0.99999423 	0.99995893 	0.98192972 	0.99997373 	
0.99999814 	0.99999874 	0.99999773 	0.99929491 	0.99993979 	0.99353236 	0.99992556 	0.99994125 	0.29778403 	0.99999839 	0.99999315 	0.99999764 	0.99999423 	0.99995893 	0.98192972 	0.99998738 	
0.99999814 	0.99999874 	0.99999773 	0.99929491 	0.99993979 	0.99353236 	0.99992556 	0.99994125 	0.29778403 	0.99999839 	0.99999315 	0.99999764 	0.99999423 	0.99995893 	0.98192972 	0.99998738 	
0.99999814 	0.99999874 	0.99999773 	0.99929491 	0.99993979 	0.99353236 	0.99992556 	0.99994125 	0.29778403 	0.99999839 	0.99999315 	0.99999764 	0.99999423 	0.99995893 	0.98192972 	0.99998738 	
0.99999814 	0.99999874 	0.99999773 	0.99929491 	0.99993979 	0.99353236 	0.99992556 	0.99994125 	0.29778403 	0.99999839 	0.99999315 	0.99999764 	0.99999423 	0.99995893 	0.98192972 	0.99998738 	
0.99999814 	0.99999874 	0.99999773 	0.99929491 	0.99993979 	0.99353236 	0.99992556 	0.99994125 	0.29778403 	0.99999839 	0.99999315 	0.99999764 	0.99999423 	0.99995893 	0.98192972 	0.99998738 	
0.99999814 	0.99999874 	0.99999773 	0.99929491 	0.99993987 	0.99353236 	0.99992556 	0.99994125 	0.29778403 	0.99999839 	0.99999315 	0.99999764 	0.99999423 	0.99995893 	0.98192972 	0.99998738 	
0.99999814 	0.99999874 	0.99999773 	0.99929491 	0.99993987 	0.99353236 	0.99992556 	0.99994125 	0.29778403 	0.99999839 	0.99999315 	0.99999764 	0.99999423 	0.99995893 	0.98192972 	0.99998738 	
0.99999814 	0.99999874 	0.99999773 	0.99929491 	0.99993987 	0.99353236 	0.99995360 	0.99994125 	0.29778403 	0.99999839 	0.99999315 	0.99999764 	0.99999423 	0.99995893 	0.98192972 	0.99998738 	
0.99999814 	0.99999874 	0.99999773 	0.99929491 	0.99993987 	0.99353236 	0.99995360 	0.99999644 	0.29778403 	0.99999839 	0.99999315 	0.99999764 	0.99999423 	0.99995893 	0.98192972 	0.99998738 	
0.99999814 	0.99999874 	0.99999773 	0.99929491 	0.99993987 	0.99353236 	0.99995360 	0.99999644 	0.29778403 	0.99999839 	0.99999315 	0.99999764 	0.99999423 	0.99995893 	0.98192972 	0.99998738 	
0.99999814 	0.99999874 	0.99999773 	0.99929491 	0.99993987 	0.99353236 	0.99995360 	0.99999644 	0.29778403 	0.99999839 	0.99999315 	0.99999764 	0.99999423 	0.99995893 	0.98192972 	0.99998738 	
0.99999814 	0.99999874 	0.99999773 	0.99929491 	0.99993987 	0.99353236 	0.99995360 	0.99999644 	0.29778403 	0.99999839 	0.99999477 	0.99999764 	0.99999423 	0.99995893 	0.98192972 	0.99998738 	
0.99999814 	0.99999874 	0.99999773 	0.99929491 	0.99993987 	0.99353236 	0.99995360 	0.99999644 	0.29778403 	0.99999839 	0.99999477 	0.99999764 	0.99999423 	0.99995893 	0.98192972 	0.99998738 	
0.99999814 	0.99999874 	0.99999773 	0.99929491 	0.99993987 	0.99353236 	0.99995360 	0.99999644 	0.29778403 	0.99999839 	0.99999477 	0.99999764 	0.99999739 	0.99995893 	0.98192972 	0.99998738 	
0.99999814 	0.99999874 	0.99999773 	0.99929491 	0.99993987 	0.99353236 	0.99995360 	0.99999644 	0.29778403 	0.99999839 	0.99999477 	0.99999764 	0.99999739 	0.99997333 	0.98192972 	0.99998738 	
0.99999814 	0.99999874 	0.99999773 	0.99929491 	0.99993987 	0.99353236 	0.99995360 	0.99999644 	0.29778403 	0.99999839 	0.99999477 	0.99999764 	0.99999739 	0.99997333 	0.98192972 	0.99998738 	
0.99999814 	0.99999874 	0.99999773 	0.99929491 	0.99993987 	0.99353236 	0.99995360 	0.99999644 	0.29778403 	0.99999839 	0.99999477 	0.99999764 	0.99999739 	0.99997333 	0.98192972 	0.99999406 	
0.99999814 	0.99999874 	0.99999773 	0.99929491 	0.99993987 	0.99353236 	0.99995360 	0.99999644 	0.29778403 	0.99999839 	0.99999477 	0.99999764 	0.99999739 	0.99997333 	0.98192972 	0.99999406 	
0.99999814 	0.99999874 	0.99999773 	0.99929491 	0.99993987 	0.99353236 	0.99995360 	0.99999644 	0.29778403 	0.99999839 	0.99999477 	0.99999764 	0.99999739 	0.99997333 	0.98192972 	0.99999406 	
0.99999814 	0.99999874 	0.99999773 	0.99929491 	0.99993987 	0.99353236 	0.99995360 	0.99999644 	0.29778403 	0.99999839 	0.99999477 	0.99999764 	0.99999739 	0.99997333 	0.98192972 	0.99999406 	
0.99999814 	0.99999874 	0.99999773 	0.99928546 	0.99993987 	0.99353236 	0.99995360 	0.99999644 	0.29778403 	0.99999839 	0.99999477 	0.99999764 	0.99999739 	0.99997333 	0.98192972 	0.99999406 	
0.99999814 	0.99999874 	0.99999773 	0.99928546 	0.99997857 	0.99353236 	0.99995360 	0.99999644 	0.29778403 	0.99999839 	0.99999477 	0.99999764 	0.99999739 	0.99997333 	0.98192972 	0.99999406 	
0.99999814 	0.99999874 	0.99999773 	0.99928546 	0.99997857 	0.99353236 	0.99995360 	0.99999644 	0.29778403 	0.99999839 	0.99999477 	0.99999764 	0.99999739 	0.99997333 	0.98192972 	0.99999406 	
0.99999814 	0.99999874 	0.99999773 	0.99928546 	0.99997857 	0.99353236 	0.99995360 	0.99999644 	0.29778403 	0.99999839 	0.99999477 	0.99999764 	0.99999739 	0.99997333 	0.98192972 	0.99999406 	
0.99999814 	0.99999874 	0.99999773 	0.99928546 	0.99997857 	0.99353236 	0.99995360 	0.99999871 	0.29778403 	0.99999839 	0.99999477 	0.99999764 	0.99999739 	0.99997333 	0.98192972 	0.99999406 	
0.99999814 	0.99999874 	0.99999773 	0.99928546 	0.99997857 	0.99353236 	0.99995360 	0.99999871 	0.29778403 	0.99999839 	0.99999477 	0.99999764 	0.99999739 	0.99997333 	0.98192972 	0.99999406 	
0.99999814 	0.99999874 	0.99999773 	0.99928546 	0.99997857 	0.99353236 	0.99995360 	0.99999871 	0.29778403 	0.99999877 	0.99999477 	0.99999764 	0.99999739 	0.99997333 	0.98192972 	0.99999406 	
0.99999814 	0.99999874 	0.99999773 	0.99928546 	0.99997857 	0.99353236 	0.99995360 	0.99999871 	0.29778403 	0.99999877 	0.99999522 	0.99999764 	0.99999739 	0.99997333 	0.98192972 	0.99999406 	
0.99999814 	0.99999874 	0.99999773 	0.99928546 	0.99997857 	0.99353236 	0.99995360 	0.99999871 	0.29778403 	0.99999877 	0.99999522 	0.99999855 	0.99999739 	0.99997333 	0.98192972 	0.99999406 	
0.99999814 	0.99999874 	0.99999773 	0.99928546 	0.99997857 	0.99353236 	0.99995360 	0.99999871 	0.29778403 	0.99999877 	0.99999522 	0.99999855 	0.99999851 	0.99997333 	0.98192972 	0.99999406 	
0.99999814 	0.99999874 	0.99999773 	0.99928546 	0.99997857 	0.99353236 	0.99995360 	0.99999871 	0.29778403 	0.99999877 	0.99999522 	0.99999855 	0.99999851 	0.99999631 	0.98192972 	0.99999406 	
0.99999814 	0.99999874 	0.99999773 	0.99928546 	0.99997857 	0.99353236 	0.99995360 	0.99999871 	0.29778403 	0.99999877 	0.99999522 	0.99999855 	0.99999851 	0.99999631 	0.98199833 	0.99999406 	
0.99999814 	0.99999874 	0.99999773 	0.99928546 	0.99997857 	0.99353236 	0.99995360 	0.99999871 	0.29778403 	0.99999877 	0.99999522 	0.99999855 	0.99999851 	0.99999631 	0.98199833 	0.99999406 	
0.99999816 	0.99999874 	0.99999773 	0.99928546 	0.99997857 	0.99353236 	0.99995360 	0.99999871 	0.29778403 	0.99999877 	0.99999522 	0.99999855 	0.99999851 	0.99999631 	0.98199833 	0.99999406 	
0.99999816 	0.99999874 	0.99999773 	0.99928546 	0.99997857 	0.99353236 	0.99995360 	0.99999871 	0.29778403 	0.99999877 	0.99999522 	0.99999855 	0.99999851 	0.99999631 	0.98199833 	0.99999406 	
0.99999816 	0.99999874 	0.99999773 	0.99928546 	0.99997857 	0.99353236 	0.99995360 	0.99999871 	0.29778403 	0.99999877 	0.99999522 	0.99999855 	0.99999851 	0.99999631 	0.98199833 	0.99999406 	
0.99999816 	0.99999874 	0.99999773 	0.99928546 	0.99997857 	0.99353236 	0.99995360 	0.99999871 	0.29778403 	0.99999877 	0.99999522 	0.99999855 	0.99999851 	0.99999631 	0.98199833 	0.99999406 	
0.99999816 	0.99999874 	0.99999773 	0.99928546 	0.99997857 	0.99353236 	0.99995360 	0.99999871 	0.29778403 	0.99999877 	0.99999522 	0.99999855 	0.99999851 	0.99999631 	0.98199833 	0.99999406 	
0.99999816 	0.99999874 	0.99999773 	0.99928546 	0.99997857 	0.99353236 	0.99995360 	0.99999871 	0.29778403 	0.99999877 	0.99999522 	0.99999855 	0.99999851 	0.99999631 	0.98199833 	0.99999406 	
0.99999816 	0.99999874 	0.99999773 	0.99928546 	0.99997857 	0.99353236 	0.99996939 	0.99999871 	0.29778403 	0.99999877 	0.99999522 	0.99999855 	0.99999851 	0.99999631 	0.98199833 	0.99999406 	
0.99999816 	0.99999874 	0.99999773 	0.99928546 	0.99997857 	0.99353236 	0.99996939 	0.99999871 	0.29778403 	0.99999877 	0.99999522 	0.99999855 	0.99999851 	0.99999631 	0.98199833 	0.99999406 	
0.99999816 	0.99999874 	0.99999773 	0.99928546 	0.99997857 	0.99353236 	0.99996939 	0.99999871 	0.29778403 	0.99999877 	0.99999522 	0.99999855 	0.99999851 	0.99999631 	0.98199833 	0.99999406 	
0.99999816 	0.99999874 	0.99999773 	0.99928546 	0.99997857 	0.99353236 	0.99996939 	0.99999871 	0.29778403 	0.99999877 	0.99999522 	0.99999855 	0.99999851 	0.99999631 	0.98199833 	0.99999406 	
0.99999816 	0.99999874 	0.99999773 	0.99928546 	0.99997857 	0.99353236 	0.99996939 	0.99999871 	0.29778403 	0.99999877 	0.99999643 	0.99999855 	0.99999851 	0.99999631 	0.98199833 	0.99999406 	
0.99999816 	0.99999874 	0.99999773 	0.99928546 	0.99997857 	0.99353236 	0.99996939 	0.99999871 	0.29778403 	0.99999877 	0.99999643 	0.99999963 	0.99999851 	0.99999631 	0.98199833 	0.99999406 	
0.99999816 	0.99999874 	0.99999773 	0.99928546 	0.99997857 	0.99353236 	0.99996939 	0.99999871 	0.29778403 	0.99999877 	0.99999643 	0.99999963 	0.99999917 	0.99999631 	0.98199833 	0.99999406 	
0.99999816 	0.99999874 	0.99999773 	0.99928546 	0.99997857 	0.99353236 	0.99996939 	0.99999871 	0.29778403 	0.99999877 	0.99999643 	0.99999963 	0.99999917 	0.99999631 	0.98199833 	0.99999406 	
0.99999816 	0.99999874 	0.99999773 	0.99928546 	0.99997857 	0.99353236 	0.99996939 	0.99999871 	0.29778403 	0.99999877 	0.99999643 	0.99999963 	0.99999917 	0.99999631 	0.98199833 	0.99999406 	
0.99999816 	0.99999874 	0.99999773 	0.99928546 	0.99997857 	0.99353236 	0.99996939 	0.99999871 	0.29778403 	0.99999877 	0.99999643 	0.99999963 	0.99999917 	0.99999631 	0.98199833 	0.99999406 	
0.99999816 	0.99999874 	0.99999773 	0.99928546 	0.99997857 	0.99353236 	0.99996939 	0.99999871 	0.29778403 	0.99999877 	0.99999643 	0.99999963 	0.99999917 	0.99999631 	0.98199833 	0.99999406 	
0.99999816 	0.99999874 	0.99999773 	0.99928546 	0.99997857 	0.99353236 	0.99996939 	0.99999871 	0.29778403 	0.99999877 	0.99999643 	0.99999963 	0.99999917 	0.99999631 	0.98199833 	0.99999406 	
0.99999816 	0.99999874 	0.99999842 	0.99928546 	0.99997857 	0.99353236 	0.99996939 	0.99999871 	0.29778403 	0.99999877 	0.99999643 	0.99999963 	0.99999917 	0.99999631 	0.98199833 	0.99999406 	
0.99999816 	0.99999874 	0.99999842 	0.99927408 	0.99997857 	0.99353236 	0.99996939 	0.99999871 	0.29778403 	0.99999877 	0.99999643 	0.99999963 	0.99999917 	0.99999631 	0.98199833 	0.99999406 	
0.99999816 	0.99999874 	0.99999842 	0.99927408 	0.99998972 	0.99353236 	0.99996939 	0.99999871 	0.29778403 	0.99999877 	0.99999643 	0.99999963 	0.99999917 	0.99999631 	0.98199833 	0.99999406 	
0.99999816 	0.99999874 	0.99999842 	0.99927408 	0.99998972 	0.99350655 	0.99996939 	0.99999871 	0.29778403 	0.99999877 	0.99999643 	0.99999963 	0.99999917 	0.99999631 	0.98199833 	0.99999406 	
0.99999816 	0.99999874 	0.99999842 	0.99927408 	0.99998972 	0.99350655 	0.99996939 	0.99999871 	0.29778403 	0.99999877 	0.99999643 	0.99999963 	0.99999917 	0.99999631 	0.98199833 	0.99999406 	
0.99999816 	0.99999874 	0.99999842 	0.99927408 	0.99998972 	0.99350655 	0.99996939 	0.99999994 	0.29778403 	0.99999877 	0.99999643 	0.99999963 	0.99999917 	0.99999631 	0.98199833 	0.99999406 	
0.99999816 	0.99999874 	0.99999842 	0.99927408 	0.99998972 	0.99350655 	0.99996939 	0.99999994 	0.29778403 	0.99999877 	0.99999643 	0.99999963 	0.99999917 	0.99999631 	0.98199833 	0.99999406 	
0.99999816 	0.99999874 	0.99999842 	0.99927408 	0.99998972 	0.99350655 	0.99996939 	0.99999994 	0.29778403 	0.99999877 	0.99999643 	0.99999963 	0.99999917 	0.99999631 	0.98199833 	0.99999406 	
0.99999816 	0.99999874 	0.99999842 	0.99927408 	0.99998972 	0.99350655 	0.99996939 	0.99999994 	0.29778403 	0.99999877 	0.99999643 	0.99999963 	0.99999917 	0.99999631 	0.98199833 	0.99999406 	
0.99999816 	0.99999874 	0.99999842 	0.99927408 	0.99998972 	0.99350655 	0.99996939 	0.99999994 	0.29778403 	0.99999877 	0.99999643 	0.99999963 	0.99999917 	0.99999631 	0.98199833 	0.99999406 	
0.99999816 	0.99999874 	0.99999842 	0.99927408 	0.99998972 	0.99350655 	0.99996939 	0.99999994 	0.29778403 	0.99999877 	0.99999643 	0.99999963 	0.99999917 	0.99999631 	0.98199833 	0.99999406 	
0.99999816 	0.99999874 	0.99999842 	0.99927408 	0.99998972 	0.99350655 	0.99996939 	0.99999994 	0.29778403 	0.99999877 	0.99999643 	0.99999963 	0.99999917 	0.99999908 	0.98199833 	0.99999406 	
0.99999816 	0.99999874 	0.99999842 	0.99927408 	0.99998972 	0.99350655 	0.99996939 	0.99999994 	0.29778403 	0.99999877 	0.99999643 	0.99999963 	0.99999917 	0.99999908 	0.98216579 	0.99999406 	
0.99999816 	0.99999874 	0.99999842 	0.99927408 	0.99998972 	0.99350655 	0.99996939 	0.99999994 	0.29778403 	0.99999877 	0.99999643 	0.99999963 	0.99999917 	0.99999908 	0.98216579 	0.99999922 	
0.99999853 	0.99999874 	0.99999842 	0.99927408 	0.99998972 	0.99350655 	0.99996939 	0.99999994 	0.29778403 	0.99999877 	0.99999643 	0.99999963 	0.99999917 	0.99999908 	0.98216579 	0.99999922 	
0.99999853 	0.99999874 	0.99999842 	0.99927408 	0.99998972 	0.99350655 	0.99996939 	0.99999994 	0.29778403 	0.99999877 	0.99999643 	0.99999963 	0.99999917 	0.99999908 	0.98216579 	0.99999922 	
0.99999853 	0.99999874 	0.99999858 	0.99927408 	0.99998972 	0.99350655 	0.99996939 	0.99999994 	0.29778403 	0.99999877 	0.99999643 	0.99999963 	0.99999917 	0.99999908 	0.98216579 	0.99999922 	
0.99999853 	0.99999874 	0.99999858 	0.99927408 	0.99998972 	0.99350655 	0.99996939 	0.99999994 	0.29778403 	0.99999877 	0.99999643 	0.99999963 	0.99999917 	0.99999908 	0.98216579 	0.99999922 	
0.99999853 	0.99999874 	0.99999858 	0.99927408 	0.99998972 	0.99350655 	0.99996939 	0.99999994 	0.29778403 	0.99999877 	0.99999643 	0.99999963 	0.99999917 	0.99999908 	0.98216579 	0.99999922 	
0.99999853 	0.99999874 	0.99999858 	0.99927408 	0.99998972 	0.99350655 	0.99996939 	0.99999994 	0.29778403 	0.99999877 	0.99999643 	0.99999963 	0.99999917 	0.99999908 	0.98216579 	0.99999922 	
0.99999853 	0.99999874 	0.99999858 	0.99927408 	0.99998972 	0.99350655 	0.99996939 	0.99999994 	0.29778403 	0.99999877 	0.99999643 	0.99999963 	0.99999917 	0.99999908 	0.98216579 	0.99999922 	
0.99999853 	0.99999874 	0.99999858 	0.99927408 	0.99998972 	0.99350655 	0.99996939 	0.99999994 	0.29778403 	0.99999877 	0.99999643 	0.99999963 	0.99999917 	0.99999908 	0.98216579 	0.99999922 	
0.99999853 	0.99999874 	0.99999858 	0.99927408 	0.99998972 	0.99350655 	0.99996939 	0.99999994 	0.29776417 	0.99999877 	0.99999643 	0.99999963 	0.99999917 	0.99999908 	0.98216579 	0.99999922 	
0.99999853 	0.99999874 	0.99999858 	0.99927408 	0.99998972 	0.99350655 	0.99996939 	0.99999994 	0.29776417 	0.99999877 	0.99999643 	0.99999963 	0.99999917 	0.99999908 	0.98216579 	0.99999922 	
0.99999853 	0.99999874 	0.99999858 	0.99927408 	0.99998972 	0.99350655 	0.99996939 	0.99999994 	0.29776417 	0.99999877 	0.99999643 	0.99999963 	0.99999917 	0.99999908 	0.98216579 	0.99999922 	
0.99999853 	0.99999874 	0.99999858 	0.99927408 	0.99998972 	0.99350655 	0.99996939 	0.99999994 	0.29776417 	0.99999877 	0.99999643 	0.99999963 	0.99999917 	0.99999908 	0.98216579 	0.99999922 	
0.99999853 	0.99999874 	0.99999858 	0.99927408 	0.99998972 	0.99350655 	0.99996939 	0.99999994 	0.29776417 	0.99999877 	0.99999643 	0.99999963 	0.99999917 	0.99999908 	0.98216579 	0.99999922 	
0.99999853 	0.99999874 	0.99999858 	0.99927408 	0.99998972 	0.99350655 	0.99996939 	0.99999994 	0.29776417 	0.99999877 	0.99999643 	0.99999963 	0.99999917 	0.99999908 	0.98216579 	0.99999922 	
0.99999853 	0.99999874 	0.99999858 	0.99927408 	0.99998972 	0.99350655 	0.99996939 	0.99999994 	0.29776417 	0.99999877 	0.99999643 	0.99999963 	0.99999917 	0.99999908 	0.98216579 	0.99999922 	
0.99999853 	0.99999874 	0.99999858 	0.99927408 	0.99998972 	0.99350655 	0.99996939 	0.99999994 	0.29776417 	0.99999877 	0.99999643 	0.99999963 	0.99999917 	0.99999908 	0.98216579 	0.99999922 	
0.99999933 	0.99999874 	0.99999858 	0.99927408 	0.99998972 	0.99350655 	0.99996939 	0.99999994 	0.29776417 	0.99999877 	0.99999643 	0.99999963 	0.99999917 	0.99999908 	0.98216579 	0.99999922 	
0.99999933 	0.99999874 	0.99999858 	0.99927408 	0.99998972 	0.99350655 	0.99996939 	0.99999994 	0.29776417 	0.99999877 	0.99999643 	0.99999963 	0.99999917 	0.99999908 	0.98216579 	0.99999922 	
0.99999933 	0.99999874 	0.99999858 	0.99927408 	0.99998972 	0.99350655 	0.99996939 	0.99999994 	0.29776417 	0.99999877 	0.99999643 	0.99999963 	0.99999917 	0.99999908 	0.98216579 	0.99999922 	
0.99999933 	0.99999874 	0.99999858 	0.99927408 	0.99998972 	0.99350655 	0.99996939 	0.99999994 	0.29776417 	0.99999877 	0.99999643 	0.99999963 	0.99999917 	0.99999908 	0.98216579 	0.99999922 	
0.99999933 	0.99999874 	0.99999858 	0.99927408 	0.99998972 	0.99350655 	0.99996939 	0.99999994 	0.29776417 	0.99999877 	0.99999643 	0.99999963 	0.99999917 	0.99999908 	0.98216579 	0.99999922 	
0.99999933 	0.99999874 	0.99999858 	0.99927408 	0.99998972 	0.99350655 	0.99996939 	0.99999994 	0.29776417 	0.99999877 	0.99999643 	0.99999963 	0.99999917 	0.99999908 	0.98216579 	0.99999922 	
0.99999933 	0.99999874 	0.99999858 	0.99927408 	0.99998972 	0.99350655 	0.99999369 	0.99999994 	0.29776417 	0.99999877 	0.99999643 	0.99999963 	0.99999917 	0.99999908 	0.98216579 	0.99999922 	
0.99999933 	0.99999874 	0.99999858 	0.99927408 	0.99998972 	0.99350655 	0.99999369 	0.99999994 	0.29776417 	0.99999877 	0.99999643 	0.99999963 	0.99999917 	0.99999908 	0.98216579 	0.99999922 	
0.99999933 	0.99999874 	0.99999858 	0.99927408 	0.99998972 	0.99350655 	0.99999369 	0.99999994 	0.29776417 	0.99999877 	0.99999643 	0.99999963 	0.99999917 	0.99999908 	0.98216579 	0.99999922 	
0.99999933 	0.99999874 	0.99999858 	0.99927408 	0.99998972 	0.99350655 	0.99999369 	0.99999994 	0.29776417 	0.99999885 	0.99999643 	0.99999963 	0.99999917 	0.99999908 	0.98216579 	0.99999922 	
0.99999933 	0.99999874 	0.99999858 	0.99927408 	0.99998972 	0.99350655 	0.99999369 	0.99999994 	0.29776417 	0.99999885 	0.99999643 	0.99999963 	0.99999917 	0.99999908 	0.98216579 	0.99999922 	
0.99999933 	0.99999874 	0.99999858 	0.99927408 	0.99998972 	0.99350655 	0.99999369 	0.99999994 	0.29776417 	0.99999885 	0.99999643 	0.99999995 	0.99999917 	0.99999908 	0.98216579 	0.99999922 	
0.99999933 	0.99999874 	0.99999858 	0.99927408 	0.99998972 	0.99350655 	0.99999369 	0.99999994 	0.29776417 	0.99999885 	0.99999643 	0.99999995 	0.99999917 	0.99999908 	0.98216579 	0.99999922 	
0.99999933 	0.99999874 	0.99999858 	0.99927408 	0.99998972 	0.99350655 	0.99999369 	0.99999994 	0.29776417 	0.99999885 	0.99999643 	0.99999995 	0.99999917 	0.99999908 	0.98216579 	0.99999922 	
0.99999933 	0.99999874 	0.99999858 	0.99927408 	0.99998972 	0.99350655 	0.99999369 	0.99999994 	0.29776417 	0.99999885 	0.99999643 	0.99999995 	0.99999917 	0.99999908 	0.98216579 	0.99999922 	
0.99999933 	0.99999874 	0.99999858 	0.99927408 	0.99998972 	0.99350655 	0.99999369 	0.99999994 	0.29776417 	0.99999885 	0.99999643 	0.99999995 	0.99999917 	0.99999908 	0.98216579 	0.99999922 	
0.99999933 	0.99999874 	0.99999858 	0.99927408 	0.99998972 	0.99350655 	0.99999369 	0.99999994 	0.29776417 	0.99999885 	0.99999643 	0.99999995 	0.99999917 	0.99999908 	0.98216579 	0.99999922 	
0.99999933 	0.99999874 	0.99999858 	0.99927408 	0.99998972 	0.99350655 	0.99999369 	0.99999994 	0.29776417 	0.99999885 	0.99999643 	0.99999995 	0.99999917 	0.99999908 	0.98216579 	0.99999922 	
0.99999933 	0.99999874 	0.99999873 	0.99927408 	0.99998972 	0.99350655 	0.99999369 	0.99999994 	0.29776417 	0.99999885 	0.99999643 	0.99999995 	0.99999917 	0.99999908 	0.98216579 	0.99999922 	
0.99999933 	0.99999874 	0.99999873 	0.99927408 	0.99998972 	0.99350655 	0.99999369 	0.99999994 	0.29776417 	0.99999885 	0.99999643 	0.99999995 	0.99999917 	0.99999908 	0.98216579 	0.99999922 	
0.99999933 	0.99999874 	0.99999873 	0.99927408 	0.99999780 	0.99350655 	0.99999369 	0.99999994 	0.29776417 	0.99999885 	0.99999643 	0.99999995 	0.99999917 	0.99999908 	0.98216579 	0.99999922 	
0.99999933 	0.99999874 	0.99999873 	0.99927408 	0.99999780 	0.99350222 	0.99999369 	0.99999994 	0.29776417 	0.99999885 	0.99999643 	0.99999995 	0.99999917 	0.99999908 	0.98216579 	0.99999922 	
0.99999933 	0.99999874 	0.99999873 	0.99927408 	0.99999780 	0.99350222 	0.99999369 	0.99999994 	0.29776417 	0.99999885 	0.99999643 	0.99999995 	0.99999917 	0.99999908 	0.98216579 	0.99999922 	
0.99999933 	0.99999874 	0.99999873 	0.99927408 	0.99999780 	0.99350222 	0.99999369 	0.99999994 	0.29776417 	0.99999885 	0.99999643 	0.99999995 	0.99999917 	0.99999908 	0.98216579 	0.99999922 	
0.99999933 	0.99999874 	0.99999873 	0.99927408 	0.99999780 	0.99350222 	0.99999369 	0.99999994 	0.29776417 	0.99999885 	0.99999643 	0.99999995 	0.99999917 	0.99999908 	0.98216579 	0.99999922 	
0.99999933 	0.99999874 	0.99999873 	0.99927408 	0.99999780 	0.99350222 	0.99999369 	0.99999994 	0.29776417 	0.99999961 	0.99999643 	0.99999995 	0.99999917 	0.99999908 	0.98216579 	0.99999922 	
0.99999933 	0.99999874 	0.99999873 	0.99927408 	0.99999780 	0.99350222 	0.99999369 	0.99999994 	0.29776417 	0.99999961 	0.99999643 	0.99999995 	0.99999917 	0.99999908 	0.98216579 	0.99999922 	
0.99999933 	0.99999874 	0.99999873 	0.99927408 	0.99999780 	0.99350222 	0.99999369 	0.99999994 	0.29776417 	0.99999961 	0.99999643 	0.99999995 	0.99999917 	0.99999908 	0.98216579 	0.99999922 	
0.99999933 	0.99999874 	0.99999873 	0.99927408 	0.99999780 	0.99350222 	0.99999369 	0.99999994 	0.29776417 	0.99999961 	0.99999643 	0.99999995 	0.99999917 	0.99999908 	0.98216579 	0.99999922 	
0.99999933 	0.99999874 	0.99999873 	0.99927408 	0.99999780 	0.99350222 	0.99999369 	0.99999994 	0.29776417 	0.99999961 	0.99999643 	0.99999995 	0.99999917 	0.99999908 	0.98216579 	0.99999922 	
0.99999933 	0.99999874 	0.99999873 	0.99927408 	0.99999780 	0.99350222 	0.99999369 	0.99999994 	0.29776417 	0.99999961 	0.99999643 	0.99999995 	0.99999917 	0.99999908 	0.98216579 	0.99999922 	
0.99999933 	0.99999874 	0.99999873 	0.99927408 	0.99999780 	0.99350222 	0.99999369 	0.99999994 	0.29776417 	0.99999961 	0.99999643 	0.99999995 	0.99999917 	0.99999908 	0.98216579 	0.99999922 	
0.99999976 	0.99999874 	0.99999873 	0.99927408 	0.99999780 	0.99350222 	0.99999369 	0.99999994 	0.29776417 	0.99999961 	0.99999643 	0.99999995 	0.99999917 	0.99999908 	0.98216579 	0.99999922 	
0.99999976 	0.99999874 	0.99999873 	0.99927408 	0.99999780 	0.99350222 	0.99999369 	0.99999994 	0.29776417 	0.99999961 	0.99999643 	0.99999995 	0.99999917 	0.99999908 	0.98216579 	0.99999922 	
0.99999976 	0.99999874 	0.99999873 	0.99927408 	0.99999780 	0.99350222 	0.99999369 	0.99999994 	0.29776417 	0.99999961 	0.99999643 	0.99999995 	0.99999917 	0.99999908 	0.98216579 	0.99999922 	
0.99999976 	0.99999874 	0.99999873 	0.99927408 	0.99999780 	0.99350222 	0.99999369 	0.99999994 	0.29776417 	0.99999961 	0.99999643 	0.99999995 	0.99999917 	0.99999908 	0.98216579 	0.99999922 	
0.99999976 	0.99999874 	0.99999873 	0.99927408 	0.99999780 	0.99350222 	0.99999369 	0.99999994 	0.29776417 	0.99999961 	0.99999643 	0.99999995 	0.99999917 	0.99999908 	0.98216579 	0.99999922 	
0.99999976 	0.99999874 	0.99999873 	0.99927408 	0.99999780 	0.99350222 	0.99999369 	0.99999994 	0.29776417 	0.99999961 	0.99999643 	0.99999995 	0.99999917 	0.99999908 	0.98216579 	0.99999922 	
0.99999976 	0.99999874 	0.99999873 	0.99927408 	0.99999780 	0.99350222 	0.99999369 	0.99999994 	0.29776417 	0.99999961 	0.99999643 	0.99999995 	0.99999917 	0.99999908 	0.98216579 	0.99999922 	
0.99999976 	0.99999874 	0.99999873 	0.99927408 	0.99999780 	0.99350222 	0.99999369 	0.99999994 	0.29776417 	0.99999961 	0.99999643 	0.99999995 	0.99999917 	0.99999908 	0.98216579 	0.99999922 	
0.99999976 	0.99999874 	0.99999873 	0.99927408 	0.99999780 	0.99350222 	0.99999369 	0.99999994 	0.29768650 	0.99999961 	0.99999643 	0.99999995 	0.99999917 	0.99999908 	0.98216579 	0.99999922 	
0.99999976 	0.99999874 	0.99999873 	0.99927408 	0.99999780 	0.99350222 	0.99999369 	0.99999994 	0.29768650 	0.99999961 	0.99999643 	0.99999995 	0.99999917 	0.99999908 	0.98216579 	0.99999922 	
0.99999976 	0.99999874 	0.99999873 	0.99927408 	0.99999780 	0.99350222 	0.99999369 	0.99999994 	0.29768650 	0.99999961 	0.99999643 	0.99999995 	0.99999917 	0.99999908 	0.98216579 	0.99999922 	
0.99999976 	0.99999874 	0.99999873 	0.99927408 	0.99999780 	0.99350222 	0.99999369 	0.99999994 	0.29768650 	0.99999961 	0.99999643 	0.99999995 	0.99999917 	0.99999908 	0.98216579 	0.99999922 	
0.99999976 	0.99999874 	0.99999873 	0.99927408 	0.99999780 	0.99350222 	0.99999369 	0.99999994 	0.29768650 	0.99999961 	0.99999643 	0.99999995 	0.99999917 	0.99999908 	0.98216579 	0.99999922 	
0.99999976 	0.99999874 	0.99999873 	0.99927408 	0.99999780 	0.99350222 	0.99999369 	0.99999994 	0.29768650 	0.99999961 	0.99999643 	0.99999995 	0.99999917 	0.99999908 	0.98216579 	0.99999922 	
0.99999976 	0.99999874 	0.99999873 	0.99927408 	0.99999780 	0.99350222 	0.99999369 	0.99999994 	0.29768650 	0.99999961 	0.99999643 	0.99999995 	0.99999917 	0.99999908 	0.98216579 	0.99999922 	
0.99999976 	0.99999874 	0.99999873 	0.99927408 	0.99999780 	0.99350222 	0.99999369 	0.99999994 	0.29768650 	0.99999961 	0.99999643 	0.99999995 	0.99999917 	0.99999908 	0.98216579 	0.99999922 	
0.99999976 	0.99999874 	0.99999873 	0.99927408 	0.99999780 	0.99350222 	0.99999369 	0.99999994 	0.29768650 	0.99999961 	0.99999643 	0.99999995 	0.99999917 	0.99999908 	0.98216579 	0.99999922 	
0.99999976 	0.99999874 	0.99999873 	0.99927408 	0.99999780 	0.99350222 	0.99999369 	0.99999994 	0.29768650 	0.99999961 	0.99999643 	0.99999995 	0.99999917 	0.99999908 	0.98216579 	0.99999922 	
0.99999976 	0.99999874 	0.99999912 	0.99927408 	0.99999780 	0.99350222 	0.99999369 	0.99999994 	0.29768650 	0.99999961 	0.99999643 	0.99999995 	0.99999917 	0.99999908 	0.98216579 	0.99999922 	
0.99999976 	0.99999874 	0.99999912 	0.99927408 	0.99999780 	0.99350222 	0.99999369 	0.99999994 	0.29768650 	0.99999961 	0.99999643 	0.99999995 	0.99999917 	0.99999908 	0.98216579 	0.99999922 	
0.99999976 	0.99999874 	0.99999912 	0.99927408 	0.99999780 	0.99350222 	0.99999369 	0.99999994 	0.29768650 	0.99999961 	0.99999643 	0.99999995 	0.99999917 	0.99999908 	0.98216579 	0.99999922 	
0.99999976 	0.99999874 	0.99999912 	0.99927408 	0.99999780 	0.99350222 	0.99999369 	0.99999994 	0.29768650 	0.99999961 	0.99999643 	0.99999995 	0.99999917 	0.99999908 	0.98216579 	0.99999922 	
0.99999976 	0.99999874 	0.99999912 	0.99927408 	0.99999780 	0.99350222 	0.99999369 	0.99999994 	0.29768650 	0.99999961 	0.99999643 	0.99999995 	0.99999917 	0.99999908 	0.98216579 	0.99999922 	
0.99999976 	0.99999874 	0.99999912 	0.99927408 	0.99999780 	0.99350222 	0.99999369 	0.99999994 	0.29768650 	0.99999961 	0.99999643 	0.99999995 	0.99999917 	0.99999908 	0.98216579 	0.99999922 	
0.99999976 	0.99999874 	0.99999912 	0.99927408 	0.99999780 	0.99350222 	0.99999369 	0.99999994 	0.29764460 	0.99999961 	0.99999643 	0.99999995 	0.99999917 	0.99999908 	0.98216579 	0.99999922 	
0.99999976 	0.99999874 	0.99999912 	0.99927408 	0.99999780 	0.99350222 	0.99999369 	0.99999994 	0.29764460 	0.99999961 	0.99999643 	0.99999995 	0.99999917 	0.99999908 	0.98216579 	0.99999922 	
0.99999976 	0.99999874 	0.99999912 	0.99927408 	0.99999780 	0.99350222 	0.99999369 	0.99999994 	0.29764460 	0.99999961 	0.99999643 	0.99999995 	0.99999917 	0.99999908 	0.98216579 	0.99999922 	
0.99999976 	0.99999874 	0.99999912 	0.99927408 	0.99999780 	0.99350222 	0.99999369 	0.99999994 	0.29764460 	0.99999961 	0.99999643 	0.99999995 	0.99999917 	0.99999908 	0.98216579 	0.99999922 	
0.99999976 	0.99999874 	0.99999912 	0.99927408 	0.99999780 	0.99350222 	0.99999369 	0.99999994 	0.29764460 	0.99999961 	0.99999643 	0.99999995 	0.99999999 	0.99999908 	0.98216579 	0.99999922 	
0.99999976 	0.99999874 	0.99999912 	0.99927408 	0.99999780 	0.99350222 	0.99999369 	0.99999994 	0.29764460 	0.99999961 	0.99999643 	0.99999995 	0.99999999 	0.99999908 	0.98216579 	0.99999922 	
0.99999976 	0.99999874 	0.99999912 	0.99927408 	0.99999780 	0.99350222 	0.99999369 	0.99999994 	0.29764460 	0.99999961 	0.99999643 	0.99999995 	0.99999999 	0.99999908 	0.98216579 	0.99999922 	
0.99999976 	0.99999874 	0.99999912 	0.99927408 	0.99999780 	0.99350222 	0.99999369 	0.99999994 	0.29764460 	0.99999961 	0.99999643 	0.99999995 	0.99999999 	0.99999908 	0.98216579 	0.99999922 	
0.99999976 	0.99999874 	0.99999912 	0.99927408 	0.99999780 	0.99350222 	0.99999369 	0.99999994 	0.29764460 	0.99999961 	0.99999643 	0.99999995 	0.99999999 	0.99999908 	0.98216579 	0.99999922 	
0.99999976 	0.99999874 	0.99999912 	0.99927408 	0.99999780 	0.99350222 	0.99999369 	0.99999994 	0.29764460 	0.99999961 	0.99999643 	0.99999995 	0.99999999 	0.99999908 	0.98216579 	0.99999922 	
0.99999976 	0.99999874 	0.99999912 	0.99927408 	0.99999780 	0.99350222 	0.99999369 	0.99999994 	0.29764460 	0.99999961 	0.99999643 	0.99999995 	0.99999999 	0.99999908 	0.98216579 	0.99999922 	
0.99999976 	0.99999874 	0.99999912 	0.99927408 	0.99999780 	0.99350222 	0.99999369 	0.99999994 	0.29764460 	0.99999961 	0.99999643 	0.99999995 	0.99999999 	0.99999908 	0.98216579 	0.99999922 	
0.99999976 	0.99999874 	0.99999912 	0.99927408 	0.99999780 	0.99350222 	0.99999369 	0.99999994 	0.29764460 	0.99999961 	0.99999643 	0.99999995 	0.99999999 	0.99999908 	0.98216579 	0.99999922 	
0.99999976 	0.99999874 	0.99999912 	0.99927408 	0.99999780 	0.99350222 	0.99999369 	0.99999994 	0.29764460 	0.99999961 	0.99999643 	0.99999995 	0.99999999 	0.99999908 	0.98216579 	0.99999922 	
0.99999976 	0.99999874 	0.99999912 	0.99927408 	0.99999780 	0.99350222 	0.99999369 	0.99999994 	0.29764460 	0.99999961 	0.99999643 	0.99999995 	0.99999999 	0.99999908 	0.98216579 	0.99999922 	
0.99999976 	0.99999874 	0.99999912 	0.99927408 	0.99999780 	0.99350222 	0.99999369 	0.99999994 	0.29764460 	0.99999961 	0.99999643 	0.99999995 	0.99999999 	0.99999908 	0.98216579 	0.99999922 	
0.99999976 	0.99999874 	0.99999912 	0.99927408 	0.99999780 	0.99350222 	0.99999369 	0.99999994 	0.29764460 	0.99999961 	0.99999643 	0.99999995 	0.99999999 	0.99999908 	0.98216579 	0.99999922 	
0.99999976 	0.99999874 	0.99999912 	0.99927408 	0.99999780 	0.99350222 	0.99999369 	0.99999994 	0.29764460 	0.99999961 	0.99999643 	0.99999995 	0.99999999 	0.99999908 	0.98216579 	0.99999922 	
0.99999976 	0.99999874 	0.99999912 	0.99927408 	0.99999780 	0.99350222 	0.99999369 	0.99999994 	0.29764460 	0.99999961 	0.99999761 	0.99999995 	0.99999999 	0.99999908 	0.98216579 	0.99999922 	
0.99999976 	0.99999874 	0.99999912 	0.99927408 	0.99999780 	0.99350222 	0.99999369 	0.99999994 	0.29764460 	0.99999961 	0.99999761 	0.99999995 	0.99999999 	0.99999908 	0.98216579 	0.99999922 	
0.99999976 	0.99999874 	0.99999912 	0.99927408 	0.99999780 	0.99350222 	0.99999369 	0.99999994 	0.29764460 	0.99999961 	0.99999761 	0.99999995 	0.99999999 	0.99999908 	0.98216579 	0.99999922 	
0.99999976 	0.99999874 	0.99999912 	0.99927408 	0.99999780 	0.99350222 	0.99999369 	0.99999994 	0.29764460 	0.99999961 	0.99999761 	0.99999995 	0.99999999 	0.99999908 	0.98216579 	0.99999922 	
0.99999976 	0.99999874 	0.99999912 	0.99927408 	0.99999780 	0.99350222 	0.99999369 	0.99999994 	0.29764460 	0.99999961 	0.99999761 	0.99999995 	0.99999999 	0.99999908 	0.98216579 	0.99999922 	
0.99999976 	0.99999874 	0.99999912 	0.99927408 	0.99999780 	0.99350222 	0.99999369 	0.99999994 	0.29764460 	0.99999961 	0.99999761 	0.99999995 	0.99999999 	0.99999908 	0.98216579 	0.99999922 	
