-1532125.62136189 
-1435037.74801656 
-1380594.45188818 
-1142125.37879667 
-1124207.83717513 
-1124141.53462513 
-1027080.57715964 
-851220.50404578 
-753798.94138945 
-701991.23753679 
-701138.75068159 
-691403.69950468 
-527331.50016301 
-423734.79385077 
-371149.55379754 
-276452.96443510 
-276297.11367015 
-268353.68574940 
-266805.93829497 
-266805.93829497 
-266576.26296581 
-266576.26296581 
-266096.22588443 
-266096.22588443 
-232521.30045593 
-232509.31066190 
-232509.31066190 
-232509.31066190 
-232370.12146333 
-232370.12146333 
-232118.46335127 
-231937.85687134 
-231735.89183230 
-219978.30403795 
-218128.87475487 
-218036.33437942 
-218036.33437942 
-217306.25084704 
-213596.24665809 
-212993.32440728 
-212993.32440728 
-212993.32440728 
-212931.42826833 
-212422.14322924 
-212422.14322924 
-211872.87965384 
-211872.87965384 
-210983.88183778 
-210374.85725270 
-196632.88158787 
-194832.87776753 
-193259.49853004 
-193243.58992904 
-192884.93380859 
-192459.30853346 
-192071.25917965 
-187644.17892389 
-187644.17892389 
-187286.32264681 
-187286.32264681 
-185104.54927478 
-185084.18823010 
-180422.89889089 
-180422.89889089 
-180416.86981327 
-180025.05435801 
-180025.05435801 
-156634.62996324 
-156628.27182846 
-155801.76160379 
-155798.86358664 
-155798.86358664 
-128877.44212862 
-128825.00632264 
-128793.23294823 
-128732.88362496 
-128732.88362496 
-128640.02661931 
-128640.02661931 
-128236.75335772 
-128236.60458110 
-122222.66361550 
-122184.96301881 
-122063.24027271 
-122053.74379509 
-120873.10796356 
-120870.86146695 
-120870.86146695 
-120870.86146695 
-120865.73140710 
-120862.40188145 
-120862.40188145 
-119282.70493142 
-119204.27221879 
-119204.27221879 
-119161.49101506 
-119076.30893042 
-118815.31581623 
-118815.31581623 
-118798.95757268 
-118726.12907357 
-118726.12907357 
-118723.52539535 
-118576.50723918 
-118122.12353907 
-118121.44720316 
-118121.42228837 
-118120.58264263 
-118009.72536959 
-118005.41451339 
-118005.41451339 
-118004.89852130 
-117982.10619521 
-117971.99678033 
-117960.09875301 
-117856.20248394 
-117856.20248394 
-117761.89358710 
-117761.89358710 
-117648.77673870 
-117648.77673870 
-117648.77673870 
-117648.77673870 
-117646.44131905 
-117645.25309110 
-117645.25309110 
-116963.23441977 
-116963.23441977 
-116963.23441977 
-116955.71899023 
-116955.71899023 
-113897.13430668 
-113797.66830200 
-113797.66830200 
-113797.66830200 
-113797.66830200 
-113445.20230731 
-113442.04027324 
-113428.84936579 
-113428.84936579 
-113428.80892831 
-113373.25863761 
-113373.25863761 
-113305.87997447 
-113305.87997447 
-113303.83016164 
-113301.24533290 
-113301.24533290 
-113301.23542147 
-113294.71101236 
-113294.71101236 
-113294.71101236 
-113294.71101236 
-113286.95443924 
-113286.95443924 
-113286.95066776 
-113283.15676528 
-113283.15676528 
-113283.15676528 
-113261.65337263 
-113258.38065226 
-113257.61163949 
-113247.09998717 
-113247.09998717 
-113247.09998717 
-113246.97287342 
-113244.69115724 
-113244.69115724 
-112898.47713897 
-112898.47713897 
-112897.82732141 
-112897.82732141 
-112897.82732141 
-112893.54124763 
-112889.61296471 
-112889.61296471 
-112889.61296471 
-112889.59279496 
-112889.50990162 
-112879.17348725 
-112879.17348725 
-112879.17348725 
-112879.15808547 
-112879.15808547 
-112735.60366224 
-112735.60366224 
-112735.60366224 
-112735.56313269 
-112735.56313269 
-112726.40044619 
-112726.40044619 
-112724.26774534 
-112724.26774534 
-112724.26774534 
-112717.66841120 
-112717.66841120 
-112717.64083450 
-112717.60295202 
-112717.60295202 
-112714.22730018 
-112687.07568485 
-112687.07568485 
-112686.84185370 
-112686.84185370 
-112686.84185370 
-112686.60375205 
-112686.60375205 
-112686.60375205 
-112686.60375205 
-112686.21107696 
-112685.16336271 
-112685.16336271 
-112685.16336271 
-112685.15538744 
-112685.15538744 
-112684.98222273 
-112684.98222273 
-112684.98222273 
-112684.70358642 
-112684.31465852 
-112684.31465852 
-112684.31465852 
-112684.31465852 
-112684.31465852 
-112684.31465852 
-112684.31465852 
-112684.31465852 
-112684.31465852 
-112684.31465852 
-112684.31465852 
-112684.31465852 
-112683.83924190 
-112674.93365368 
-112674.93365368 
-112674.28828185 
-112674.28828185 
-112674.28828185 
-112674.28828185 
-112673.66488592 
-112673.66488592 
-112673.66488592 
-112673.66488592 
-112673.65770883 
-112673.65770883 
-112673.65770883 
-112673.65770883 
-112673.63175540 
-112673.61937698 
-112643.98671242 
-112643.92803706 
-112643.92803706 
-112643.92803706 
-112643.92803706 
-112643.08967392 
-112643.08967392 
-112642.55047342 
-112642.55047342 
-112642.55047342 
-112642.37829265 
-112642.37829265 
-112642.37829265 
-112642.37829265 
-112642.37829265 
-112642.37829265 
-112642.37829265 
-112642.37829265 
-112642.37829265 
-112641.43248572 
-112641.43248572 
-112641.43248572 
-112641.43248572 
-112641.42714903 
-112641.42714903 
-112641.42714903 
-112641.42714903 
-112633.82140385 
-112633.68988331 
-112633.63847642 
-112633.63847642 
-112633.63847642 
-112633.53186320 
-112633.38631767 
-112633.38563493 
-112633.04136292 
-112632.96857247 
-112632.96857247 
-112632.83383204 
-112632.51911496 
-112632.51911496 
-112632.51911496 
-112632.51911496 
-112630.13446214 
-112630.13446214 
-112630.13446214 
-112630.13446214 
-112630.12856893 
-112630.12856893 
-112630.09707610 
-112630.04798525 
-112630.04798525 
-112630.02065904 
-112630.02065904 
-112630.02065904 
-112629.93796069 
-112629.93796069 
-112629.93796069 
-112629.93796069 
-112629.45328587 
-112629.45328587 
-112629.45144776 
-112629.45144776 
-112629.17674540 
-112629.17674540 
-112629.15835946 
-112629.15835946 
-112629.15835946 
-112629.15835946 
-112629.15835946 
-112628.95574707 
-112628.95574707 
-112628.95574707 
-112628.95574707 
-112628.95574707 
-112628.95574707 
-112628.95574707 
-112628.93705153 
-112628.93705153 
-112628.93705153 
-112628.93705153 
-112628.93705153 
-112628.90649617 
-112628.90649617 
-112628.89008422 
-112628.88676473 
-112628.88570035 
-112628.88570035 
-112628.86523143 
-112628.86523143 
-112628.86523143 
-112627.52616624 
-112627.45023523 
-112627.45023523 
-112627.43687715 
-112627.27567248 
-112627.27567248 
-112627.27567248 
-112627.27096345 
-112627.27096345 
-112627.27096345 
-112627.26851695 
-112627.24486314 
-112627.24013301 
-112627.24013301 
-112627.24013301 
-112627.24013301 
-112624.34106880 
-112624.34106880 
-112624.34106880 
-112624.27035619 
-112624.26966281 
-112624.26713256 
-112624.26713256 
-112624.26713256 
-112624.26713256 
-112624.16941843 
-112624.16941843 
-112624.16941843 
-112624.16941843 
-112624.16941843 
-112624.16782778 
-112624.16782778 
-112624.16782778 
-112624.16782778 
-112624.16782778 
-112624.16782773 
-112624.16782773 
-112624.16782773 
-112624.16657216 
-112624.16657216 
-112624.16657216 
-112624.15415282 
-112624.15415282 
-112624.15415282 
-112624.15415282 
-112624.15415282 
-112624.15359883 
-112624.15359883 
-112618.07778325 
-112618.07778325 
-112618.07778325 
-112618.07778325 
-112618.07778325 
-112618.07778325 
-112618.07778325 
-112618.07778325 
-112618.07778325 
-112618.07778325 
-112618.07703235 
-112618.07703235 
-112618.07703235 
