-1563736.10239353 
-1552533.51436226 
-1504614.94770727 
-1263445.30637272 
-1228201.95578456 
-862965.40809914 
-808664.84834653 
-764626.44004684 
-705796.82264734 
-612039.99920461 
-611656.05325786 
-601802.71655428 
-600919.41588547 
-484536.67810562 
-478461.09283137 
-331627.04487646 
-328392.50954395 
-328392.50954395 
-328350.71631505 
-328350.71631505 
-327687.99315145 
-320363.01155148 
-312040.73716596 
-301287.53808261 
-276632.24548032 
-276632.24548032 
-271297.13284340 
-269553.71522309 
-268982.52404963 
-265830.33726779 
-265830.33726779 
-265830.33726779 
-265101.50511286 
-261110.51130704 
-261110.51130704 
-253197.59991040 
-252797.34682873 
-252349.71075380 
-252349.71075380 
-244354.78453423 
-244353.45670097 
-244353.45670097 
-240576.16065537 
-239794.67026822 
-239550.14671430 
-239550.14671430 
-239431.06415900 
-239431.06415900 
-239431.06415900 
-236446.11932272 
-236446.11932272 
-219392.03166746 
-219392.03166746 
-213466.99839454 
-213466.99839454 
-189594.98276647 
-189590.21438070 
-189590.21438070 
-189071.22394275 
-184145.08118264 
-183837.68830761 
-183181.48340329 
-183160.66656372 
-183160.66656372 
-182839.08731998 
-182562.69556789 
-182512.22795625 
-169410.53026638 
-169410.53026638 
-163836.45701288 
-160397.72527686 
-160346.62881320 
-160346.62881320 
-160298.25181842 
-156694.75406001 
-138801.06624996 
-138801.06624996 
-138801.06624996 
-138800.41026396 
-138800.41026396 
-138800.41026396 
-137638.05268041 
-137629.68028333 
-137629.68028333 
-137627.78387352 
-137627.78387352 
-133302.00107816 
-133112.56430436 
-133106.44673350 
-133084.52720205 
-128892.00156552 
-118659.39983344 
-118647.56762475 
-118647.56762475 
-118647.56762475 
-118639.83760659 
-118600.95252899 
-118346.97067720 
-118346.49058974 
-118346.49058974 
-118346.49058974 
-118346.49058974 
-103851.00998652 
-103542.57700309 
-103536.14674913 
-103535.53052160 
-103302.68977434 
-103302.68977434 
-103302.27511428 
-103301.29763373 
-103301.29763373 
-103290.90193941 
-103290.90193941 
-102909.78713883 
-102907.45660721 
-94073.31966314 
-94073.31966314 
-93551.08936942 
-93551.08936942 
-93545.37202128 
-93545.37202128 
-93532.15459990 
-91314.64439739 
-91314.64439739 
-91314.64439739 
-91314.64439739 
-91314.64439739 
-91313.67437313 
-91309.70813841 
-91290.41647635 
-91290.41647635 
-91290.41647635 
-91290.41647635 
-91192.49499750 
-91097.81946389 
-91061.44755347 
-91061.15314323 
-91056.75918445 
-89642.28336621 
-89452.33209937 
-89441.18921592 
-89441.18921592 
-89441.17249762 
-89441.17249762 
-89441.17249762 
-89366.27096445 
-89366.27096445 
-89366.27096445 
-89364.89062543 
-89364.89062543 
-89364.89062543 
-89362.97761778 
-89362.97761778 
-89362.97761778 
-89273.07920158 
-89240.98684565 
-89237.53010307 
-89237.53010307 
-89236.08875116 
-89235.99905078 
-89233.78831142 
-89216.56241946 
-89216.56241946 
-89147.98155898 
-89145.91064664 
-89100.71768475 
-89099.19486524 
-89099.19486524 
-89099.16745889 
-89099.16745889 
-89099.16745889 
-89099.16745889 
-89098.58322378 
-89098.55290613 
-89098.20910841 
-89098.20910841 
-89098.20910841 
-89090.97382315 
-89090.97382315 
-89090.97382315 
-89090.97382315 
-89073.30688422 
-89059.47743934 
-89031.35884644 
-89031.29452917 
-89010.94117485 
-88874.21601734 
-88873.08141399 
-88872.41460003 
-88872.41460003 
-88872.41460003 
-88872.31776739 
-88872.31776739 
-88872.31776739 
-88872.11707382 
-88854.78946391 
-88854.78946391 
-88848.13659981 
-88847.02404701 
-88837.69561425 
-88837.69561425 
-88837.69561425 
-88837.69561425 
-88837.69561425 
-88836.89049422 
-88836.89049422 
-88836.89049422 
-88835.82062365 
-88835.82062365 
-88835.82062365 
-88835.82062365 
-88835.82062365 
-88835.82062365 
-88835.82062365 
-88835.82062365 
-88740.42644319 
-88740.42534433 
-88740.42534433 
-88733.33469853 
-88733.26493875 
-88731.88942863 
-88731.88942863 
-88731.88942863 
-88731.36896057 
-88731.36896057 
-88731.36896057 
-88731.36370984 
-88712.52503472 
-88712.52503472 
-88694.86894624 
-88694.21195955 
-88654.27310435 
-88654.27305030 
-88653.70097663 
-88640.63109096 
-88640.55947160 
-88640.52593935 
-88640.52593935 
-88640.52593935 
-88640.52593935 
-88640.52593935 
-88640.36270194 
-88640.36270194 
-88640.36270194 
-88640.36270194 
-88640.36270194 
-88640.36270194 
-88633.57500783 
-88633.57500783 
-88632.73971472 
-88632.01146975 
-88631.95275977 
-88631.90067611 
-88631.90067611 
-88631.89092502 
-88631.89092502 
-88631.89092502 
-88631.89092502 
-88631.89092502 
-88631.89092502 
-88631.89092502 
-88631.01774014 
-88631.01774014 
-88631.01774014 
-88631.01774014 
-88630.73557490 
-88630.60525099 
-88630.43646257 
-88630.28955665 
-88630.24404815 
-88630.24404815 
-88630.24404815 
-88630.24404815 
-88630.24404815 
-88630.24404815 
-88627.95229184 
-88627.95229184 
-88627.87624800 
-88627.65920833 
-88627.65920833 
-88627.65920833 
-88627.65920833 
-88627.65920833 
-88627.65920833 
-88627.65920833 
-88627.65920833 
-88627.42038705 
-88626.96310496 
-88626.69434360 
-88626.69434360 
-88626.68483832 
-88626.68483832 
-88626.68483832 
-88626.68483832 
-88626.68483832 
-88625.25153428 
-88625.25153428 
-88625.25153428 
-88625.25153428 
-88625.20810264 
-88625.18089127 
-88625.18089127 
-88625.18089127 
-88625.18089127 
-88625.18089127 
-88625.18089127 
-88625.18089127 
-88623.43614500 
-88623.10063506 
-88623.08105825 
-88623.08105825 
-88623.08105825 
-88623.07076288 
-88623.07076288 
-88621.61534916 
-88621.60123388 
-88621.60123388 
-88621.59985584 
-88621.59985584 
-88621.58670605 
-88621.58670605 
-88621.58670605 
-88621.58670605 
-88621.58670605 
-88621.58670605 
-88621.54868995 
-88621.54868995 
-88621.54868995 
-88621.54868995 
-88621.54868995 
-88621.54868995 
-88621.54868995 
-88621.54868995 
-88621.54868995 
-88621.54868995 
-88621.54868995 
-88621.54868995 
-88621.54868995 
-88621.47932817 
-88621.47932817 
-88620.29810761 
-88620.13713615 
-88620.13713615 
-88620.13713615 
-88620.13713615 
-88620.13713615 
-88620.13713615 
-88620.13713615 
-88620.13713615 
-88620.13523166 
-88620.13523166 
-88619.96361235 
-88619.96361235 
-88619.96361235 
-88619.96361235 
-88619.83229692 
-88619.83229692 
-88619.83229692 
-88619.83229692 
-88619.65998786 
-88619.65998786 
-88619.65998786 
-88619.65998786 
-88619.65998786 
-88619.65998786 
-88619.65998786 
-88619.64286052 
-88619.64286052 
-88619.64286052 
-88619.64286052 
-88619.64286052 
-88619.64286052 
-88619.64286052 
-88619.64286052 
-88619.64286052 
-88619.64286052 
-88619.64286052 
-88619.64286052 
-88619.64286052 
-88619.64286052 
-88619.64286052 
-88619.64286052 
-88619.62541381 
-88619.62541381 
-88619.62541381 
-88619.62541381 
-88619.60471526 
-88619.60471526 
-88619.60471526 
-88619.56963827 
-88619.56963827 
-88619.56963827 
-88619.56963827 
-88619.56963827 
-88619.56963827 
-88619.45397469 
-88619.45397469 
-88619.45397469 
-88619.45397469 
-88619.44984581 
