-1141222.12644167 
-1122075.94271977 
-1116613.69722938 
-1116613.69722938 
-1082143.65812471 
-1081707.35771194 
-948045.60636596 
-839452.44148251 
-838752.70408994 
-837227.48641363 
-822528.67023589 
-694010.35000296 
-588610.12145372 
-337559.07691492 
-306258.71633798 
-304829.52370837 
-304829.52370837 
-304314.97571430 
-303596.49144813 
-300256.95597994 
-300256.95597994 
-297300.28345756 
-292713.85769650 
-290647.55107262 
-273916.13534095 
-264537.33465701 
-264537.33465701 
-262251.42390372 
-257244.70636535 
-257244.70636535 
-257244.70636535 
-257224.80958500 
-257224.80958500 
-257224.80958500 
-239526.04010536 
-239340.60076382 
-238383.12599477 
-238201.53433719 
-224118.93589522 
-223298.07387117 
-222715.77640725 
-217962.92335933 
-217434.55251678 
-216401.70882912 
-216401.70882912 
-216181.09812159 
-214263.18876046 
-214207.86112119 
-214207.86112119 
-204790.56044168 
-198406.34630134 
-198406.34630134 
-192052.26018861 
-183673.20165675 
-183643.64974785 
-183436.27111974 
-183417.20483711 
-171619.14196689 
-171440.10379935 
-171396.18331913 
-171396.18331913 
-168382.74906612 
-168218.71062877 
-168218.71062877 
-167511.40956222 
-167511.40956222 
-167511.40956222 
-167353.92351903 
-166643.42718332 
-166365.62873494 
-166033.85351426 
-166029.26084061 
-166027.72054308 
-111223.03303217 
-111023.24896757 
-111023.24896757 
-111023.24896757 
-110912.72180224 
-110894.72415189 
-110894.72415189 
-110894.72415189 
-110149.36760975 
-110149.36760975 
-110018.71963025 
-109948.42044591 
-109719.72096502 
-109421.53553656 
-108671.44423057 
-108606.45938911 
-108606.45938911 
-108583.23105662 
-108583.01712009 
-108127.87462201 
-108126.08480941 
-108116.25007910 
-108043.45506090 
-107973.70167277 
-107971.67493996 
-107864.22389725 
-107709.24691179 
-107582.22180094 
-107582.22180094 
-107580.33250617 
-107381.57442952 
-107381.57442952 
-106108.12175028 
-105983.80257177 
-105983.80257177 
-105750.10091803 
-105696.45047641 
-105696.45047641 
-105690.95926200 
-105594.66327424 
-105561.51023681 
-105561.51023681 
-105544.83373933 
-105544.83373933 
-105526.47211414 
-105501.31663648 
-105293.87479035 
-105288.94366322 
-104266.18599844 
-104260.66059665 
-104253.88166972 
-104253.88166972 
-104230.89706059 
-104230.65449085 
-104226.84754393 
-104086.01905912 
-104081.00557618 
-104065.77505916 
-104061.97818984 
-104051.75000356 
-104050.90604481 
-104050.90604481 
-103855.17533716 
-103855.17533716 
-103469.13389870 
-103450.57616536 
-103450.57616536 
-103389.21891994 
-103385.61994984 
-103385.61994984 
-103385.61994984 
-103345.10298129 
-103345.10298129 
-103345.10298129 
-103345.05570417 
-103328.29852446 
-103328.29852446 
-103328.29852446 
-103322.97367952 
-103322.97367952 
-103210.68657575 
-103210.68657575 
-103210.68657575 
-103210.68657575 
-103207.54707118 
-103207.54707118 
-103207.54707118 
-103189.58675872 
-103189.58675872 
-103189.58675872 
-103188.89722237 
-103159.49948741 
-103159.49948741 
-103158.92220114 
-103158.92220114 
-103158.92220114 
-103156.70142208 
-103156.54786018 
-103156.54786018 
-103156.54786018 
-103155.43952021 
-103152.77077375 
-103152.77077375 
-103152.77077375 
-103150.99920094 
-103150.99920094 
-103150.91562436 
-103150.91562436 
-103150.89401824 
-103148.97964184 
-103133.23872903 
-103133.07488848 
-103113.06197565 
-103112.66909061 
-103112.66909061 
-103112.66909061 
-103111.40552631 
-103109.98395064 
-103109.98395064 
-103107.96736923 
-103107.96433138 
-103098.71329149 
-103098.71329149 
-103069.88339842 
-103069.88126652 
-103069.49636247 
-103069.49636247 
-103069.49636247 
-103051.42789646 
-103051.04582292 
-103051.04582292 
-103051.04582292 
-103051.04582292 
-103051.04582292 
-103051.04582292 
-103047.87506488 
-103047.87506488 
-103047.87506488 
-103047.87506488 
-103047.87506488 
-103047.87506488 
-103047.87383317 
-103038.85910871 
-103038.85910871 
-103038.74018710 
-103038.55309274 
-103038.55309274 
-103036.91016410 
-103035.69480739 
-103035.69480739 
-103035.69480739 
-103035.64708270 
-103035.64708270 
-103033.28126300 
-103033.28126300 
-103032.65045332 
-103032.64897140 
-103032.52421575 
-103032.52421575 
-103032.52421575 
-103032.52421575 
-103032.52421575 
-103032.51926975 
-103031.46621657 
-103030.56675901 
-103030.56675901 
-103028.43791871 
-103028.43791871 
-103028.43791871 
-103028.43791871 
-103028.43791871 
-103028.43167557 
-103028.43167557 
-103028.17461661 
-103019.47883453 
-103019.47883453 
-103019.47883453 
-103019.43453914 
-103019.43453914 
-103019.29965322 
-103018.81955118 
-103018.81955118 
-103017.77797321 
-103017.77797321 
-103017.77797321 
-103017.77797321 
-103017.77481116 
-103014.86022722 
-103014.86022722 
-103014.86022722 
-103014.50257113 
-103014.50257113 
-103014.46088102 
-103014.44844862 
-103014.39721548 
-103014.34922900 
-103013.58486028 
-103013.51493925 
-103013.51493925 
-103013.51350726 
-103013.51350726 
-103013.51350726 
-103013.51350726 
-103013.51350726 
-103013.51350726 
-103013.36970215 
-103013.36970215 
-103013.36970215 
-103013.36970215 
-103013.33671927 
-103013.27484557 
-103013.24678175 
-103013.24678175 
-103013.24678175 
-103013.24678175 
-103013.24678175 
-103013.24678175 
-103013.19310826 
-103013.18961572 
-103012.35125009 
-103012.35094048 
-103012.35094048 
-103012.15783751 
-103012.15783751 
-103012.15783751 
-103012.15783751 
-103012.15783751 
-103012.15783751 
-103012.06589985 
-103011.96272431 
-103011.15804047 
-103011.13833605 
-103011.13833605 
-103011.12591872 
-103011.12591872 
-103011.12591872 
-103011.12591872 
-103011.12591872 
-103011.12591872 
-103011.09928687 
-103011.09928687 
-103011.09928687 
-103011.09928687 
-103011.09928687 
-103011.09928687 
-103011.09928687 
-103011.09928687 
-103011.05696191 
-103011.05696191 
-103011.05696191 
-103011.05696191 
-103011.05696191 
-103011.05696191 
-103010.83679867 
-103010.83679867 
-103010.83679867 
-103010.82844287 
-103010.82844287 
-103010.81047418 
-103010.81047418 
-103010.81047418 
-103010.81047418 
-103010.81047418 
-103010.81047418 
-103010.81047418 
-103010.79865874 
-103010.79865874 
-103010.19078508 
-103010.19070852 
-103010.19070852 
-103010.19070852 
-103010.19070852 
-103010.10804632 
-103010.10804632 
-103010.10804632 
-103010.10804632 
-103010.10804632 
-103010.10804632 
-103010.10804632 
-103010.08483558 
-103010.08483558 
-103010.08483558 
-103010.08483558 
-103010.08483558 
-103010.08483558 
-103010.08483558 
-103010.08483558 
-103010.01607123 
-103010.01607123 
-103010.01607123 
-103010.01607123 
-103010.01607123 
-103010.01607123 
-103010.01607123 
-103010.01607123 
-103010.01607123 
-103010.01607123 
-103009.98583923 
-103009.98583923 
-103009.98583923 
-103009.98583923 
-103009.98583923 
-103009.98583923 
-103009.97214657 
-103009.97214657 
-103009.97214657 
-103009.97214657 
-103009.93706451 
-103009.93706451 
-103009.93706451 
-103009.93706451 
-103009.93706451 
-103009.93706451 
-103009.93706451 
-103009.93706451 
-103009.93706451 
-103009.93706451 
-103009.93706451 
-103009.93706451 
-103009.93706451 
-103009.93706451 
-103009.90458565 
-103009.90458565 
-103009.90458565 
-103009.90458565 
-103009.90458565 
-103009.90458565 
