-1420138.58423395 
-1407706.51658122 
-1353664.95037458 
-1349788.84354694 
-1291160.18388046 
-1283004.23952297 
-1257582.61162845 
-1220188.64290117 
-1203219.71933357 
-919794.14450960 
-915992.19158023 
-888822.18527635 
-691740.66233503 
-617914.86126442 
-410363.65852265 
-394332.02880228 
-390056.29084375 
-388426.15783500 
-388426.15783500 
-383496.18237343 
-383496.18237343 
-383265.87320483 
-374691.22493127 
-374691.22493127 
-318102.81723954 
-317729.72674549 
-315722.84062894 
-295287.54996003 
-286437.46667717 
-286437.46667717 
-282394.13993896 
-280896.26729753 
-280896.26729753 
-280896.26729753 
-280896.26729753 
-280896.26729753 
-279403.74537960 
-279403.74537960 
-279403.74537960 
-274002.46497515 
-274002.46497515 
-273074.80282772 
-272432.78039043 
-270722.69996918 
-270722.69996918 
-267916.27310929 
-267387.38862111 
-266109.13027874 
-266027.93684094 
-260773.58627902 
-251458.91778010 
-251274.93192349 
-250623.74630995 
-250623.74630995 
-250623.74630995 
-247607.99327006 
-247508.68520397 
-247473.52477713 
-245488.07859527 
-243612.82641536 
-243406.46141077 
-240980.43332057 
-240787.95504857 
-240787.95504857 
-240786.99476560 
-240024.57158119 
-240024.57158119 
-237535.22314915 
-236623.46311916 
-236623.46311916 
-236568.75003089 
-216839.43520296 
-216827.53970799 
-216818.16511371 
-215832.81976035 
-215832.81976035 
-215803.60588952 
-213677.98325707 
-213677.98325707 
-212646.40214644 
-212628.12023886 
-209791.57447076 
-155168.06268644 
-130043.15853713 
-130043.15853713 
-130024.72699604 
-130024.72699604 
-130024.72699604 
-129925.86234250 
-129894.88203974 
-128941.57005557 
-128941.57005557 
-128939.53851235 
-128697.06792910 
-128545.37961294 
-124796.46778890 
-124796.46778890 
-121085.96160530 
-117656.57972191 
-117656.57972191 
-117656.57972191 
-117597.27260828 
-117581.85055211 
-116517.17639559 
-116517.17639559 
-116240.29844371 
-113985.70381570 
-113941.78713164 
-113900.74309003 
-113856.89195054 
-113856.89195054 
-110073.64678707 
-110073.64678707 
-108749.82985730 
-108539.11968820 
-107737.22856249 
-107674.97697052 
-107674.97697052 
-107668.69040656 
-107668.69040656 
-107621.47378400 
-107621.47378400 
-107621.47378400 
-107611.34970435 
-107611.29789000 
-107611.29789000 
-107611.29789000 
-106078.77116299 
-106072.97754003 
-105757.00595230 
-105757.00595230 
-105732.73752808 
-105730.51064111 
-105730.34215178 
-105729.34597111 
-105729.34597111 
-105729.34597111 
-105725.08419564 
-105563.22256198 
-105558.81705025 
-105558.54140240 
-105543.13753509 
-105543.13753509 
-98824.22076734 
-98819.33585697 
-98819.33585697 
-98819.33585697 
-98819.33585697 
-98804.58429843 
-98784.75539644 
-98784.66731347 
-98784.66731347 
-98780.72965173 
-98739.81181059 
-98673.76303385 
-98672.65453484 
-98672.65453484 
-98657.44449578 
-98656.71662802 
-98135.53250357 
-98135.53250357 
-98135.53250357 
-98133.09733535 
-98125.51084561 
-98119.33252582 
-98119.33252582 
-98119.33252582 
-98107.47522209 
-98092.50180652 
-98092.50180652 
-98074.97477489 
-98074.97477489 
-98074.97477489 
-98074.97477489 
-98074.97477489 
-98074.97477489 
-98074.97477489 
-98013.70325511 
-97983.93835789 
-97983.93835789 
-97983.50888453 
-97983.50888453 
-97983.50888453 
-97979.98657772 
-97955.97316218 
-97942.08069992 
-97933.60335420 
-97933.60335420 
-97933.60335420 
-97933.60335420 
-97933.60335420 
-97933.60335420 
-97930.30601847 
-97920.28252318 
-97882.08391521 
-97881.89119995 
-97880.43788767 
-97880.43788767 
-97880.43788767 
-97864.57091379 
-97826.82718181 
-97826.82718181 
-97825.45278706 
-97825.45278706 
-97825.45278706 
-97825.23456261 
-97824.99335134 
-97814.17879030 
-97814.17879030 
-97790.63297259 
-97790.63297259 
-97790.63297259 
-97790.23359210 
-97790.23359210 
-97790.23359210 
-97784.50040453 
-97784.50040453 
-97782.29425175 
-97775.14236294 
-97775.14236294 
-97775.14236294 
-97775.12128287 
-97775.12128287 
-97775.12128287 
-97775.12128287 
-97775.12128287 
-97775.12128287 
-97773.04514210 
-97772.44203802 
-97772.44203802 
-97772.44203802 
-97772.44203802 
-97730.89553531 
-97729.57595200 
-97728.48693488 
-97728.48693488 
-97728.32535256 
-97728.32535256 
-97727.41229181 
-97727.39560813 
-97726.04808513 
-97720.25008231 
-97697.59835110 
-97697.59835110 
-97697.57968893 
-97697.36355922 
-97697.36355922 
-97692.38667515 
-97692.38667515 
-97692.38667515 
-97692.23805753 
-97692.23805753 
-97691.64211306 
-97691.64211306 
-97691.64211306 
-97691.64211306 
-97691.64211306 
-97691.64211306 
-97691.64211306 
-97691.64211306 
-97691.64211306 
-97691.64211306 
-97691.64211306 
-97691.64211306 
-97688.52216142 
-97688.52216142 
-97688.01253408 
-97688.01253408 
-97688.01253408 
-97687.97672602 
-97687.88959893 
-97687.88959893 
-97687.21289611 
-97685.26353727 
-97685.26353727 
-97685.26353727 
-97685.26353727 
-97685.26353727 
-97685.25869100 
-97685.25869100 
-97685.25869100 
-97685.25869100 
-97685.25745227 
-97685.25745227 
-97684.85548788 
-97684.85548788 
-97684.85548788 
-97684.85548788 
-97684.85548788 
-97684.85548788 
-97684.85548788 
-97684.39193009 
-97684.39193009 
-97684.39193009 
-97684.38496266 
-97684.38496266 
-97684.38496266 
-97684.38496266 
-97684.38420625 
-97684.38420625 
-97684.38420625 
-97684.38420625 
-97684.38420625 
-97684.38420625 
-97684.38420625 
-97683.85575403 
-97683.85575403 
-97682.82158656 
-97682.82158656 
-97682.82158656 
-97682.82158656 
-97682.82158656 
-97682.81254258 
-97682.81254258 
-97682.79758486 
-97682.79758486 
-97682.79758486 
-97682.79758486 
-97682.79758486 
-97682.79758486 
-97682.79758486 
-97682.79758486 
-97682.79758486 
-97682.79758486 
-97682.79758486 
-97682.79758486 
-97682.79758486 
-97682.79758486 
-97682.79546616 
-97682.79546616 
-97682.77953622 
-97682.77953622 
-97682.77953622 
-97682.77953622 
-97682.77953622 
-97682.77953622 
-97682.77953622 
-97682.77953622 
-97682.77953622 
-97682.77953622 
-97682.77953622 
-97682.77953622 
-97682.77953622 
-97682.77953622 
-97682.77953622 
-97682.60594757 
-97682.60594757 
-97682.57730564 
-97682.57703235 
-97682.57703235 
-97682.54393026 
-97682.54393026 
-97682.53275689 
-97682.12048171 
-97682.12048171 
-97682.12048171 
-97682.12048171 
-97682.12048171 
-97682.12048171 
-97682.12048171 
-97682.12048171 
-97682.12048171 
-97682.11730513 
-97682.07699920 
-97682.07699920 
-97682.07699920 
-97682.07531516 
-97682.07531516 
-97682.07531516 
-97681.89935014 
-97681.89935014 
-97681.89935014 
-97681.89935014 
-97681.89935014 
-97681.89883883 
-97681.89883883 
-97681.89883883 
-97681.89883883 
-97681.89883883 
-97681.89883883 
-97681.89883883 
-97681.89883883 
-97681.89883883 
-97681.89883883 
-97681.89883883 
-97681.85236203 
-97681.85236203 
-97681.78433508 
-97681.78433508 
-97681.78433508 
-97681.78433508 
-97681.78433508 
-97681.78433508 
-97681.74197143 
-97681.74197143 
-97681.74197143 
-97681.74175624 
-97681.67921212 
-97681.67921212 
-97681.54740338 
