-1364146.55212017 
-1348451.24043847 
-1343925.26666699 
-1300175.66551813 
-1174585.36047075 
-1167209.13376050 
-1124818.00283624 
-1020623.27385097 
-988602.76426618 
-773424.61966812 
-770294.39284377 
-600686.66982824 
-524195.49151653 
-524195.49151653 
-228857.61995894 
-228857.61995894 
-228857.61995894 
-214998.83323770 
-214121.54666083 
-214121.54666083 
-199411.07228782 
-198025.49662011 
-197989.73879202 
-196345.91898482 
-196345.91898482 
-196041.33938889 
-194426.51666938 
-194426.51666938 
-190904.60689440 
-190253.58748948 
-187924.17025217 
-187861.54079547 
-187694.31615083 
-187694.31615083 
-187694.31615083 
-183868.18614951 
-173310.23577976 
-173217.95143130 
-160876.33678243 
-160876.33678243 
-149896.68573011 
-149450.01690061 
-149450.01690061 
-147679.04898818 
-136297.29877889 
-136297.29877889 
-136297.29877889 
-136286.10400042 
-135535.32192189 
-135535.32192189 
-134668.41126065 
-127143.27075832 
-127143.27075832 
-123237.42759777 
-123237.42759777 
-123207.55754799 
-123044.42686763 
-123026.64036400 
-121115.88630893 
-121115.88630893 
-116281.80351204 
-116137.68615382 
-116096.42622991 
-116074.84442316 
-115566.63182792 
-115001.78650744 
-113770.16299183 
-111970.27636428 
-111955.02107947 
-111917.57946541 
-111808.67850782 
-111752.79953859 
-111752.79953859 
-111752.79953859 
-111498.68879403 
-111225.47341799 
-110904.92480679 
-110904.92480679 
-110624.76236201 
-110623.88220779 
-110501.32159251 
-110501.32159251 
-109244.01684381 
-109041.78258450 
-107062.93468440 
-107062.93468440 
-106915.90279259 
-106882.17446731 
-106717.75446329 
-106717.75446329 
-106717.75446329 
-106717.75446329 
-106717.75446329 
-106717.75148634 
-106717.75148634 
-106624.05263997 
-106624.05263997 
-106606.43873018 
-106377.78182304 
-106377.78182304 
-106238.82459157 
-106224.98227627 
-105566.07884298 
-105566.07884298 
-101883.08435018 
-101877.86144263 
-101877.85710451 
-101875.08612384 
-101875.05532253 
-101875.05532253 
-101873.46198375 
-101752.26420424 
-101750.55267316 
-101740.65509438 
-101739.28125710 
-101461.05070005 
-101461.05070005 
-101461.05070005 
-101310.98427362 
-101309.84080383 
-100954.08694265 
-100945.97701486 
-100944.98060981 
-100940.72478967 
-100940.72478967 
-100940.72401063 
-100940.72401063 
-100930.03397241 
-100922.35928106 
-100920.88181650 
-100910.41802110 
-100892.73414785 
-100887.42542818 
-100887.42542818 
-100887.42542818 
-100886.99381963 
-100886.99381963 
-100886.99381963 
-100886.99381963 
-100882.84522927 
-100830.92069897 
-100830.71329894 
-100827.34340932 
-100823.87946137 
-100735.66256755 
-100734.61860464 
-100734.41054974 
-100734.41054974 
-100734.41054974 
-100734.41054974 
-100733.73821683 
-100733.73821683 
-100733.73821683 
-100732.54771438 
-100732.54771438 
-100731.80776185 
-100731.80776185 
-100731.02361930 
-100729.67968396 
-100729.67968396 
-100727.36745743 
-100727.35266177 
-100727.35266177 
-100727.16374182 
-100727.16374182 
-100726.32983642 
-100726.32983642 
-100726.32983642 
-100726.32983642 
-100726.32983642 
-100726.31969847 
-100726.31969847 
-100726.31969847 
-100726.16052736 
-100726.16052736 
-100725.79281150 
-100719.74346247 
-100719.74346247 
-100719.68963718 
-100715.36035273 
-100715.36035273 
-100715.36035273 
-100715.36035273 
-100715.36035273 
-100715.00828825 
-100715.00828825 
-100715.00617651 
-100715.00617651 
-100715.00617651 
-100715.00617651 
-100715.00617651 
-100714.98074171 
-100714.75090201 
-100714.58711149 
-100714.58711149 
-100709.69602684 
-100709.03788779 
-100708.98089424 
-100708.98089424 
-100708.98089424 
-100708.98089424 
-100708.98089424 
-100708.97870167 
-100708.97870167 
-100708.97870167 
-100708.97870167 
-100708.97870167 
-100708.97870167 
-100707.88650022 
-100707.87501090 
-100707.87501090 
-100707.39748341 
-100707.39744277 
-100707.39485013 
-100707.39485013 
-100706.97706488 
-100706.96638631 
-100706.96638631 
-100706.92551753 
-100706.92551753 
-100706.43444707 
-100706.41883798 
-100706.41883798 
-100706.34366891 
-100706.27170369 
-100706.13907710 
-100706.13907710 
-100705.83415529 
-100705.82727279 
-100705.82727279 
-100705.82727279 
-100705.80583154 
-100705.80583154 
-100705.80583154 
-100705.80581834 
-100705.39152166 
-100705.39152166 
-100705.37266048 
-100705.37266048 
-100705.37266048 
-100705.37266048 
-100705.37266048 
-100705.37247376 
-100705.29161382 
-100705.29161382 
-100705.29161382 
-100705.29161382 
-100704.92992444 
-100704.31346253 
-100704.31346253 
-100704.31346253 
-100703.99030994 
-100703.99030994 
-100703.95884624 
-100703.95884624 
-100703.95884624 
-100703.95884624 
-100703.95884624 
-100703.95859985 
-100703.95859985 
-100703.95859985 
-100703.95859985 
-100703.95850265 
-100703.95850265 
-100703.95850265 
-100703.95850265 
-100703.95850265 
-100703.68046868 
-100703.46345557 
-100703.46345557 
-100702.82490436 
-100702.82490436 
-100702.82490436 
-100702.82490436 
-100702.82490436 
-100702.82490436 
-100702.82490436 
-100702.82490436 
-100702.82397401 
-100702.64897260 
-100702.64897260 
-100702.64897260 
-100702.64897260 
-100702.31999577 
-100702.31999577 
-100702.31999577 
-100700.07651644 
-100700.07651644 
-100700.07651644 
-100700.07651644 
-100700.07651644 
-100700.07651644 
-100700.07643949 
-100700.07643949 
-100700.07643949 
-100700.07643949 
-100700.07643949 
-100700.07643949 
-100700.07643949 
-100700.07643949 
-100700.05326375 
-100700.05326375 
-100700.05326375 
-100700.05326375 
-100700.05326375 
-100700.05326375 
-100700.05326375 
-100700.05326375 
-100700.05326375 
-100700.05326375 
-100700.05326375 
-100700.05326375 
-100700.05326375 
-100700.05326375 
-100700.05326375 
-100700.02202695 
-100700.02202695 
-100700.02202695 
-100700.02202695 
-100700.02202695 
-100700.02202695 
-100700.02202695 
-100700.02202695 
-100700.02202695 
-100700.02202695 
-100700.02202695 
-100700.02188314 
-100700.02188314 
-100700.02188314 
-100700.01633724 
-100700.01633724 
-100700.01633724 
-100700.01633724 
-100700.01633724 
-100700.01633724 
-100700.01633724 
-100700.00760038 
-100700.00760038 
-100700.00760038 
-100699.94348428 
-100699.94348428 
-100699.94348428 
-100699.94348428 
-100699.94348428 
-100699.94348428 
-100699.94348428 
-100699.94348428 
-100699.94348428 
-100699.94348428 
-100699.94348428 
-100699.94348428 
-100699.94348428 
-100699.93940836 
-100699.93697962 
-100699.93697962 
-100699.93697962 
-100699.93697962 
-100699.93697962 
-100699.93697962 
-100699.93697962 
-100699.93697962 
-100699.93697962 
-100699.93697962 
-100699.93697962 
-100699.93697962 
-100699.90016469 
-100699.90016469 
-100699.90016469 
-100699.89808955 
-100699.89808955 
-100699.89808955 
-100699.89808955 
-100699.89808955 
-100699.89808955 
-100699.89808955 
-100699.72780292 
-100699.72780292 
-100699.72780292 
-100699.72780292 
-100699.72780292 
-100699.72780292 
-100699.72780292 
-100699.72780292 
-100699.72780292 
-100699.72780292 
-100699.72295375 
-100699.72294505 
-100699.72294505 
-100699.72294505 
-100699.72294505 
-100699.72294505 
-100699.72294505 
-100699.72294505 
-100699.72294505 
-100699.72294505 
-100699.72294505 
-100699.72294505 
-100699.72294505 
-100699.72294505 
-100699.72235958 
