0.93737174 	0.79732037 	0.40592927 	0.32945839 	0.73707860 	0.57187860 	0.67641580 	0.66496682 	0.54545788 	0.97647785 	0.52864642 	0.87209102 	0.26989124 	0.65706572 	0.81730159 	0.90525426 	
0.93737174 	0.99485588 	0.40592927 	0.32945839 	0.73707860 	0.57187860 	0.67641580 	0.66496682 	0.54545788 	0.97647785 	0.52864642 	0.87209102 	0.26989124 	0.65706572 	0.81730159 	0.90525426 	
0.93737174 	0.99485588 	0.95540021 	0.32945839 	0.73707860 	0.57187860 	0.67641580 	0.66496682 	0.54545788 	0.97647785 	0.52864642 	0.87209102 	0.26989124 	0.65706572 	0.81730159 	0.90525426 	
0.93737174 	0.99485588 	0.95540021 	0.99314371 	0.73707860 	0.57187860 	0.67641580 	0.66496682 	0.54545788 	0.97647785 	0.52864642 	0.87209102 	0.26989124 	0.65706572 	0.81730159 	0.90525426 	
0.93737174 	0.99485588 	0.95540021 	0.99314371 	0.91877060 	0.57187860 	0.67641580 	0.66496682 	0.54545788 	0.97647785 	0.52864642 	0.87209102 	0.26989124 	0.65706572 	0.81730159 	0.90525426 	
0.93737174 	0.99485588 	0.95540021 	0.99314371 	0.91877060 	0.88040141 	0.67641580 	0.66496682 	0.54545788 	0.97647785 	0.52864642 	0.87209102 	0.26989124 	0.65706572 	0.81730159 	0.90525426 	
0.93737174 	0.99485588 	0.95540021 	0.99314371 	0.91877060 	0.88040141 	0.94172710 	0.66496682 	0.54545788 	0.97647785 	0.52864642 	0.87209102 	0.26989124 	0.65706572 	0.81730159 	0.90525426 	
0.93737174 	0.99485588 	0.95540021 	0.99314371 	0.91877060 	0.88040141 	0.94172710 	0.98423936 	0.54545788 	0.97647785 	0.52864642 	0.87209102 	0.26989124 	0.65706572 	0.81730159 	0.90525426 	
0.93737174 	0.99485588 	0.95540021 	0.99314371 	0.91877060 	0.88040141 	0.94172710 	0.98423936 	0.97750120 	0.97647785 	0.52864642 	0.87209102 	0.26989124 	0.65706572 	0.81730159 	0.90525426 	
0.93737174 	0.99485588 	0.95540021 	0.99314371 	0.91877060 	0.88040141 	0.94172710 	0.98423936 	0.97750120 	0.97777759 	0.52864642 	0.87209102 	0.26989124 	0.65706572 	0.81730159 	0.90525426 	
0.93737174 	0.99485588 	0.95540021 	0.99314371 	0.91877060 	0.88040141 	0.94172710 	0.98423936 	0.97750120 	0.97777759 	0.98238295 	0.87209102 	0.26989124 	0.65706572 	0.81730159 	0.90525426 	
0.93737174 	0.99485588 	0.95540021 	0.99314371 	0.91877060 	0.88040141 	0.94172710 	0.98423936 	0.97750120 	0.97777759 	0.98238295 	0.88925322 	0.26989124 	0.65706572 	0.81730159 	0.90525426 	
0.93737174 	0.99485588 	0.95540021 	0.99314371 	0.91877060 	0.88040141 	0.94172710 	0.98423936 	0.97750120 	0.97777759 	0.98238295 	0.88925322 	0.95401242 	0.65706572 	0.81730159 	0.90525426 	
0.93737174 	0.99485588 	0.95540021 	0.99314371 	0.91877060 	0.88040141 	0.94172710 	0.98423936 	0.97750120 	0.97777759 	0.98238295 	0.88925322 	0.95401242 	0.85798255 	0.81730159 	0.90525426 	
0.93737174 	0.99485588 	0.95540021 	0.99314371 	0.91877060 	0.88040141 	0.94172710 	0.98423936 	0.97750120 	0.97777759 	0.98238295 	0.88925322 	0.95401242 	0.85798255 	0.87891464 	0.90525426 	
0.93737174 	0.99485588 	0.95540021 	0.99314371 	0.91877060 	0.88040141 	0.94172710 	0.98423936 	0.97750120 	0.97777759 	0.98238295 	0.88925322 	0.95401242 	0.85798255 	0.87891464 	0.92538474 	
0.93737174 	0.99485588 	0.95540021 	0.99314371 	0.91877060 	0.88040141 	0.94172710 	0.98423936 	0.97750120 	0.97777759 	0.98238295 	0.88925322 	0.95401242 	0.85798255 	0.87891464 	0.92538474 	
0.93737174 	0.99768797 	0.95540021 	0.99314371 	0.91877060 	0.88040141 	0.94172710 	0.98423936 	0.97750120 	0.97777759 	0.98238295 	0.88925322 	0.95401242 	0.85798255 	0.87891464 	0.92538474 	
0.93737174 	0.99768797 	0.97844361 	0.99314371 	0.91877060 	0.88040141 	0.94172710 	0.98423936 	0.97750120 	0.97777759 	0.98238295 	0.88925322 	0.95401242 	0.85798255 	0.87891464 	0.92538474 	
0.93737174 	0.99768797 	0.97844361 	0.99684955 	0.91877060 	0.88040141 	0.94172710 	0.98423936 	0.97750120 	0.97777759 	0.98238295 	0.88925322 	0.95401242 	0.85798255 	0.87891464 	0.92538474 	
0.93737174 	0.99768797 	0.97844361 	0.99684955 	0.93875950 	0.88040141 	0.94172710 	0.98423936 	0.97750120 	0.97777759 	0.98238295 	0.88925322 	0.95401242 	0.85798255 	0.87891464 	0.92538474 	
0.93737174 	0.99768797 	0.97844361 	0.99684955 	0.93875950 	0.96043372 	0.94172710 	0.98423936 	0.97750120 	0.97777759 	0.98238295 	0.88925322 	0.95401242 	0.85798255 	0.87891464 	0.92538474 	
0.93737174 	0.99768797 	0.97844361 	0.99684955 	0.93875950 	0.96043372 	0.94172710 	0.98423936 	0.97750120 	0.97777759 	0.98238295 	0.88925322 	0.95401242 	0.85798255 	0.87891464 	0.92538474 	
0.93737174 	0.99768797 	0.97844361 	0.99684955 	0.93875950 	0.96043372 	0.94172710 	0.98423936 	0.97750120 	0.97777759 	0.98238295 	0.88925322 	0.95401242 	0.85798255 	0.87891464 	0.92538474 	
0.93737174 	0.99768797 	0.97844361 	0.99684955 	0.93875950 	0.96043372 	0.94172710 	0.98423936 	0.98895604 	0.97777759 	0.98238295 	0.88925322 	0.95401242 	0.85798255 	0.87891464 	0.92538474 	
0.93737174 	0.99768797 	0.97844361 	0.99684955 	0.93875950 	0.96043372 	0.94172710 	0.98423936 	0.98895604 	0.97777759 	0.98238295 	0.88925322 	0.95401242 	0.85798255 	0.87891464 	0.92538474 	
0.93737174 	0.99768797 	0.97844361 	0.99684955 	0.93875950 	0.96043372 	0.94172710 	0.98423936 	0.98895604 	0.97777759 	0.98238295 	0.88925322 	0.95401242 	0.85798255 	0.87891464 	0.92538474 	
0.93737174 	0.99768797 	0.97844361 	0.99684955 	0.93875950 	0.96043372 	0.94172710 	0.98423936 	0.98895604 	0.97777759 	0.98238295 	0.92292322 	0.95401242 	0.85798255 	0.87891464 	0.92538474 	
0.93737174 	0.99768797 	0.97844361 	0.99684955 	0.93875950 	0.96043372 	0.94172710 	0.98423936 	0.98895604 	0.97777759 	0.98238295 	0.92292322 	0.96132985 	0.85798255 	0.87891464 	0.92538474 	
0.93737174 	0.99768797 	0.97844361 	0.99684955 	0.93875950 	0.96043372 	0.94172710 	0.98423936 	0.98895604 	0.97777759 	0.98238295 	0.92292322 	0.96132985 	0.86381797 	0.87891464 	0.92538474 	
0.93737174 	0.99768797 	0.97844361 	0.99684955 	0.93875950 	0.96043372 	0.94172710 	0.98423936 	0.98895604 	0.97777759 	0.98238295 	0.92292322 	0.96132985 	0.86381797 	0.87891464 	0.92538474 	
0.93737174 	0.99768797 	0.97844361 	0.99684955 	0.93875950 	0.96043372 	0.94172710 	0.98423936 	0.98895604 	0.97777759 	0.98238295 	0.92292322 	0.96132985 	0.86381797 	0.87891464 	0.92538474 	
0.96287334 	0.99768797 	0.97844361 	0.99684955 	0.93875950 	0.96043372 	0.94172710 	0.98423936 	0.98895604 	0.97777759 	0.98238295 	0.92292322 	0.96132985 	0.86381797 	0.87891464 	0.92538474 	
0.96287334 	0.99768797 	0.97844361 	0.99684955 	0.93875950 	0.96043372 	0.94172710 	0.98423936 	0.98895604 	0.97777759 	0.98238295 	0.92292322 	0.96132985 	0.86381797 	0.87891464 	0.92538474 	
0.96287334 	0.99768797 	0.98393590 	0.99684955 	0.93875950 	0.96043372 	0.94172710 	0.98423936 	0.98895604 	0.97777759 	0.98238295 	0.92292322 	0.96132985 	0.86381797 	0.87891464 	0.92538474 	
0.96287334 	0.99768797 	0.98393590 	0.99933063 	0.93875950 	0.96043372 	0.94172710 	0.98423936 	0.98895604 	0.97777759 	0.98238295 	0.92292322 	0.96132985 	0.86381797 	0.87891464 	0.92538474 	
0.96287334 	0.99768797 	0.98393590 	0.99933063 	0.96611655 	0.96043372 	0.94172710 	0.98423936 	0.98895604 	0.97777759 	0.98238295 	0.92292322 	0.96132985 	0.86381797 	0.87891464 	0.92538474 	
0.96287334 	0.99768797 	0.98393590 	0.99933063 	0.96611655 	0.98200857 	0.94172710 	0.98423936 	0.98895604 	0.97777759 	0.98238295 	0.92292322 	0.96132985 	0.86381797 	0.87891464 	0.92538474 	
0.96287334 	0.99768797 	0.98393590 	0.99933063 	0.96611655 	0.98200857 	0.97404682 	0.98423936 	0.98895604 	0.97777759 	0.98238295 	0.92292322 	0.96132985 	0.86381797 	0.87891464 	0.92538474 	
0.96287334 	0.99768797 	0.98393590 	0.99933063 	0.96611655 	0.98200857 	0.97404682 	0.98988633 	0.98895604 	0.97777759 	0.98238295 	0.92292322 	0.96132985 	0.86381797 	0.87891464 	0.92538474 	
0.96287334 	0.99768797 	0.98393590 	0.99933063 	0.96611655 	0.98200857 	0.97404682 	0.98988633 	0.98981291 	0.97777759 	0.98238295 	0.92292322 	0.96132985 	0.86381797 	0.87891464 	0.92538474 	
0.96287334 	0.99768797 	0.98393590 	0.99933063 	0.96611655 	0.98200857 	0.97404682 	0.98988633 	0.98981291 	0.99550451 	0.98238295 	0.92292322 	0.96132985 	0.86381797 	0.87891464 	0.92538474 	
0.96287334 	0.99768797 	0.98393590 	0.99933063 	0.96611655 	0.98200857 	0.97404682 	0.98988633 	0.98981291 	0.99550451 	0.98238295 	0.92292322 	0.96132985 	0.86381797 	0.87891464 	0.92538474 	
0.96287334 	0.99768797 	0.98393590 	0.99933063 	0.96611655 	0.98200857 	0.97404682 	0.98988633 	0.98981291 	0.99550451 	0.98238295 	0.96192374 	0.96132985 	0.86381797 	0.87891464 	0.92538474 	
0.96287334 	0.99768797 	0.98393590 	0.99933063 	0.96611655 	0.98200857 	0.97404682 	0.98988633 	0.98981291 	0.99550451 	0.98238295 	0.96192374 	0.96977848 	0.86381797 	0.87891464 	0.92538474 	
0.96287334 	0.99768797 	0.98393590 	0.99933063 	0.96611655 	0.98200857 	0.97404682 	0.98988633 	0.98981291 	0.99550451 	0.98238295 	0.96192374 	0.96977848 	0.86842219 	0.87891464 	0.92538474 	
0.96287334 	0.99768797 	0.98393590 	0.99933063 	0.96611655 	0.98200857 	0.97404682 	0.98988633 	0.98981291 	0.99550451 	0.98238295 	0.96192374 	0.96977848 	0.86842219 	0.90763370 	0.92538474 	
0.96287334 	0.99768797 	0.98393590 	0.99933063 	0.96611655 	0.98200857 	0.97404682 	0.98988633 	0.98981291 	0.99550451 	0.98238295 	0.96192374 	0.96977848 	0.86842219 	0.90763370 	0.97467437 	
0.98281222 	0.99768797 	0.98393590 	0.99933063 	0.96611655 	0.98200857 	0.97404682 	0.98988633 	0.98981291 	0.99550451 	0.98238295 	0.96192374 	0.96977848 	0.86842219 	0.90763370 	0.97467437 	
0.98281222 	0.99768797 	0.98393590 	0.99933063 	0.96611655 	0.98200857 	0.97404682 	0.98988633 	0.98981291 	0.99550451 	0.98238295 	0.96192374 	0.96977848 	0.86842219 	0.90763370 	0.97467437 	
0.98281222 	0.99768797 	0.99565523 	0.99933063 	0.96611655 	0.98200857 	0.97404682 	0.98988633 	0.98981291 	0.99550451 	0.98238295 	0.96192374 	0.96977848 	0.86842219 	0.90763370 	0.97467437 	
0.98281222 	0.99768797 	0.99565523 	0.99933063 	0.96611655 	0.98200857 	0.97404682 	0.98988633 	0.98981291 	0.99550451 	0.98238295 	0.96192374 	0.96977848 	0.86842219 	0.90763370 	0.97467437 	
0.98281222 	0.99768797 	0.99565523 	0.99933063 	0.96611655 	0.98200857 	0.97404682 	0.98988633 	0.98981291 	0.99550451 	0.98238295 	0.96192374 	0.96977848 	0.86842219 	0.90763370 	0.97467437 	
0.98281222 	0.99768797 	0.99565523 	0.99933063 	0.96611655 	0.98605252 	0.97404682 	0.98988633 	0.98981291 	0.99550451 	0.98238295 	0.96192374 	0.96977848 	0.86842219 	0.90763370 	0.97467437 	
0.98281222 	0.99768797 	0.99565523 	0.99933063 	0.96611655 	0.98605252 	0.97945379 	0.98988633 	0.98981291 	0.99550451 	0.98238295 	0.96192374 	0.96977848 	0.86842219 	0.90763370 	0.97467437 	
0.98281222 	0.99768797 	0.99565523 	0.99933063 	0.96611655 	0.98605252 	0.97945379 	0.99995798 	0.98981291 	0.99550451 	0.98238295 	0.96192374 	0.96977848 	0.86842219 	0.90763370 	0.97467437 	
0.98281222 	0.99768797 	0.99565523 	0.99933063 	0.96611655 	0.98605252 	0.97945379 	0.99995798 	0.99967097 	0.99550451 	0.98238295 	0.96192374 	0.96977848 	0.86842219 	0.90763370 	0.97467437 	
0.98281222 	0.99768797 	0.99565523 	0.99933063 	0.96611655 	0.98605252 	0.97945379 	0.99995798 	0.99967097 	0.99623763 	0.98238295 	0.96192374 	0.96977848 	0.86842219 	0.90763370 	0.97467437 	
0.98281222 	0.99768797 	0.99565523 	0.99933063 	0.96611655 	0.98605252 	0.97945379 	0.99995798 	0.99967097 	0.99623763 	0.99666935 	0.96192374 	0.96977848 	0.86842219 	0.90763370 	0.97467437 	
0.98281222 	0.99768797 	0.99565523 	0.99933063 	0.96611655 	0.98605252 	0.97945379 	0.99995798 	0.99967097 	0.99623763 	0.99666935 	0.96192374 	0.96977848 	0.86842219 	0.90763370 	0.97467437 	
0.98281222 	0.99768797 	0.99565523 	0.99933063 	0.96611655 	0.98605252 	0.97945379 	0.99995798 	0.99967097 	0.99623763 	0.99666935 	0.96192374 	0.98287653 	0.86842219 	0.90763370 	0.97467437 	
0.98281222 	0.99768797 	0.99565523 	0.99933063 	0.96611655 	0.98605252 	0.97945379 	0.99995798 	0.99967097 	0.99623763 	0.99666935 	0.96192374 	0.98287653 	0.86963333 	0.90763370 	0.97467437 	
0.98281222 	0.99768797 	0.99565523 	0.99933063 	0.96611655 	0.98605252 	0.97945379 	0.99995798 	0.99967097 	0.99623763 	0.99666935 	0.96192374 	0.98287653 	0.86963333 	0.90763575 	0.97467437 	
0.98281222 	0.99768797 	0.99565523 	0.99933063 	0.96611655 	0.98605252 	0.97945379 	0.99995798 	0.99967097 	0.99623763 	0.99666935 	0.96192374 	0.98287653 	0.86963333 	0.90763575 	0.99502238 	
0.99420230 	0.99768797 	0.99565523 	0.99933063 	0.96611655 	0.98605252 	0.97945379 	0.99995798 	0.99967097 	0.99623763 	0.99666935 	0.96192374 	0.98287653 	0.86963333 	0.90763575 	0.99502238 	
0.99420230 	0.99826559 	0.99565523 	0.99933063 	0.96611655 	0.98605252 	0.97945379 	0.99995798 	0.99967097 	0.99623763 	0.99666935 	0.96192374 	0.98287653 	0.86963333 	0.90763575 	0.99502238 	
0.99420230 	0.99826559 	0.99605541 	0.99933063 	0.96611655 	0.98605252 	0.97945379 	0.99995798 	0.99967097 	0.99623763 	0.99666935 	0.96192374 	0.98287653 	0.86963333 	0.90763575 	0.99502238 	
0.99420230 	0.99826559 	0.99605541 	0.99986686 	0.96611655 	0.98605252 	0.97945379 	0.99995798 	0.99967097 	0.99623763 	0.99666935 	0.96192374 	0.98287653 	0.86963333 	0.90763575 	0.99502238 	
0.99420230 	0.99826559 	0.99605541 	0.99986686 	0.96611655 	0.98605252 	0.97945379 	0.99995798 	0.99967097 	0.99623763 	0.99666935 	0.96192374 	0.98287653 	0.86963333 	0.90763575 	0.99502238 	
0.99420230 	0.99826559 	0.99605541 	0.99986686 	0.96611655 	0.99024024 	0.97945379 	0.99995798 	0.99967097 	0.99623763 	0.99666935 	0.96192374 	0.98287653 	0.86963333 	0.90763575 	0.99502238 	
0.99420230 	0.99826559 	0.99605541 	0.99986686 	0.96611655 	0.99024024 	0.99952001 	0.99995798 	0.99967097 	0.99623763 	0.99666935 	0.96192374 	0.98287653 	0.86963333 	0.90763575 	0.99502238 	
0.99420230 	0.99826559 	0.99605541 	0.99986686 	0.96611655 	0.99024024 	0.99952001 	0.99995798 	0.99967097 	0.99623763 	0.99666935 	0.96192374 	0.98287653 	0.86963333 	0.90763575 	0.99502238 	
0.99420230 	0.99826559 	0.99605541 	0.99986686 	0.96611655 	0.99024024 	0.99952001 	0.99995798 	0.99967097 	0.99623763 	0.99666935 	0.96192374 	0.98287653 	0.86963333 	0.90763575 	0.99502238 	
0.99420230 	0.99826559 	0.99605541 	0.99986686 	0.96611655 	0.99024024 	0.99952001 	0.99995798 	0.99967097 	0.99919278 	0.99666935 	0.96192374 	0.98287653 	0.86963333 	0.90763575 	0.99502238 	
0.99420230 	0.99826559 	0.99605541 	0.99986686 	0.96611655 	0.99024024 	0.99952001 	0.99995798 	0.99967097 	0.99919278 	0.99666935 	0.96192374 	0.98287653 	0.86963333 	0.90763575 	0.99502238 	
0.99420230 	0.99826559 	0.99605541 	0.99986686 	0.96611655 	0.99024024 	0.99952001 	0.99995798 	0.99967097 	0.99919278 	0.99666935 	0.97352890 	0.98287653 	0.86963333 	0.90763575 	0.99502238 	
0.99420230 	0.99826559 	0.99605541 	0.99986686 	0.96611655 	0.99024024 	0.99952001 	0.99995798 	0.99967097 	0.99919278 	0.99666935 	0.97352890 	0.99805413 	0.86963333 	0.90763575 	0.99502238 	
0.99420230 	0.99826559 	0.99605541 	0.99986686 	0.96611655 	0.99024024 	0.99952001 	0.99995798 	0.99967097 	0.99919278 	0.99666935 	0.97352890 	0.99805413 	0.96942177 	0.90763575 	0.99502238 	
0.99420230 	0.99826559 	0.99605541 	0.99986686 	0.96611655 	0.99024024 	0.99952001 	0.99995798 	0.99967097 	0.99919278 	0.99666935 	0.97352890 	0.99805413 	0.96942177 	0.90938110 	0.99502238 	
0.99420230 	0.99826559 	0.99605541 	0.99986686 	0.96611655 	0.99024024 	0.99952001 	0.99995798 	0.99967097 	0.99919278 	0.99666935 	0.97352890 	0.99805413 	0.96942177 	0.90938110 	0.99502238 	
0.99908174 	0.99826559 	0.99605541 	0.99986686 	0.96611655 	0.99024024 	0.99952001 	0.99995798 	0.99967097 	0.99919278 	0.99666935 	0.97352890 	0.99805413 	0.96942177 	0.90938110 	0.99502238 	
0.99908174 	0.99828978 	0.99605541 	0.99986686 	0.96611655 	0.99024024 	0.99952001 	0.99995798 	0.99967097 	0.99919278 	0.99666935 	0.97352890 	0.99805413 	0.96942177 	0.90938110 	0.99502238 	
0.99908174 	0.99828978 	0.99974434 	0.99986686 	0.96611655 	0.99024024 	0.99952001 	0.99995798 	0.99967097 	0.99919278 	0.99666935 	0.97352890 	0.99805413 	0.96942177 	0.90938110 	0.99502238 	
0.99908174 	0.99828978 	0.99974434 	0.99986686 	0.96611655 	0.99024024 	0.99952001 	0.99995798 	0.99967097 	0.99919278 	0.99666935 	0.97352890 	0.99805413 	0.96942177 	0.90938110 	0.99502238 	
0.99908174 	0.99828978 	0.99974434 	0.99986686 	0.96611655 	0.99024024 	0.99952001 	0.99995798 	0.99967097 	0.99919278 	0.99666935 	0.97352890 	0.99805413 	0.96942177 	0.90938110 	0.99502238 	
0.99908174 	0.99828978 	0.99974434 	0.99986686 	0.96611655 	0.99024024 	0.99952001 	0.99995798 	0.99967097 	0.99919278 	0.99666935 	0.97352890 	0.99805413 	0.96942177 	0.90938110 	0.99502238 	
0.99908174 	0.99828978 	0.99974434 	0.99986686 	0.96611655 	0.99024024 	0.99954292 	0.99995798 	0.99967097 	0.99919278 	0.99666935 	0.97352890 	0.99805413 	0.96942177 	0.90938110 	0.99502238 	
0.99908174 	0.99828978 	0.99974434 	0.99986686 	0.96611655 	0.99024024 	0.99954292 	0.99995798 	0.99967097 	0.99919278 	0.99666935 	0.97352890 	0.99805413 	0.96942177 	0.90938110 	0.99502238 	
0.99908174 	0.99828978 	0.99974434 	0.99986686 	0.96611655 	0.99024024 	0.99954292 	0.99995798 	0.99975910 	0.99919278 	0.99666935 	0.97352890 	0.99805413 	0.96942177 	0.90938110 	0.99502238 	
0.99908174 	0.99828978 	0.99974434 	0.99986686 	0.96611655 	0.99024024 	0.99954292 	0.99995798 	0.99975910 	0.99919278 	0.99666935 	0.97352890 	0.99805413 	0.96942177 	0.90938110 	0.99502238 	
0.99908174 	0.99828978 	0.99974434 	0.99986686 	0.96611655 	0.99024024 	0.99954292 	0.99995798 	0.99975910 	0.99919278 	0.99739347 	0.97352890 	0.99805413 	0.96942177 	0.90938110 	0.99502238 	
0.99908174 	0.99828978 	0.99974434 	0.99986686 	0.96611655 	0.99024024 	0.99954292 	0.99995798 	0.99975910 	0.99919278 	0.99739347 	0.97352890 	0.99805413 	0.96942177 	0.90938110 	0.99502238 	
0.99908174 	0.99828978 	0.99974434 	0.99986686 	0.96611655 	0.99024024 	0.99954292 	0.99995798 	0.99975910 	0.99919278 	0.99739347 	0.97352890 	0.99813234 	0.96942177 	0.90938110 	0.99502238 	
0.99908174 	0.99828978 	0.99974434 	0.99986686 	0.96611655 	0.99024024 	0.99954292 	0.99995798 	0.99975910 	0.99919278 	0.99739347 	0.97352890 	0.99813234 	0.98782749 	0.90938110 	0.99502238 	
0.99908174 	0.99828978 	0.99974434 	0.99986686 	0.96611655 	0.99024024 	0.99954292 	0.99995798 	0.99975910 	0.99919278 	0.99739347 	0.97352890 	0.99813234 	0.98782749 	0.91133028 	0.99502238 	
0.99908174 	0.99828978 	0.99974434 	0.99986686 	0.96611655 	0.99024024 	0.99954292 	0.99995798 	0.99975910 	0.99919278 	0.99739347 	0.97352890 	0.99813234 	0.98782749 	0.91133028 	0.99502238 	
0.99908174 	0.99828978 	0.99974434 	0.99986686 	0.96611655 	0.99024024 	0.99954292 	0.99995798 	0.99975910 	0.99919278 	0.99739347 	0.97352890 	0.99813234 	0.98782749 	0.91133028 	0.99502238 	
0.99908174 	0.99933415 	0.99974434 	0.99986686 	0.96611655 	0.99024024 	0.99954292 	0.99995798 	0.99975910 	0.99919278 	0.99739347 	0.97352890 	0.99813234 	0.98782749 	0.91133028 	0.99502238 	
0.99908174 	0.99933415 	0.99974434 	0.99986686 	0.96611655 	0.99024024 	0.99954292 	0.99995798 	0.99975910 	0.99919278 	0.99739347 	0.97352890 	0.99813234 	0.98782749 	0.91133028 	0.99502238 	
0.99908174 	0.99933415 	0.99974434 	0.99991600 	0.96611655 	0.99024024 	0.99954292 	0.99995798 	0.99975910 	0.99919278 	0.99739347 	0.97352890 	0.99813234 	0.98782749 	0.91133028 	0.99502238 	
0.99908174 	0.99933415 	0.99974434 	0.99991600 	0.97503659 	0.99024024 	0.99954292 	0.99995798 	0.99975910 	0.99919278 	0.99739347 	0.97352890 	0.99813234 	0.98782749 	0.91133028 	0.99502238 	
0.99908174 	0.99933415 	0.99974434 	0.99991600 	0.97503659 	0.99883877 	0.99954292 	0.99995798 	0.99975910 	0.99919278 	0.99739347 	0.97352890 	0.99813234 	0.98782749 	0.91133028 	0.99502238 	
0.99908174 	0.99933415 	0.99974434 	0.99991600 	0.97503659 	0.99883877 	0.99990562 	0.99995798 	0.99975910 	0.99919278 	0.99739347 	0.97352890 	0.99813234 	0.98782749 	0.91133028 	0.99502238 	
0.99908174 	0.99933415 	0.99974434 	0.99991600 	0.97503659 	0.99883877 	0.99990562 	0.99998986 	0.99975910 	0.99919278 	0.99739347 	0.97352890 	0.99813234 	0.98782749 	0.91133028 	0.99502238 	
0.99908174 	0.99933415 	0.99974434 	0.99991600 	0.97503659 	0.99883877 	0.99990562 	0.99998986 	0.99993154 	0.99919278 	0.99739347 	0.97352890 	0.99813234 	0.98782749 	0.91133028 	0.99502238 	
0.99908174 	0.99933415 	0.99974434 	0.99991600 	0.97503659 	0.99883877 	0.99990562 	0.99998986 	0.99993154 	0.99953892 	0.99739347 	0.97352890 	0.99813234 	0.98782749 	0.91133028 	0.99502238 	
0.99908174 	0.99933415 	0.99974434 	0.99991600 	0.97503659 	0.99883877 	0.99990562 	0.99998986 	0.99993154 	0.99953892 	0.99739347 	0.97352890 	0.99813234 	0.98782749 	0.91133028 	0.99502238 	
0.99908174 	0.99933415 	0.99974434 	0.99991600 	0.97503659 	0.99883877 	0.99990562 	0.99998986 	0.99993154 	0.99953892 	0.99739347 	0.97352890 	0.99813234 	0.98782749 	0.91133028 	0.99502238 	
0.99908174 	0.99933415 	0.99974434 	0.99991600 	0.97503659 	0.99883877 	0.99990562 	0.99998986 	0.99993154 	0.99953892 	0.99739347 	0.97352890 	0.99980316 	0.98782749 	0.91133028 	0.99502238 	
0.99908174 	0.99933415 	0.99974434 	0.99991600 	0.97503659 	0.99883877 	0.99990562 	0.99998986 	0.99993154 	0.99953892 	0.99739347 	0.97352890 	0.99980316 	0.98782749 	0.91133028 	0.99502238 	
0.99908174 	0.99933415 	0.99974434 	0.99991600 	0.97503659 	0.99883877 	0.99990562 	0.99998986 	0.99993154 	0.99953892 	0.99739347 	0.97352890 	0.99980316 	0.98782749 	0.98250578 	0.99502238 	
0.99908174 	0.99933415 	0.99974434 	0.99991600 	0.97503659 	0.99883877 	0.99990562 	0.99998986 	0.99993154 	0.99953892 	0.99739347 	0.97352890 	0.99980316 	0.98782749 	0.98250578 	0.99769288 	
0.99971675 	0.99933415 	0.99974434 	0.99991600 	0.97503659 	0.99883877 	0.99990562 	0.99998986 	0.99993154 	0.99953892 	0.99739347 	0.97352890 	0.99980316 	0.98782749 	0.98250578 	0.99769288 	
0.99971675 	0.99992940 	0.99974434 	0.99991600 	0.97503659 	0.99883877 	0.99990562 	0.99998986 	0.99993154 	0.99953892 	0.99739347 	0.97352890 	0.99980316 	0.98782749 	0.98250578 	0.99769288 	
0.99971675 	0.99992940 	0.99974434 	0.99991600 	0.97503659 	0.99883877 	0.99990562 	0.99998986 	0.99993154 	0.99953892 	0.99739347 	0.97352890 	0.99980316 	0.98782749 	0.98250578 	0.99769288 	
0.99971675 	0.99992940 	0.99974434 	0.99994337 	0.97503659 	0.99883877 	0.99990562 	0.99998986 	0.99993154 	0.99953892 	0.99739347 	0.97352890 	0.99980316 	0.98782749 	0.98250578 	0.99769288 	
0.99971675 	0.99992940 	0.99974434 	0.99994337 	0.99965556 	0.99883877 	0.99990562 	0.99998986 	0.99993154 	0.99953892 	0.99739347 	0.97352890 	0.99980316 	0.98782749 	0.98250578 	0.99769288 	
0.99971675 	0.99992940 	0.99974434 	0.99994337 	0.99965556 	0.99957553 	0.99990562 	0.99998986 	0.99993154 	0.99953892 	0.99739347 	0.97352890 	0.99980316 	0.98782749 	0.98250578 	0.99769288 	
0.99971675 	0.99992940 	0.99974434 	0.99994337 	0.99965556 	0.99957553 	0.99990562 	0.99998986 	0.99993154 	0.99953892 	0.99739347 	0.97352890 	0.99980316 	0.98782749 	0.98250578 	0.99769288 	
0.99971675 	0.99992940 	0.99974434 	0.99994337 	0.99965556 	0.99957553 	0.99990562 	0.99998986 	0.99993154 	0.99953892 	0.99739347 	0.97352890 	0.99980316 	0.98782749 	0.98250578 	0.99769288 	
0.99971675 	0.99992940 	0.99974434 	0.99994337 	0.99965556 	0.99957553 	0.99990562 	0.99998986 	0.99993154 	0.99953892 	0.99739347 	0.97352890 	0.99980316 	0.98782749 	0.98250578 	0.99769288 	
0.99971675 	0.99992940 	0.99974434 	0.99994337 	0.99965556 	0.99957553 	0.99990562 	0.99998986 	0.99993154 	0.99953892 	0.99739347 	0.97352890 	0.99980316 	0.98782749 	0.98250578 	0.99769288 	
0.99971675 	0.99992940 	0.99974434 	0.99994337 	0.99965556 	0.99957553 	0.99990562 	0.99998986 	0.99993154 	0.99953892 	0.99741793 	0.97352890 	0.99980316 	0.98782749 	0.98250578 	0.99769288 	
0.99971675 	0.99992940 	0.99974434 	0.99994337 	0.99965556 	0.99957553 	0.99990562 	0.99998986 	0.99993154 	0.99953892 	0.99741793 	0.98923151 	0.99980316 	0.98782749 	0.98250578 	0.99769288 	
0.99971675 	0.99992940 	0.99974434 	0.99994337 	0.99965556 	0.99957553 	0.99990562 	0.99998986 	0.99993154 	0.99953892 	0.99741793 	0.98923151 	0.99980316 	0.98782749 	0.98250578 	0.99769288 	
0.99971675 	0.99992940 	0.99974434 	0.99994337 	0.99965556 	0.99957553 	0.99990562 	0.99998986 	0.99993154 	0.99953892 	0.99741793 	0.98923151 	0.99980316 	0.98782749 	0.98250578 	0.99769288 	
0.99971675 	0.99992940 	0.99974434 	0.99994337 	0.99965556 	0.99957553 	0.99990562 	0.99998986 	0.99993154 	0.99953892 	0.99741793 	0.98923151 	0.99980316 	0.98782749 	0.98250578 	0.99769288 	
0.99971675 	0.99992940 	0.99974434 	0.99994337 	0.99965556 	0.99957553 	0.99990562 	0.99998986 	0.99993154 	0.99953892 	0.99741793 	0.98923151 	0.99980316 	0.98782749 	0.98250578 	0.99869401 	
0.99986721 	0.99992940 	0.99974434 	0.99994337 	0.99965556 	0.99957553 	0.99990562 	0.99998986 	0.99993154 	0.99953892 	0.99741793 	0.98923151 	0.99980316 	0.98782749 	0.98250578 	0.99869401 	
0.99986721 	0.99992940 	0.99974434 	0.99994337 	0.99965556 	0.99957553 	0.99990562 	0.99998986 	0.99993154 	0.99953892 	0.99741793 	0.98923151 	0.99980316 	0.98782749 	0.98250578 	0.99869401 	
0.99986721 	0.99992940 	0.99983665 	0.99994337 	0.99965556 	0.99957553 	0.99990562 	0.99998986 	0.99993154 	0.99953892 	0.99741793 	0.98923151 	0.99980316 	0.98782749 	0.98250578 	0.99869401 	
0.99986721 	0.99992940 	0.99983665 	0.99994712 	0.99965556 	0.99957553 	0.99990562 	0.99998986 	0.99993154 	0.99953892 	0.99741793 	0.98923151 	0.99980316 	0.98782749 	0.98250578 	0.99869401 	
0.99986721 	0.99992940 	0.99983665 	0.99994712 	0.99965556 	0.99957553 	0.99990562 	0.99998986 	0.99993154 	0.99953892 	0.99741793 	0.98923151 	0.99980316 	0.98782749 	0.98250578 	0.99869401 	
0.99986721 	0.99992940 	0.99983665 	0.99994712 	0.99965556 	0.99957553 	0.99990562 	0.99998986 	0.99993154 	0.99953892 	0.99741793 	0.98923151 	0.99980316 	0.98782749 	0.98250578 	0.99869401 	
0.99986721 	0.99992940 	0.99983665 	0.99994712 	0.99965556 	0.99957553 	0.99991626 	0.99998986 	0.99993154 	0.99953892 	0.99741793 	0.98923151 	0.99980316 	0.98782749 	0.98250578 	0.99869401 	
0.99986721 	0.99992940 	0.99983665 	0.99994712 	0.99965556 	0.99957553 	0.99991626 	0.99998986 	0.99993154 	0.99953892 	0.99741793 	0.98923151 	0.99980316 	0.98782749 	0.98250578 	0.99869401 	
0.99986721 	0.99992940 	0.99983665 	0.99994712 	0.99965556 	0.99957553 	0.99991626 	0.99998986 	0.99997761 	0.99953892 	0.99741793 	0.98923151 	0.99980316 	0.98782749 	0.98250578 	0.99869401 	
0.99986721 	0.99992940 	0.99983665 	0.99994712 	0.99965556 	0.99957553 	0.99991626 	0.99998986 	0.99997761 	0.99955438 	0.99741793 	0.98923151 	0.99980316 	0.98782749 	0.98250578 	0.99869401 	
0.99986721 	0.99992940 	0.99983665 	0.99994712 	0.99965556 	0.99957553 	0.99991626 	0.99998986 	0.99997761 	0.99955438 	0.99973266 	0.98923151 	0.99980316 	0.98782749 	0.98250578 	0.99869401 	
0.99986721 	0.99992940 	0.99983665 	0.99994712 	0.99965556 	0.99957553 	0.99991626 	0.99998986 	0.99997761 	0.99955438 	0.99973266 	0.99921827 	0.99980316 	0.98782749 	0.98250578 	0.99869401 	
0.99986721 	0.99992940 	0.99983665 	0.99994712 	0.99965556 	0.99957553 	0.99991626 	0.99998986 	0.99997761 	0.99955438 	0.99973266 	0.99921827 	0.99995472 	0.98782749 	0.98250578 	0.99869401 	
0.99986721 	0.99992940 	0.99983665 	0.99994712 	0.99965556 	0.99957553 	0.99991626 	0.99998986 	0.99997761 	0.99955438 	0.99973266 	0.99921827 	0.99995472 	0.99765952 	0.98250578 	0.99869401 	
0.99986721 	0.99992940 	0.99983665 	0.99994712 	0.99965556 	0.99957553 	0.99991626 	0.99998986 	0.99997761 	0.99955438 	0.99973266 	0.99921827 	0.99995472 	0.99765952 	0.99775126 	0.99869401 	
0.99986721 	0.99992940 	0.99983665 	0.99994712 	0.99965556 	0.99957553 	0.99991626 	0.99998986 	0.99997761 	0.99955438 	0.99973266 	0.99921827 	0.99995472 	0.99765952 	0.99775126 	0.99927040 	
0.99986721 	0.99992940 	0.99983665 	0.99994712 	0.99965556 	0.99957553 	0.99991626 	0.99998986 	0.99997761 	0.99955438 	0.99973266 	0.99921827 	0.99995472 	0.99765952 	0.99775126 	0.99927040 	
0.99986721 	0.99992940 	0.99983665 	0.99994712 	0.99965556 	0.99957553 	0.99991626 	0.99998986 	0.99997761 	0.99955438 	0.99973266 	0.99921827 	0.99995472 	0.99765952 	0.99775126 	0.99927040 	
0.99986721 	0.99992940 	0.99983665 	0.99994712 	0.99965556 	0.99957553 	0.99991626 	0.99998986 	0.99997761 	0.99955438 	0.99973266 	0.99921827 	0.99995472 	0.99765952 	0.99775126 	0.99927040 	
0.99986721 	0.99992940 	0.99983665 	0.99994736 	0.99965556 	0.99957553 	0.99991626 	0.99998986 	0.99997761 	0.99955438 	0.99973266 	0.99921827 	0.99995472 	0.99765952 	0.99775126 	0.99927040 	
0.99986721 	0.99992940 	0.99983665 	0.99994736 	0.99981520 	0.99957553 	0.99991626 	0.99998986 	0.99997761 	0.99955438 	0.99973266 	0.99921827 	0.99995472 	0.99765952 	0.99775126 	0.99927040 	
0.99986721 	0.99992940 	0.99983665 	0.99994736 	0.99981520 	0.99985542 	0.99991626 	0.99998986 	0.99997761 	0.99955438 	0.99973266 	0.99921827 	0.99995472 	0.99765952 	0.99775126 	0.99927040 	
0.99986721 	0.99992940 	0.99983665 	0.99994736 	0.99981520 	0.99985542 	0.99991626 	0.99998986 	0.99997761 	0.99955438 	0.99973266 	0.99921827 	0.99995472 	0.99765952 	0.99775126 	0.99927040 	
0.99986721 	0.99992940 	0.99983665 	0.99994736 	0.99981520 	0.99985542 	0.99991626 	0.99998986 	0.99997761 	0.99955438 	0.99973266 	0.99921827 	0.99995472 	0.99765952 	0.99775126 	0.99927040 	
0.99986721 	0.99992940 	0.99983665 	0.99994736 	0.99981520 	0.99985542 	0.99991626 	0.99998986 	0.99997761 	0.99955438 	0.99973266 	0.99921827 	0.99995472 	0.99765952 	0.99775126 	0.99927040 	
0.99986721 	0.99992940 	0.99983665 	0.99994736 	0.99981520 	0.99985542 	0.99991626 	0.99998986 	0.99997761 	0.99984675 	0.99973266 	0.99921827 	0.99995472 	0.99765952 	0.99775126 	0.99927040 	
0.99986721 	0.99992940 	0.99983665 	0.99994736 	0.99981520 	0.99985542 	0.99991626 	0.99998986 	0.99997761 	0.99984675 	0.99987659 	0.99921827 	0.99995472 	0.99765952 	0.99775126 	0.99927040 	
0.99986721 	0.99992940 	0.99983665 	0.99994736 	0.99981520 	0.99985542 	0.99991626 	0.99998986 	0.99997761 	0.99984675 	0.99987659 	0.99978927 	0.99995472 	0.99765952 	0.99775126 	0.99927040 	
0.99986721 	0.99992940 	0.99983665 	0.99994736 	0.99981520 	0.99985542 	0.99991626 	0.99998986 	0.99997761 	0.99984675 	0.99987659 	0.99978927 	0.99995472 	0.99765952 	0.99775126 	0.99927040 	
0.99986721 	0.99992940 	0.99983665 	0.99994736 	0.99981520 	0.99985542 	0.99991626 	0.99998986 	0.99997761 	0.99984675 	0.99987659 	0.99978927 	0.99995472 	0.99765952 	0.99775126 	0.99927040 	
0.99986721 	0.99992940 	0.99983665 	0.99994736 	0.99981520 	0.99985542 	0.99991626 	0.99998986 	0.99997761 	0.99984675 	0.99987659 	0.99978927 	0.99995472 	0.99765952 	0.99914792 	0.99927040 	
0.99986721 	0.99992940 	0.99983665 	0.99994736 	0.99981520 	0.99985542 	0.99991626 	0.99998986 	0.99997761 	0.99984675 	0.99987659 	0.99978927 	0.99995472 	0.99765952 	0.99914792 	0.99927051 	
0.99986721 	0.99992940 	0.99983665 	0.99994736 	0.99981520 	0.99985542 	0.99991626 	0.99998986 	0.99997761 	0.99984675 	0.99987659 	0.99978927 	0.99995472 	0.99765952 	0.99914792 	0.99927051 	
0.99986721 	0.99999994 	0.99983665 	0.99994736 	0.99981520 	0.99985542 	0.99991626 	0.99998986 	0.99997761 	0.99984675 	0.99987659 	0.99978927 	0.99995472 	0.99765952 	0.99914792 	0.99927051 	
0.99986721 	0.99999994 	0.99997669 	0.99994736 	0.99981520 	0.99985542 	0.99991626 	0.99998986 	0.99997761 	0.99984675 	0.99987659 	0.99978927 	0.99995472 	0.99765952 	0.99914792 	0.99927051 	
0.99986721 	0.99999994 	0.99997669 	0.99997446 	0.99981520 	0.99985542 	0.99991626 	0.99998986 	0.99997761 	0.99984675 	0.99987659 	0.99978927 	0.99995472 	0.99765952 	0.99914792 	0.99927051 	
0.99986721 	0.99999994 	0.99997669 	0.99997446 	0.99981833 	0.99985542 	0.99991626 	0.99998986 	0.99997761 	0.99984675 	0.99987659 	0.99978927 	0.99995472 	0.99765952 	0.99914792 	0.99927051 	
0.99986721 	0.99999994 	0.99997669 	0.99997446 	0.99981833 	0.99992426 	0.99991626 	0.99998986 	0.99997761 	0.99984675 	0.99987659 	0.99978927 	0.99995472 	0.99765952 	0.99914792 	0.99927051 	
0.99986721 	0.99999994 	0.99997669 	0.99997446 	0.99981833 	0.99992426 	0.99997117 	0.99998986 	0.99997761 	0.99984675 	0.99987659 	0.99978927 	0.99995472 	0.99765952 	0.99914792 	0.99927051 	
0.99986721 	0.99999994 	0.99997669 	0.99997446 	0.99981833 	0.99992426 	0.99997117 	0.99998986 	0.99997761 	0.99984675 	0.99987659 	0.99978927 	0.99995472 	0.99765952 	0.99914792 	0.99927051 	
0.99986721 	0.99999994 	0.99997669 	0.99997446 	0.99981833 	0.99992426 	0.99997117 	0.99998986 	0.99998260 	0.99984675 	0.99987659 	0.99978927 	0.99995472 	0.99765952 	0.99914792 	0.99927051 	
0.99986721 	0.99999994 	0.99997669 	0.99997446 	0.99981833 	0.99992426 	0.99997117 	0.99998986 	0.99998260 	0.99995826 	0.99987659 	0.99978927 	0.99995472 	0.99765952 	0.99914792 	0.99927051 	
0.99986721 	0.99999994 	0.99997669 	0.99997446 	0.99981833 	0.99992426 	0.99997117 	0.99998986 	0.99998260 	0.99995826 	0.99987659 	0.99978927 	0.99995472 	0.99765952 	0.99914792 	0.99927051 	
0.99986721 	0.99999994 	0.99997669 	0.99997446 	0.99981833 	0.99992426 	0.99997117 	0.99998986 	0.99998260 	0.99995826 	0.99987659 	0.99978927 	0.99995472 	0.99765952 	0.99914792 	0.99927051 	
0.99986721 	0.99999994 	0.99997669 	0.99997446 	0.99981833 	0.99992426 	0.99997117 	0.99998986 	0.99998260 	0.99995826 	0.99987659 	0.99978927 	0.99995472 	0.99765952 	0.99914792 	0.99927051 	
0.99986721 	0.99999994 	0.99997669 	0.99997446 	0.99981833 	0.99992426 	0.99997117 	0.99998986 	0.99998260 	0.99995826 	0.99987659 	0.99978927 	0.99995472 	0.99851164 	0.99914792 	0.99927051 	
0.99986721 	0.99999994 	0.99997669 	0.99997446 	0.99981833 	0.99992426 	0.99997117 	0.99998986 	0.99998260 	0.99995826 	0.99987659 	0.99978927 	0.99995472 	0.99851164 	0.99916134 	0.99927051 	
0.99986721 	0.99999994 	0.99997669 	0.99997446 	0.99981833 	0.99992426 	0.99997117 	0.99998986 	0.99998260 	0.99995826 	0.99987659 	0.99978927 	0.99995472 	0.99851164 	0.99916134 	0.99995991 	
0.99998698 	0.99999994 	0.99997669 	0.99997446 	0.99981833 	0.99992426 	0.99997117 	0.99998986 	0.99998260 	0.99995826 	0.99987659 	0.99978927 	0.99995472 	0.99851164 	0.99916134 	0.99995991 	
0.99998698 	0.99999995 	0.99997669 	0.99997446 	0.99981833 	0.99992426 	0.99997117 	0.99998986 	0.99998260 	0.99995826 	0.99987659 	0.99978927 	0.99995472 	0.99851164 	0.99916134 	0.99995991 	
0.99998698 	0.99999995 	0.99997669 	0.99997446 	0.99981833 	0.99992426 	0.99997117 	0.99998986 	0.99998260 	0.99995826 	0.99987659 	0.99978927 	0.99995472 	0.99851164 	0.99916134 	0.99995991 	
0.99998698 	0.99999995 	0.99997669 	0.99999813 	0.99981833 	0.99992426 	0.99997117 	0.99998986 	0.99998260 	0.99995826 	0.99987659 	0.99978927 	0.99995472 	0.99851164 	0.99916134 	0.99995991 	
0.99998698 	0.99999995 	0.99997669 	0.99999813 	0.99988712 	0.99992426 	0.99997117 	0.99998986 	0.99998260 	0.99995826 	0.99987659 	0.99978927 	0.99995472 	0.99851164 	0.99916134 	0.99995991 	
0.99998698 	0.99999995 	0.99997669 	0.99999813 	0.99988712 	0.99997286 	0.99997117 	0.99998986 	0.99998260 	0.99995826 	0.99987659 	0.99978927 	0.99995472 	0.99851164 	0.99916134 	0.99995991 	
0.99998698 	0.99999995 	0.99997669 	0.99999813 	0.99988712 	0.99997286 	0.99999787 	0.99998986 	0.99998260 	0.99995826 	0.99987659 	0.99978927 	0.99995472 	0.99851164 	0.99916134 	0.99995991 	
0.99998698 	0.99999995 	0.99997669 	0.99999813 	0.99988712 	0.99997286 	0.99999787 	0.99998986 	0.99998260 	0.99995826 	0.99987659 	0.99978927 	0.99995472 	0.99851164 	0.99916134 	0.99995991 	
0.99998698 	0.99999995 	0.99997669 	0.99999813 	0.99988712 	0.99997286 	0.99999787 	0.99998986 	0.99998260 	0.99995826 	0.99987659 	0.99978927 	0.99995472 	0.99851164 	0.99916134 	0.99995991 	
0.99998698 	0.99999995 	0.99997669 	0.99999813 	0.99988712 	0.99997286 	0.99999787 	0.99998986 	0.99998260 	0.99995826 	0.99987659 	0.99978927 	0.99995472 	0.99851164 	0.99916134 	0.99995991 	
0.99998698 	0.99999995 	0.99997669 	0.99999813 	0.99988712 	0.99997286 	0.99999787 	0.99998986 	0.99998260 	0.99995826 	0.99991070 	0.99978927 	0.99995472 	0.99851164 	0.99916134 	0.99995991 	
0.99998698 	0.99999995 	0.99997669 	0.99999813 	0.99988712 	0.99997286 	0.99999787 	0.99998986 	0.99998260 	0.99995826 	0.99991070 	0.99978927 	0.99995472 	0.99851164 	0.99916134 	0.99995991 	
0.99998698 	0.99999995 	0.99997669 	0.99999813 	0.99988712 	0.99997286 	0.99999787 	0.99998986 	0.99998260 	0.99995826 	0.99991070 	0.99978927 	0.99995493 	0.99851164 	0.99916134 	0.99995991 	
0.99998698 	0.99999995 	0.99997669 	0.99999813 	0.99988712 	0.99997286 	0.99999787 	0.99998986 	0.99998260 	0.99995826 	0.99991070 	0.99978927 	0.99995493 	0.99851164 	0.99916134 	0.99995991 	
0.99998698 	0.99999995 	0.99997669 	0.99999813 	0.99988712 	0.99997286 	0.99999787 	0.99998986 	0.99998260 	0.99995826 	0.99991070 	0.99978927 	0.99995493 	0.99851164 	0.99964161 	0.99995991 	
0.99998698 	0.99999995 	0.99997669 	0.99999813 	0.99988712 	0.99997286 	0.99999787 	0.99998986 	0.99998260 	0.99995826 	0.99991070 	0.99978927 	0.99995493 	0.99851164 	0.99964161 	0.99995991 	
0.99998698 	0.99999995 	0.99997669 	0.99999813 	0.99988712 	0.99997286 	0.99999787 	0.99998986 	0.99998260 	0.99995826 	0.99991070 	0.99978927 	0.99995493 	0.99851164 	0.99964161 	0.99995991 	
0.99998698 	0.99999995 	0.99997669 	0.99999813 	0.99988712 	0.99997286 	0.99999787 	0.99998986 	0.99998260 	0.99995826 	0.99991070 	0.99978927 	0.99995493 	0.99851164 	0.99964161 	0.99995991 	
0.99998698 	0.99999995 	0.99998644 	0.99999813 	0.99988712 	0.99997286 	0.99999787 	0.99998986 	0.99998260 	0.99995826 	0.99991070 	0.99978927 	0.99995493 	0.99851164 	0.99964161 	0.99995991 	
0.99998698 	0.99999995 	0.99998644 	0.99999813 	0.99988712 	0.99997286 	0.99999787 	0.99998986 	0.99998260 	0.99995826 	0.99991070 	0.99978927 	0.99995493 	0.99851164 	0.99964161 	0.99995991 	
0.99998698 	0.99999995 	0.99998644 	0.99999813 	0.99988712 	0.99997286 	0.99999787 	0.99998986 	0.99998260 	0.99995826 	0.99991070 	0.99978927 	0.99995493 	0.99851164 	0.99964161 	0.99995991 	
0.99998698 	0.99999995 	0.99998644 	0.99999813 	0.99988712 	0.99998819 	0.99999787 	0.99998986 	0.99998260 	0.99995826 	0.99991070 	0.99978927 	0.99995493 	0.99851164 	0.99964161 	0.99995991 	
0.99998698 	0.99999995 	0.99998644 	0.99999813 	0.99988712 	0.99998819 	0.99999845 	0.99998986 	0.99998260 	0.99995826 	0.99991070 	0.99978927 	0.99995493 	0.99851164 	0.99964161 	0.99995991 	
0.99998698 	0.99999995 	0.99998644 	0.99999813 	0.99988712 	0.99998819 	0.99999845 	0.99998986 	0.99998260 	0.99995826 	0.99991070 	0.99978927 	0.99995493 	0.99851164 	0.99964161 	0.99995991 	
0.99998698 	0.99999995 	0.99998644 	0.99999813 	0.99988712 	0.99998819 	0.99999845 	0.99998986 	0.99998260 	0.99995826 	0.99991070 	0.99978927 	0.99995493 	0.99851164 	0.99964161 	0.99995991 	
0.99998698 	0.99999995 	0.99998644 	0.99999813 	0.99988712 	0.99998819 	0.99999845 	0.99998986 	0.99998260 	0.99998712 	0.99991070 	0.99978927 	0.99995493 	0.99851164 	0.99964161 	0.99995991 	
0.99998698 	0.99999995 	0.99998644 	0.99999813 	0.99988712 	0.99998819 	0.99999845 	0.99998986 	0.99998260 	0.99998712 	0.99998480 	0.99978927 	0.99995493 	0.99851164 	0.99964161 	0.99995991 	
0.99998698 	0.99999995 	0.99998644 	0.99999813 	0.99988712 	0.99998819 	0.99999845 	0.99998986 	0.99998260 	0.99998712 	0.99998480 	0.99998636 	0.99995493 	0.99851164 	0.99964161 	0.99995991 	
0.99998698 	0.99999995 	0.99998644 	0.99999813 	0.99988712 	0.99998819 	0.99999845 	0.99998986 	0.99998260 	0.99998712 	0.99998480 	0.99998636 	0.99995493 	0.99851164 	0.99964161 	0.99995991 	
0.99998698 	0.99999995 	0.99998644 	0.99999813 	0.99988712 	0.99998819 	0.99999845 	0.99998986 	0.99998260 	0.99998712 	0.99998480 	0.99998636 	0.99995493 	0.99969938 	0.99964161 	0.99995991 	
0.99998698 	0.99999995 	0.99998644 	0.99999813 	0.99988712 	0.99998819 	0.99999845 	0.99998986 	0.99998260 	0.99998712 	0.99998480 	0.99998636 	0.99995493 	0.99969938 	0.99964161 	0.99995991 	
0.99998698 	0.99999995 	0.99998644 	0.99999813 	0.99988712 	0.99998819 	0.99999845 	0.99998986 	0.99998260 	0.99998712 	0.99998480 	0.99998636 	0.99995493 	0.99969938 	0.99964161 	0.99995991 	
0.99998698 	0.99999995 	0.99998644 	0.99999813 	0.99988712 	0.99998819 	0.99999845 	0.99998986 	0.99998260 	0.99998712 	0.99998480 	0.99998636 	0.99995493 	0.99969938 	0.99964161 	0.99995991 	
0.99998698 	0.99999995 	0.99998644 	0.99999813 	0.99988712 	0.99998819 	0.99999845 	0.99998986 	0.99998260 	0.99998712 	0.99998480 	0.99998636 	0.99995493 	0.99969938 	0.99964161 	0.99995991 	
0.99998698 	0.99999995 	0.99998644 	0.99999813 	0.99988712 	0.99998819 	0.99999845 	0.99998986 	0.99998260 	0.99998712 	0.99998480 	0.99998636 	0.99995493 	0.99969938 	0.99964161 	0.99995991 	
0.99998698 	0.99999995 	0.99998644 	0.99999813 	0.99988712 	0.99998819 	0.99999845 	0.99998986 	0.99998260 	0.99998712 	0.99998480 	0.99998636 	0.99995493 	0.99969938 	0.99964161 	0.99995991 	
0.99998698 	0.99999995 	0.99998644 	0.99999813 	0.99995885 	0.99998819 	0.99999845 	0.99998986 	0.99998260 	0.99998712 	0.99998480 	0.99998636 	0.99995493 	0.99969938 	0.99964161 	0.99995991 	
0.99998698 	0.99999995 	0.99998644 	0.99999813 	0.99995885 	0.99998819 	0.99999845 	0.99998986 	0.99998260 	0.99998712 	0.99998480 	0.99998636 	0.99995493 	0.99969938 	0.99964161 	0.99995991 	
0.99998698 	0.99999995 	0.99998644 	0.99999813 	0.99995885 	0.99998819 	0.99999906 	0.99998986 	0.99998260 	0.99998712 	0.99998480 	0.99998636 	0.99995493 	0.99969938 	0.99964161 	0.99995991 	
0.99998698 	0.99999995 	0.99998644 	0.99999813 	0.99995885 	0.99998819 	0.99999906 	0.99999680 	0.99998260 	0.99998712 	0.99998480 	0.99998636 	0.99995493 	0.99969938 	0.99964161 	0.99995991 	
0.99998698 	0.99999995 	0.99998644 	0.99999813 	0.99995885 	0.99998819 	0.99999906 	0.99999680 	0.99999283 	0.99998712 	0.99998480 	0.99998636 	0.99995493 	0.99969938 	0.99964161 	0.99995991 	
0.99998698 	0.99999995 	0.99998644 	0.99999813 	0.99995885 	0.99998819 	0.99999906 	0.99999680 	0.99999283 	0.99999144 	0.99998480 	0.99998636 	0.99995493 	0.99969938 	0.99964161 	0.99995991 	
0.99998698 	0.99999995 	0.99998644 	0.99999813 	0.99995885 	0.99998819 	0.99999906 	0.99999680 	0.99999283 	0.99999144 	0.99999887 	0.99998636 	0.99995493 	0.99969938 	0.99964161 	0.99995991 	
0.99998698 	0.99999995 	0.99998644 	0.99999813 	0.99995885 	0.99998819 	0.99999906 	0.99999680 	0.99999283 	0.99999144 	0.99999887 	0.99998636 	0.99995493 	0.99969938 	0.99964161 	0.99995991 	
0.99998698 	0.99999995 	0.99998644 	0.99999813 	0.99995885 	0.99998819 	0.99999906 	0.99999680 	0.99999283 	0.99999144 	0.99999887 	0.99998636 	0.99998675 	0.99969938 	0.99964161 	0.99995991 	
0.99998698 	0.99999995 	0.99998644 	0.99999813 	0.99995885 	0.99998819 	0.99999906 	0.99999680 	0.99999283 	0.99999144 	0.99999887 	0.99998636 	0.99998675 	0.99982627 	0.99964161 	0.99995991 	
0.99998698 	0.99999995 	0.99998644 	0.99999813 	0.99995885 	0.99998819 	0.99999906 	0.99999680 	0.99999283 	0.99999144 	0.99999887 	0.99998636 	0.99998675 	0.99982627 	0.99984373 	0.99995991 	
0.99998698 	0.99999995 	0.99998644 	0.99999813 	0.99995885 	0.99998819 	0.99999906 	0.99999680 	0.99999283 	0.99999144 	0.99999887 	0.99998636 	0.99998675 	0.99982627 	0.99984373 	0.99996424 	
0.99998698 	0.99999995 	0.99998644 	0.99999813 	0.99995885 	0.99998819 	0.99999906 	0.99999680 	0.99999283 	0.99999144 	0.99999887 	0.99998636 	0.99998675 	0.99982627 	0.99984373 	0.99996424 	
0.99998698 	0.99999995 	0.99998644 	0.99999813 	0.99995885 	0.99998819 	0.99999906 	0.99999680 	0.99999283 	0.99999144 	0.99999887 	0.99998636 	0.99998675 	0.99982627 	0.99984373 	0.99996424 	
0.99998698 	0.99999995 	0.99998644 	0.99999813 	0.99995885 	0.99998819 	0.99999906 	0.99999680 	0.99999283 	0.99999144 	0.99999887 	0.99998636 	0.99998675 	0.99982627 	0.99984373 	0.99996424 	
0.99998698 	0.99999995 	0.99998644 	0.99999813 	0.99995885 	0.99998819 	0.99999906 	0.99999680 	0.99999283 	0.99999144 	0.99999887 	0.99998636 	0.99998675 	0.99982627 	0.99984373 	0.99996424 	
0.99998698 	0.99999995 	0.99998644 	0.99999813 	0.99998468 	0.99998819 	0.99999906 	0.99999680 	0.99999283 	0.99999144 	0.99999887 	0.99998636 	0.99998675 	0.99982627 	0.99984373 	0.99996424 	
0.99998698 	0.99999995 	0.99998644 	0.99999813 	0.99998468 	0.99999397 	0.99999906 	0.99999680 	0.99999283 	0.99999144 	0.99999887 	0.99998636 	0.99998675 	0.99982627 	0.99984373 	0.99996424 	
0.99998698 	0.99999995 	0.99998644 	0.99999813 	0.99998468 	0.99999397 	0.99999984 	0.99999680 	0.99999283 	0.99999144 	0.99999887 	0.99998636 	0.99998675 	0.99982627 	0.99984373 	0.99996424 	
0.99998698 	0.99999995 	0.99998644 	0.99999813 	0.99998468 	0.99999397 	0.99999984 	0.99999680 	0.99999283 	0.99999144 	0.99999887 	0.99998636 	0.99998675 	0.99982627 	0.99984373 	0.99996424 	
0.99998698 	0.99999995 	0.99998644 	0.99999813 	0.99998468 	0.99999397 	0.99999984 	0.99999680 	0.99999283 	0.99999144 	0.99999887 	0.99998636 	0.99998675 	0.99982627 	0.99984373 	0.99996424 	
0.99998698 	0.99999995 	0.99998644 	0.99999813 	0.99998468 	0.99999397 	0.99999984 	0.99999680 	0.99999283 	0.99999836 	0.99999887 	0.99998636 	0.99998675 	0.99982627 	0.99984373 	0.99996424 	
0.99998698 	0.99999995 	0.99998644 	0.99999813 	0.99998468 	0.99999397 	0.99999984 	0.99999680 	0.99999283 	0.99999836 	0.99999887 	0.99998636 	0.99998675 	0.99982627 	0.99984373 	0.99996424 	
0.99998698 	0.99999995 	0.99998644 	0.99999813 	0.99998468 	0.99999397 	0.99999984 	0.99999680 	0.99999283 	0.99999836 	0.99999887 	0.99998858 	0.99998675 	0.99982627 	0.99984373 	0.99996424 	
0.99998698 	0.99999995 	0.99998644 	0.99999813 	0.99998468 	0.99999397 	0.99999984 	0.99999680 	0.99999283 	0.99999836 	0.99999887 	0.99998858 	0.99998675 	0.99982627 	0.99984373 	0.99996424 	
0.99998698 	0.99999995 	0.99998644 	0.99999813 	0.99998468 	0.99999397 	0.99999984 	0.99999680 	0.99999283 	0.99999836 	0.99999887 	0.99998858 	0.99998675 	0.99995247 	0.99984373 	0.99996424 	
0.99998698 	0.99999995 	0.99998644 	0.99999813 	0.99998468 	0.99999397 	0.99999984 	0.99999680 	0.99999283 	0.99999836 	0.99999887 	0.99998858 	0.99998675 	0.99995247 	0.99984373 	0.99996424 	
0.99998698 	0.99999995 	0.99998644 	0.99999813 	0.99998468 	0.99999397 	0.99999984 	0.99999680 	0.99999283 	0.99999836 	0.99999887 	0.99998858 	0.99998675 	0.99995247 	0.99984373 	0.99996424 	
0.99998698 	0.99999995 	0.99998644 	0.99999813 	0.99998468 	0.99999397 	0.99999984 	0.99999680 	0.99999283 	0.99999836 	0.99999887 	0.99998858 	0.99998675 	0.99995247 	0.99984373 	0.99996424 	
0.99998698 	0.99999995 	0.99998644 	0.99999813 	0.99998468 	0.99999397 	0.99999984 	0.99999680 	0.99999283 	0.99999836 	0.99999887 	0.99998858 	0.99998675 	0.99995247 	0.99984373 	0.99996424 	
0.99998698 	0.99999995 	0.99998644 	0.99999813 	0.99998468 	0.99999397 	0.99999984 	0.99999680 	0.99999283 	0.99999836 	0.99999887 	0.99998858 	0.99998675 	0.99995247 	0.99984373 	0.99996424 	
0.99998698 	0.99999995 	0.99998644 	0.99999813 	0.99998468 	0.99999397 	0.99999984 	0.99999680 	0.99999283 	0.99999836 	0.99999887 	0.99998858 	0.99998675 	0.99995247 	0.99984373 	0.99996424 	
0.99998698 	0.99999995 	0.99998644 	0.99999813 	0.99998468 	0.99999397 	0.99999984 	0.99999680 	0.99999283 	0.99999836 	0.99999887 	0.99998858 	0.99998675 	0.99995247 	0.99984373 	0.99996424 	
0.99998698 	0.99999995 	0.99998644 	0.99999813 	0.99998468 	0.99999458 	0.99999984 	0.99999680 	0.99999283 	0.99999836 	0.99999887 	0.99998858 	0.99998675 	0.99995247 	0.99984373 	0.99996424 	
0.99998698 	0.99999995 	0.99998644 	0.99999813 	0.99998468 	0.99999458 	0.99999984 	0.99999680 	0.99999283 	0.99999836 	0.99999887 	0.99998858 	0.99998675 	0.99995247 	0.99984373 	0.99996424 	
0.99998698 	0.99999995 	0.99998644 	0.99999813 	0.99998468 	0.99999458 	0.99999984 	0.99999680 	0.99999283 	0.99999836 	0.99999887 	0.99998858 	0.99998675 	0.99995247 	0.99984373 	0.99996424 	
0.99998698 	0.99999995 	0.99998644 	0.99999813 	0.99998468 	0.99999458 	0.99999984 	0.99999680 	0.99999518 	0.99999836 	0.99999887 	0.99998858 	0.99998675 	0.99995247 	0.99984373 	0.99996424 	
0.99998698 	0.99999995 	0.99998644 	0.99999813 	0.99998468 	0.99999458 	0.99999984 	0.99999680 	0.99999518 	0.99999985 	0.99999887 	0.99998858 	0.99998675 	0.99995247 	0.99984373 	0.99996424 	
0.99998698 	0.99999995 	0.99998644 	0.99999813 	0.99998468 	0.99999458 	0.99999984 	0.99999680 	0.99999518 	0.99999985 	0.99999973 	0.99998858 	0.99998675 	0.99995247 	0.99984373 	0.99996424 	
0.99998698 	0.99999995 	0.99998644 	0.99999813 	0.99998468 	0.99999458 	0.99999984 	0.99999680 	0.99999518 	0.99999985 	0.99999973 	0.99999946 	0.99998675 	0.99995247 	0.99984373 	0.99996424 	
0.99998698 	0.99999995 	0.99998644 	0.99999813 	0.99998468 	0.99999458 	0.99999984 	0.99999680 	0.99999518 	0.99999985 	0.99999973 	0.99999946 	0.99998675 	0.99995247 	0.99984373 	0.99996424 	
0.99998698 	0.99999995 	0.99998644 	0.99999813 	0.99998468 	0.99999458 	0.99999984 	0.99999680 	0.99999518 	0.99999985 	0.99999973 	0.99999946 	0.99998675 	0.99995247 	0.99984373 	0.99996424 	
0.99998698 	0.99999995 	0.99998644 	0.99999813 	0.99998468 	0.99999458 	0.99999984 	0.99999680 	0.99999518 	0.99999985 	0.99999973 	0.99999946 	0.99998675 	0.99995247 	0.99986337 	0.99996424 	
0.99998698 	0.99999995 	0.99998644 	0.99999813 	0.99998468 	0.99999458 	0.99999984 	0.99999680 	0.99999518 	0.99999985 	0.99999973 	0.99999946 	0.99998675 	0.99995247 	0.99986337 	0.99996424 	
0.99999426 	0.99999995 	0.99998644 	0.99999813 	0.99998468 	0.99999458 	0.99999984 	0.99999680 	0.99999518 	0.99999985 	0.99999973 	0.99999946 	0.99998675 	0.99995247 	0.99986337 	0.99996424 	
0.99999426 	0.99999995 	0.99998644 	0.99999813 	0.99998468 	0.99999458 	0.99999984 	0.99999680 	0.99999518 	0.99999985 	0.99999973 	0.99999946 	0.99998675 	0.99995247 	0.99986337 	0.99996424 	
0.99999426 	0.99999995 	0.99998723 	0.99999813 	0.99998468 	0.99999458 	0.99999984 	0.99999680 	0.99999518 	0.99999985 	0.99999973 	0.99999946 	0.99998675 	0.99995247 	0.99986337 	0.99996424 	
0.99999426 	0.99999995 	0.99998723 	0.99999813 	0.99998468 	0.99999458 	0.99999984 	0.99999680 	0.99999518 	0.99999985 	0.99999973 	0.99999946 	0.99998675 	0.99995247 	0.99986337 	0.99996424 	
0.99999426 	0.99999995 	0.99998723 	0.99999813 	0.99999675 	0.99999458 	0.99999984 	0.99999680 	0.99999518 	0.99999985 	0.99999973 	0.99999946 	0.99998675 	0.99995247 	0.99986337 	0.99996424 	
0.99999426 	0.99999995 	0.99998723 	0.99999813 	0.99999675 	0.99999458 	0.99999984 	0.99999680 	0.99999518 	0.99999985 	0.99999973 	0.99999946 	0.99998675 	0.99995247 	0.99986337 	0.99996424 	
0.99999426 	0.99999995 	0.99998723 	0.99999813 	0.99999675 	0.99999458 	0.99999984 	0.99999680 	0.99999518 	0.99999985 	0.99999973 	0.99999946 	0.99998675 	0.99995247 	0.99986337 	0.99996424 	
0.99999426 	0.99999995 	0.99998723 	0.99999813 	0.99999675 	0.99999458 	0.99999984 	0.99999879 	0.99999518 	0.99999985 	0.99999973 	0.99999946 	0.99998675 	0.99995247 	0.99986337 	0.99996424 	
0.99999426 	0.99999995 	0.99998723 	0.99999813 	0.99999675 	0.99999458 	0.99999984 	0.99999879 	0.99999566 	0.99999985 	0.99999973 	0.99999946 	0.99998675 	0.99995247 	0.99986337 	0.99996424 	
0.99999426 	0.99999995 	0.99998723 	0.99999813 	0.99999675 	0.99999458 	0.99999984 	0.99999879 	0.99999566 	0.99999985 	0.99999973 	0.99999946 	0.99998675 	0.99995247 	0.99986337 	0.99996424 	
0.99999426 	0.99999995 	0.99998723 	0.99999813 	0.99999675 	0.99999458 	0.99999984 	0.99999879 	0.99999566 	0.99999985 	0.99999973 	0.99999946 	0.99998675 	0.99995247 	0.99986337 	0.99996424 	
0.99999426 	0.99999995 	0.99998723 	0.99999813 	0.99999675 	0.99999458 	0.99999984 	0.99999879 	0.99999566 	0.99999985 	0.99999973 	0.99999946 	0.99998675 	0.99995247 	0.99986337 	0.99996424 	
0.99999426 	0.99999995 	0.99998723 	0.99999813 	0.99999675 	0.99999458 	0.99999984 	0.99999879 	0.99999566 	0.99999985 	0.99999973 	0.99999946 	0.99998675 	0.99995247 	0.99986337 	0.99996424 	
0.99999426 	0.99999995 	0.99998723 	0.99999813 	0.99999675 	0.99999458 	0.99999984 	0.99999879 	0.99999566 	0.99999985 	0.99999973 	0.99999946 	0.99998675 	0.99995247 	0.99986337 	0.99996424 	
0.99999426 	0.99999995 	0.99998723 	0.99999813 	0.99999675 	0.99999458 	0.99999984 	0.99999879 	0.99999566 	0.99999985 	0.99999973 	0.99999946 	0.99998675 	0.99995247 	0.99986337 	0.99996424 	
0.99999426 	0.99999995 	0.99998723 	0.99999813 	0.99999675 	0.99999458 	0.99999984 	0.99999879 	0.99999566 	0.99999985 	0.99999973 	0.99999946 	0.99998675 	0.99995247 	0.99986337 	0.99996424 	
0.99999426 	0.99999995 	0.99998723 	0.99999813 	0.99999675 	0.99999458 	0.99999984 	0.99999879 	0.99999566 	0.99999985 	0.99999973 	0.99999946 	0.99998675 	0.99995247 	0.99986337 	0.99996424 	
0.99999426 	0.99999995 	0.99998723 	0.99999813 	0.99999675 	0.99999458 	0.99999984 	0.99999879 	0.99999566 	0.99999985 	0.99999973 	0.99999946 	0.99998675 	0.99995247 	0.99986337 	0.99996424 	
0.99999426 	0.99999995 	0.99998820 	0.99999813 	0.99999675 	0.99999458 	0.99999984 	0.99999879 	0.99999566 	0.99999985 	0.99999973 	0.99999946 	0.99998675 	0.99995247 	0.99986337 	0.99996424 	
0.99999426 	0.99999995 	0.99998820 	0.99999813 	0.99999675 	0.99999458 	0.99999984 	0.99999879 	0.99999566 	0.99999985 	0.99999973 	0.99999946 	0.99998675 	0.99995247 	0.99986337 	0.99996424 	
0.99999426 	0.99999995 	0.99998820 	0.99999813 	0.99999675 	0.99999458 	0.99999984 	0.99999879 	0.99999566 	0.99999985 	0.99999973 	0.99999946 	0.99998675 	0.99995247 	0.99986337 	0.99996424 	
0.99999426 	0.99999995 	0.99998820 	0.99999813 	0.99999675 	0.99999516 	0.99999984 	0.99999879 	0.99999566 	0.99999985 	0.99999973 	0.99999946 	0.99998675 	0.99995247 	0.99986337 	0.99996424 	
0.99999426 	0.99999995 	0.99998820 	0.99999813 	0.99999675 	0.99999516 	0.99999984 	0.99999879 	0.99999566 	0.99999985 	0.99999973 	0.99999946 	0.99998675 	0.99995247 	0.99986337 	0.99996424 	
0.99999426 	0.99999995 	0.99998820 	0.99999813 	0.99999675 	0.99999516 	0.99999984 	0.99999879 	0.99999566 	0.99999985 	0.99999973 	0.99999946 	0.99998675 	0.99995247 	0.99986337 	0.99996424 	
0.99999426 	0.99999995 	0.99998820 	0.99999813 	0.99999675 	0.99999516 	0.99999984 	0.99999879 	0.99999566 	0.99999985 	0.99999973 	0.99999946 	0.99998675 	0.99995247 	0.99986337 	0.99996424 	
0.99999426 	0.99999995 	0.99998820 	0.99999813 	0.99999675 	0.99999516 	0.99999984 	0.99999879 	0.99999566 	0.99999985 	0.99999973 	0.99999946 	0.99998675 	0.99995247 	0.99986337 	0.99996424 	
0.99999426 	0.99999995 	0.99998820 	0.99999813 	0.99999675 	0.99999516 	0.99999984 	0.99999879 	0.99999566 	0.99999985 	0.99999973 	0.99999946 	0.99998675 	0.99995247 	0.99986337 	0.99996424 	
0.99999426 	0.99999995 	0.99998820 	0.99999813 	0.99999675 	0.99999516 	0.99999984 	0.99999879 	0.99999566 	0.99999985 	0.99999973 	0.99999946 	0.99998675 	0.99995247 	0.99986337 	0.99996424 	
0.99999426 	0.99999995 	0.99998820 	0.99999813 	0.99999675 	0.99999516 	0.99999984 	0.99999879 	0.99999566 	0.99999985 	0.99999973 	0.99999946 	0.99999344 	0.99995247 	0.99986337 	0.99996424 	
0.99999426 	0.99999995 	0.99998820 	0.99999813 	0.99999675 	0.99999516 	0.99999984 	0.99999879 	0.99999566 	0.99999985 	0.99999973 	0.99999946 	0.99999344 	0.99999061 	0.99986337 	0.99996424 	
0.99999426 	0.99999995 	0.99998820 	0.99999813 	0.99999675 	0.99999516 	0.99999984 	0.99999879 	0.99999566 	0.99999985 	0.99999973 	0.99999946 	0.99999344 	0.99999061 	0.99992948 	0.99996424 	
0.99999426 	0.99999995 	0.99998820 	0.99999813 	0.99999675 	0.99999516 	0.99999984 	0.99999879 	0.99999566 	0.99999985 	0.99999973 	0.99999946 	0.99999344 	0.99999061 	0.99992948 	0.99996424 	
0.99999426 	0.99999995 	0.99998820 	0.99999813 	0.99999675 	0.99999516 	0.99999984 	0.99999879 	0.99999566 	0.99999985 	0.99999973 	0.99999946 	0.99999344 	0.99999061 	0.99992948 	0.99996424 	
0.99999426 	0.99999995 	0.99998820 	0.99999813 	0.99999675 	0.99999516 	0.99999984 	0.99999879 	0.99999566 	0.99999985 	0.99999973 	0.99999946 	0.99999344 	0.99999061 	0.99992948 	0.99996424 	
0.99999426 	0.99999995 	0.99999127 	0.99999813 	0.99999675 	0.99999516 	0.99999984 	0.99999879 	0.99999566 	0.99999985 	0.99999973 	0.99999946 	0.99999344 	0.99999061 	0.99992948 	0.99996424 	
0.99999426 	0.99999995 	0.99999127 	0.99999813 	0.99999675 	0.99999516 	0.99999984 	0.99999879 	0.99999566 	0.99999985 	0.99999973 	0.99999946 	0.99999344 	0.99999061 	0.99992948 	0.99996424 	
0.99999426 	0.99999995 	0.99999127 	0.99999813 	0.99999675 	0.99999516 	0.99999984 	0.99999879 	0.99999566 	0.99999985 	0.99999973 	0.99999946 	0.99999344 	0.99999061 	0.99992948 	0.99996424 	
0.99999426 	0.99999995 	0.99999127 	0.99999813 	0.99999675 	0.99999800 	0.99999984 	0.99999879 	0.99999566 	0.99999985 	0.99999973 	0.99999946 	0.99999344 	0.99999061 	0.99992948 	0.99996424 	
0.99999426 	0.99999995 	0.99999127 	0.99999813 	0.99999675 	0.99999800 	0.99999989 	0.99999879 	0.99999566 	0.99999985 	0.99999973 	0.99999946 	0.99999344 	0.99999061 	0.99992948 	0.99996424 	
0.99999426 	0.99999995 	0.99999127 	0.99999813 	0.99999675 	0.99999800 	0.99999989 	0.99999879 	0.99999566 	0.99999985 	0.99999973 	0.99999946 	0.99999344 	0.99999061 	0.99992948 	0.99996424 	
0.99999426 	0.99999995 	0.99999127 	0.99999813 	0.99999675 	0.99999800 	0.99999989 	0.99999879 	0.99999566 	0.99999985 	0.99999973 	0.99999946 	0.99999344 	0.99999061 	0.99992948 	0.99996424 	
0.99999426 	0.99999995 	0.99999127 	0.99999813 	0.99999675 	0.99999800 	0.99999989 	0.99999879 	0.99999566 	0.99999985 	0.99999973 	0.99999946 	0.99999344 	0.99999061 	0.99992948 	0.99996424 	
0.99999426 	0.99999995 	0.99999127 	0.99999813 	0.99999675 	0.99999800 	0.99999989 	0.99999879 	0.99999566 	0.99999985 	0.99999973 	0.99999946 	0.99999344 	0.99999061 	0.99992948 	0.99996424 	
0.99999426 	0.99999995 	0.99999127 	0.99999813 	0.99999675 	0.99999800 	0.99999989 	0.99999879 	0.99999566 	0.99999985 	0.99999973 	0.99999946 	0.99999344 	0.99999061 	0.99992948 	0.99996424 	
0.99999426 	0.99999995 	0.99999127 	0.99999813 	0.99999675 	0.99999800 	0.99999989 	0.99999879 	0.99999566 	0.99999985 	0.99999973 	0.99999946 	0.99999344 	0.99999061 	0.99992948 	0.99996424 	
0.99999426 	0.99999995 	0.99999127 	0.99999813 	0.99999675 	0.99999800 	0.99999989 	0.99999879 	0.99999566 	0.99999985 	0.99999973 	0.99999946 	0.99999344 	0.99999215 	0.99992948 	0.99996424 	
0.99999426 	0.99999995 	0.99999127 	0.99999813 	0.99999675 	0.99999800 	0.99999989 	0.99999879 	0.99999566 	0.99999985 	0.99999973 	0.99999946 	0.99999344 	0.99999215 	0.99997268 	0.99996424 	
0.99999426 	0.99999995 	0.99999127 	0.99999813 	0.99999675 	0.99999800 	0.99999989 	0.99999879 	0.99999566 	0.99999985 	0.99999973 	0.99999946 	0.99999344 	0.99999215 	0.99997268 	0.99998495 	
0.99999730 	0.99999995 	0.99999127 	0.99999813 	0.99999675 	0.99999800 	0.99999989 	0.99999879 	0.99999566 	0.99999985 	0.99999973 	0.99999946 	0.99999344 	0.99999215 	0.99997268 	0.99998495 	
0.99999730 	0.99999995 	0.99999127 	0.99999813 	0.99999675 	0.99999800 	0.99999989 	0.99999879 	0.99999566 	0.99999985 	0.99999973 	0.99999946 	0.99999344 	0.99999215 	0.99997268 	0.99998495 	
0.99999730 	0.99999995 	0.99999519 	0.99999813 	0.99999675 	0.99999800 	0.99999989 	0.99999879 	0.99999566 	0.99999985 	0.99999973 	0.99999946 	0.99999344 	0.99999215 	0.99997268 	0.99998495 	
0.99999730 	0.99999995 	0.99999519 	0.99999813 	0.99999675 	0.99999800 	0.99999989 	0.99999879 	0.99999566 	0.99999985 	0.99999973 	0.99999946 	0.99999344 	0.99999215 	0.99997268 	0.99998495 	
0.99999730 	0.99999995 	0.99999519 	0.99999813 	0.99999831 	0.99999800 	0.99999989 	0.99999879 	0.99999566 	0.99999985 	0.99999973 	0.99999946 	0.99999344 	0.99999215 	0.99997268 	0.99998495 	
0.99999730 	0.99999995 	0.99999519 	0.99999813 	0.99999831 	0.99999975 	0.99999989 	0.99999879 	0.99999566 	0.99999985 	0.99999973 	0.99999946 	0.99999344 	0.99999215 	0.99997268 	0.99998495 	
0.99999730 	0.99999995 	0.99999519 	0.99999813 	0.99999831 	0.99999975 	0.99999989 	0.99999879 	0.99999566 	0.99999985 	0.99999973 	0.99999946 	0.99999344 	0.99999215 	0.99997268 	0.99998495 	
0.99999730 	0.99999995 	0.99999519 	0.99999813 	0.99999831 	0.99999975 	0.99999989 	0.99999879 	0.99999566 	0.99999985 	0.99999973 	0.99999946 	0.99999344 	0.99999215 	0.99997268 	0.99998495 	
0.99999730 	0.99999995 	0.99999519 	0.99999813 	0.99999831 	0.99999975 	0.99999989 	0.99999879 	0.99999566 	0.99999985 	0.99999973 	0.99999946 	0.99999344 	0.99999215 	0.99997268 	0.99998495 	
0.99999730 	0.99999995 	0.99999519 	0.99999813 	0.99999831 	0.99999975 	0.99999989 	0.99999879 	0.99999566 	0.99999985 	0.99999973 	0.99999946 	0.99999344 	0.99999215 	0.99997268 	0.99998495 	
0.99999730 	0.99999995 	0.99999519 	0.99999813 	0.99999831 	0.99999975 	0.99999989 	0.99999879 	0.99999566 	0.99999985 	0.99999973 	0.99999946 	0.99999344 	0.99999215 	0.99997268 	0.99998495 	
0.99999730 	0.99999995 	0.99999519 	0.99999813 	0.99999831 	0.99999975 	0.99999989 	0.99999879 	0.99999566 	0.99999985 	0.99999973 	0.99999946 	0.99999344 	0.99999215 	0.99997268 	0.99998495 	
0.99999730 	0.99999995 	0.99999519 	0.99999813 	0.99999831 	0.99999975 	0.99999989 	0.99999879 	0.99999566 	0.99999985 	0.99999973 	0.99999946 	0.99999654 	0.99999215 	0.99997268 	0.99998495 	
0.99999730 	0.99999995 	0.99999519 	0.99999813 	0.99999831 	0.99999975 	0.99999989 	0.99999879 	0.99999566 	0.99999985 	0.99999973 	0.99999946 	0.99999654 	0.99999398 	0.99997268 	0.99998495 	
0.99999730 	0.99999995 	0.99999519 	0.99999813 	0.99999831 	0.99999975 	0.99999989 	0.99999879 	0.99999566 	0.99999985 	0.99999973 	0.99999946 	0.99999654 	0.99999398 	0.99999764 	0.99998495 	
0.99999730 	0.99999995 	0.99999519 	0.99999813 	0.99999831 	0.99999975 	0.99999989 	0.99999879 	0.99999566 	0.99999985 	0.99999973 	0.99999946 	0.99999654 	0.99999398 	0.99999764 	0.99999601 	
0.99999759 	0.99999995 	0.99999519 	0.99999813 	0.99999831 	0.99999975 	0.99999989 	0.99999879 	0.99999566 	0.99999985 	0.99999973 	0.99999946 	0.99999654 	0.99999398 	0.99999764 	0.99999601 	
0.99999759 	0.99999995 	0.99999519 	0.99999813 	0.99999831 	0.99999975 	0.99999989 	0.99999879 	0.99999566 	0.99999985 	0.99999973 	0.99999946 	0.99999654 	0.99999398 	0.99999764 	0.99999601 	
0.99999759 	0.99999995 	0.99999690 	0.99999813 	0.99999831 	0.99999975 	0.99999989 	0.99999879 	0.99999566 	0.99999985 	0.99999973 	0.99999946 	0.99999654 	0.99999398 	0.99999764 	0.99999601 	
0.99999759 	0.99999995 	0.99999690 	0.99999813 	0.99999831 	0.99999975 	0.99999989 	0.99999879 	0.99999566 	0.99999985 	0.99999973 	0.99999946 	0.99999654 	0.99999398 	0.99999764 	0.99999601 	
0.99999759 	0.99999995 	0.99999690 	0.99999813 	0.99999993 	0.99999975 	0.99999989 	0.99999879 	0.99999566 	0.99999985 	0.99999973 	0.99999946 	0.99999654 	0.99999398 	0.99999764 	0.99999601 	
0.99999759 	0.99999995 	0.99999690 	0.99999813 	0.99999993 	0.99999979 	0.99999989 	0.99999879 	0.99999566 	0.99999985 	0.99999973 	0.99999946 	0.99999654 	0.99999398 	0.99999764 	0.99999601 	
0.99999759 	0.99999995 	0.99999690 	0.99999813 	0.99999993 	0.99999979 	0.99999996 	0.99999879 	0.99999566 	0.99999985 	0.99999973 	0.99999946 	0.99999654 	0.99999398 	0.99999764 	0.99999601 	
0.99999759 	0.99999995 	0.99999690 	0.99999813 	0.99999993 	0.99999979 	0.99999996 	0.99999879 	0.99999566 	0.99999985 	0.99999973 	0.99999946 	0.99999654 	0.99999398 	0.99999764 	0.99999601 	
0.99999759 	0.99999995 	0.99999690 	0.99999813 	0.99999993 	0.99999979 	0.99999996 	0.99999879 	0.99999761 	0.99999985 	0.99999973 	0.99999946 	0.99999654 	0.99999398 	0.99999764 	0.99999601 	
0.99999759 	0.99999995 	0.99999690 	0.99999813 	0.99999993 	0.99999979 	0.99999996 	0.99999879 	0.99999761 	0.99999985 	0.99999973 	0.99999946 	0.99999654 	0.99999398 	0.99999764 	0.99999601 	
0.99999759 	0.99999995 	0.99999690 	0.99999813 	0.99999993 	0.99999979 	0.99999996 	0.99999879 	0.99999761 	0.99999985 	0.99999973 	0.99999946 	0.99999654 	0.99999398 	0.99999764 	0.99999601 	
0.99999759 	0.99999995 	0.99999690 	0.99999813 	0.99999993 	0.99999979 	0.99999996 	0.99999879 	0.99999761 	0.99999985 	0.99999973 	0.99999946 	0.99999654 	0.99999398 	0.99999764 	0.99999601 	
0.99999759 	0.99999995 	0.99999690 	0.99999813 	0.99999993 	0.99999979 	0.99999996 	0.99999879 	0.99999761 	0.99999985 	0.99999973 	0.99999946 	0.99999654 	0.99999398 	0.99999764 	0.99999601 	
0.99999759 	0.99999995 	0.99999690 	0.99999813 	0.99999993 	0.99999979 	0.99999996 	0.99999879 	0.99999761 	0.99999985 	0.99999973 	0.99999946 	0.99999654 	0.99999398 	0.99999764 	0.99999601 	
0.99999759 	0.99999995 	0.99999690 	0.99999813 	0.99999993 	0.99999979 	0.99999996 	0.99999879 	0.99999761 	0.99999985 	0.99999973 	0.99999946 	0.99999654 	0.99999398 	0.99999987 	0.99999601 	
0.99999759 	0.99999995 	0.99999690 	0.99999813 	0.99999993 	0.99999979 	0.99999996 	0.99999879 	0.99999761 	0.99999985 	0.99999973 	0.99999946 	0.99999654 	0.99999398 	0.99999987 	0.99999601 	
0.99999902 	0.99999995 	0.99999690 	0.99999813 	0.99999993 	0.99999979 	0.99999996 	0.99999879 	0.99999761 	0.99999985 	0.99999973 	0.99999946 	0.99999654 	0.99999398 	0.99999987 	0.99999601 	
0.99999902 	0.99999995 	0.99999690 	0.99999813 	0.99999993 	0.99999979 	0.99999996 	0.99999879 	0.99999761 	0.99999985 	0.99999973 	0.99999946 	0.99999654 	0.99999398 	0.99999987 	0.99999601 	
0.99999902 	0.99999995 	0.99999925 	0.99999813 	0.99999993 	0.99999979 	0.99999996 	0.99999879 	0.99999761 	0.99999985 	0.99999973 	0.99999946 	0.99999654 	0.99999398 	0.99999987 	0.99999601 	
0.99999902 	0.99999995 	0.99999925 	0.99999813 	0.99999993 	0.99999979 	0.99999996 	0.99999879 	0.99999761 	0.99999985 	0.99999973 	0.99999946 	0.99999654 	0.99999398 	0.99999987 	0.99999601 	
0.99999902 	0.99999995 	0.99999925 	0.99999813 	0.99999993 	0.99999979 	0.99999996 	0.99999879 	0.99999761 	0.99999985 	0.99999973 	0.99999946 	0.99999654 	0.99999398 	0.99999987 	0.99999601 	
0.99999902 	0.99999995 	0.99999925 	0.99999813 	0.99999993 	0.99999980 	0.99999996 	0.99999879 	0.99999761 	0.99999985 	0.99999973 	0.99999946 	0.99999654 	0.99999398 	0.99999987 	0.99999601 	
0.99999902 	0.99999995 	0.99999925 	0.99999813 	0.99999993 	0.99999980 	0.99999996 	0.99999879 	0.99999761 	0.99999985 	0.99999973 	0.99999946 	0.99999654 	0.99999398 	0.99999987 	0.99999601 	
0.99999902 	0.99999995 	0.99999925 	0.99999813 	0.99999993 	0.99999980 	0.99999996 	0.99999879 	0.99999761 	0.99999985 	0.99999973 	0.99999946 	0.99999654 	0.99999398 	0.99999987 	0.99999601 	
0.99999902 	0.99999995 	0.99999925 	0.99999813 	0.99999993 	0.99999980 	0.99999996 	0.99999879 	0.99999761 	0.99999985 	0.99999973 	0.99999946 	0.99999654 	0.99999398 	0.99999987 	0.99999601 	
0.99999902 	0.99999995 	0.99999925 	0.99999813 	0.99999993 	0.99999980 	0.99999996 	0.99999879 	0.99999761 	0.99999985 	0.99999973 	0.99999946 	0.99999654 	0.99999398 	0.99999987 	0.99999601 	
0.99999902 	0.99999995 	0.99999925 	0.99999813 	0.99999993 	0.99999980 	0.99999996 	0.99999879 	0.99999761 	0.99999985 	0.99999973 	0.99999946 	0.99999654 	0.99999398 	0.99999987 	0.99999601 	
0.99999902 	0.99999995 	0.99999925 	0.99999813 	0.99999993 	0.99999980 	0.99999996 	0.99999879 	0.99999761 	0.99999985 	0.99999973 	0.99999946 	0.99999654 	0.99999398 	0.99999987 	0.99999601 	
0.99999902 	0.99999995 	0.99999925 	0.99999813 	0.99999993 	0.99999980 	0.99999996 	0.99999879 	0.99999761 	0.99999985 	0.99999973 	0.99999946 	0.99999654 	0.99999398 	0.99999987 	0.99999601 	
0.99999902 	0.99999995 	0.99999925 	0.99999813 	0.99999993 	0.99999980 	0.99999996 	0.99999879 	0.99999761 	0.99999985 	0.99999973 	0.99999946 	0.99999654 	0.99999398 	0.99999987 	0.99999601 	
0.99999902 	0.99999995 	0.99999925 	0.99999813 	0.99999993 	0.99999980 	0.99999996 	0.99999879 	0.99999761 	0.99999985 	0.99999973 	0.99999946 	0.99999654 	0.99999398 	0.99999987 	0.99999601 	
0.99999902 	0.99999995 	0.99999925 	0.99999813 	0.99999993 	0.99999980 	0.99999996 	0.99999879 	0.99999761 	0.99999985 	0.99999973 	0.99999946 	0.99999654 	0.99999398 	0.99999987 	0.99999832 	
0.99999902 	0.99999995 	0.99999925 	0.99999813 	0.99999993 	0.99999980 	0.99999996 	0.99999879 	0.99999761 	0.99999985 	0.99999973 	0.99999946 	0.99999654 	0.99999398 	0.99999987 	0.99999832 	
0.99999902 	0.99999995 	0.99999925 	0.99999813 	0.99999993 	0.99999980 	0.99999996 	0.99999879 	0.99999761 	0.99999985 	0.99999973 	0.99999946 	0.99999654 	0.99999398 	0.99999987 	0.99999832 	
0.99999902 	0.99999995 	0.99999925 	0.99999813 	0.99999993 	0.99999980 	0.99999996 	0.99999879 	0.99999761 	0.99999985 	0.99999973 	0.99999946 	0.99999654 	0.99999398 	0.99999987 	0.99999832 	
0.99999902 	0.99999995 	0.99999925 	0.99999813 	0.99999993 	0.99999980 	0.99999996 	0.99999879 	0.99999761 	0.99999985 	0.99999973 	0.99999946 	0.99999654 	0.99999398 	0.99999987 	0.99999832 	
0.99999902 	0.99999995 	0.99999925 	0.99999813 	0.99999993 	0.99999980 	0.99999996 	0.99999879 	0.99999761 	0.99999985 	0.99999973 	0.99999946 	0.99999654 	0.99999398 	0.99999987 	0.99999832 	
0.99999902 	0.99999995 	0.99999925 	0.99999813 	0.99999993 	0.99999983 	0.99999996 	0.99999879 	0.99999761 	0.99999985 	0.99999973 	0.99999946 	0.99999654 	0.99999398 	0.99999987 	0.99999832 	
0.99999902 	0.99999995 	0.99999925 	0.99999813 	0.99999993 	0.99999983 	0.99999996 	0.99999879 	0.99999761 	0.99999985 	0.99999973 	0.99999946 	0.99999654 	0.99999398 	0.99999987 	0.99999832 	
0.99999902 	0.99999995 	0.99999925 	0.99999813 	0.99999993 	0.99999983 	0.99999996 	0.99999907 	0.99999761 	0.99999985 	0.99999973 	0.99999946 	0.99999654 	0.99999398 	0.99999987 	0.99999832 	
0.99999902 	0.99999995 	0.99999925 	0.99999813 	0.99999993 	0.99999983 	0.99999996 	0.99999907 	0.99999761 	0.99999985 	0.99999973 	0.99999946 	0.99999654 	0.99999398 	0.99999987 	0.99999832 	
0.99999902 	0.99999995 	0.99999925 	0.99999813 	0.99999993 	0.99999983 	0.99999996 	0.99999907 	0.99999761 	0.99999985 	0.99999973 	0.99999946 	0.99999654 	0.99999398 	0.99999987 	0.99999832 	
0.99999902 	0.99999995 	0.99999925 	0.99999813 	0.99999993 	0.99999983 	0.99999996 	0.99999907 	0.99999761 	0.99999985 	0.99999973 	0.99999946 	0.99999654 	0.99999398 	0.99999987 	0.99999832 	
0.99999902 	0.99999995 	0.99999925 	0.99999813 	0.99999993 	0.99999983 	0.99999996 	0.99999907 	0.99999761 	0.99999985 	0.99999973 	0.99999946 	0.99999654 	0.99999398 	0.99999987 	0.99999832 	
0.99999902 	0.99999995 	0.99999925 	0.99999813 	0.99999993 	0.99999983 	0.99999996 	0.99999907 	0.99999761 	0.99999985 	0.99999973 	0.99999946 	0.99999654 	0.99999398 	0.99999987 	0.99999832 	
0.99999902 	0.99999995 	0.99999925 	0.99999813 	0.99999993 	0.99999983 	0.99999996 	0.99999907 	0.99999761 	0.99999985 	0.99999973 	0.99999946 	0.99999654 	0.99999398 	0.99999987 	0.99999832 	
0.99999902 	0.99999995 	0.99999925 	0.99999813 	0.99999993 	0.99999983 	0.99999996 	0.99999907 	0.99999761 	0.99999985 	0.99999973 	0.99999946 	0.99999654 	0.99999398 	0.99999992 	0.99999832 	
0.99999902 	0.99999995 	0.99999925 	0.99999813 	0.99999993 	0.99999983 	0.99999996 	0.99999907 	0.99999761 	0.99999985 	0.99999973 	0.99999946 	0.99999654 	0.99999398 	0.99999992 	0.99999913 	
0.99999902 	0.99999995 	0.99999925 	0.99999813 	0.99999993 	0.99999983 	0.99999996 	0.99999907 	0.99999761 	0.99999985 	0.99999973 	0.99999946 	0.99999654 	0.99999398 	0.99999992 	0.99999913 	
0.99999902 	0.99999995 	0.99999925 	0.99999813 	0.99999993 	0.99999983 	0.99999996 	0.99999907 	0.99999761 	0.99999985 	0.99999973 	0.99999946 	0.99999654 	0.99999398 	0.99999992 	0.99999913 	
0.99999902 	0.99999995 	0.99999925 	0.99999813 	0.99999993 	0.99999983 	0.99999996 	0.99999907 	0.99999761 	0.99999985 	0.99999973 	0.99999946 	0.99999654 	0.99999398 	0.99999992 	0.99999913 	
0.99999902 	0.99999995 	0.99999925 	0.99999813 	0.99999993 	0.99999983 	0.99999996 	0.99999907 	0.99999761 	0.99999985 	0.99999973 	0.99999946 	0.99999654 	0.99999398 	0.99999992 	0.99999913 	
0.99999902 	0.99999995 	0.99999925 	0.99999813 	0.99999993 	0.99999983 	0.99999996 	0.99999907 	0.99999761 	0.99999985 	0.99999973 	0.99999946 	0.99999654 	0.99999398 	0.99999992 	0.99999913 	
0.99999902 	0.99999995 	0.99999925 	0.99999813 	0.99999993 	0.99999983 	0.99999996 	0.99999907 	0.99999761 	0.99999985 	0.99999973 	0.99999946 	0.99999654 	0.99999398 	0.99999992 	0.99999913 	
0.99999902 	0.99999995 	0.99999925 	0.99999813 	0.99999993 	0.99999983 	0.99999996 	0.99999907 	0.99999761 	0.99999985 	0.99999973 	0.99999946 	0.99999654 	0.99999398 	0.99999992 	0.99999913 	
0.99999902 	0.99999995 	0.99999925 	0.99999813 	0.99999993 	0.99999983 	0.99999996 	0.99999907 	0.99999761 	0.99999985 	0.99999973 	0.99999946 	0.99999654 	0.99999398 	0.99999992 	0.99999913 	
0.99999902 	0.99999995 	0.99999925 	0.99999813 	0.99999993 	0.99999983 	0.99999996 	0.99999907 	0.99999761 	0.99999985 	0.99999973 	0.99999946 	0.99999654 	0.99999398 	0.99999992 	0.99999913 	
0.99999902 	0.99999995 	0.99999925 	0.99999813 	0.99999993 	0.99999983 	0.99999996 	0.99999907 	0.99999761 	0.99999985 	0.99999973 	0.99999946 	0.99999654 	0.99999398 	0.99999992 	0.99999913 	
0.99999902 	0.99999995 	0.99999925 	0.99999813 	0.99999993 	0.99999983 	0.99999996 	0.99999907 	0.99999761 	0.99999985 	0.99999973 	0.99999946 	0.99999654 	0.99999398 	0.99999992 	0.99999913 	
0.99999902 	0.99999995 	0.99999925 	0.99999813 	0.99999993 	0.99999983 	0.99999996 	0.99999907 	0.99999761 	0.99999985 	0.99999973 	0.99999946 	0.99999654 	0.99999398 	0.99999992 	0.99999913 	
0.99999902 	0.99999995 	0.99999925 	0.99999813 	0.99999993 	0.99999983 	0.99999996 	0.99999907 	0.99999761 	0.99999985 	0.99999973 	0.99999946 	0.99999654 	0.99999398 	0.99999992 	0.99999913 	
0.99999902 	0.99999995 	0.99999925 	0.99999813 	0.99999993 	0.99999983 	0.99999996 	0.99999907 	0.99999761 	0.99999985 	0.99999973 	0.99999946 	0.99999654 	0.99999398 	0.99999992 	0.99999913 	
0.99999902 	0.99999995 	0.99999925 	0.99999813 	0.99999993 	0.99999983 	0.99999996 	0.99999907 	0.99999761 	0.99999985 	0.99999973 	0.99999946 	0.99999654 	0.99999398 	0.99999992 	0.99999913 	
0.99999902 	0.99999995 	0.99999925 	0.99999813 	0.99999993 	0.99999983 	0.99999996 	0.99999907 	0.99999761 	0.99999985 	0.99999973 	0.99999946 	0.99999654 	0.99999398 	0.99999992 	0.99999913 	
0.99999902 	0.99999995 	0.99999925 	0.99999813 	0.99999993 	0.99999983 	0.99999996 	0.99999907 	0.99999761 	0.99999985 	0.99999973 	0.99999946 	0.99999654 	0.99999398 	0.99999992 	0.99999913 	
0.99999902 	0.99999995 	0.99999925 	0.99999813 	0.99999993 	0.99999983 	0.99999996 	0.99999907 	0.99999761 	0.99999985 	0.99999973 	0.99999946 	0.99999654 	0.99999398 	0.99999992 	0.99999913 	
0.99999902 	0.99999995 	0.99999968 	0.99999813 	0.99999993 	0.99999983 	0.99999996 	0.99999907 	0.99999761 	0.99999985 	0.99999973 	0.99999946 	0.99999654 	0.99999398 	0.99999992 	0.99999913 	
0.99999902 	0.99999995 	0.99999968 	0.99999813 	0.99999993 	0.99999983 	0.99999996 	0.99999907 	0.99999761 	0.99999985 	0.99999973 	0.99999946 	0.99999654 	0.99999398 	0.99999992 	0.99999913 	
0.99999902 	0.99999995 	0.99999968 	0.99999813 	0.99999993 	0.99999983 	0.99999996 	0.99999907 	0.99999761 	0.99999985 	0.99999973 	0.99999946 	0.99999654 	0.99999398 	0.99999992 	0.99999913 	
0.99999902 	0.99999995 	0.99999968 	0.99999813 	0.99999993 	0.99999996 	0.99999996 	0.99999907 	0.99999761 	0.99999985 	0.99999973 	0.99999946 	0.99999654 	0.99999398 	0.99999992 	0.99999913 	
0.99999902 	0.99999995 	0.99999968 	0.99999813 	0.99999993 	0.99999996 	1.00000000 	0.99999907 	0.99999761 	0.99999985 	0.99999973 	0.99999946 	0.99999654 	0.99999398 	0.99999992 	0.99999913 	
0.99999902 	0.99999995 	0.99999968 	0.99999813 	0.99999993 	0.99999996 	1.00000000 	0.99999910 	0.99999761 	0.99999985 	0.99999973 	0.99999946 	0.99999654 	0.99999398 	0.99999992 	0.99999913 	
0.99999902 	0.99999995 	0.99999968 	0.99999813 	0.99999993 	0.99999996 	1.00000000 	0.99999910 	0.99999761 	0.99999985 	0.99999973 	0.99999946 	0.99999654 	0.99999398 	0.99999992 	0.99999913 	
0.99999902 	0.99999995 	0.99999968 	0.99999813 	0.99999993 	0.99999996 	1.00000000 	0.99999910 	0.99999761 	0.99999985 	0.99999973 	0.99999946 	0.99999654 	0.99999398 	0.99999992 	0.99999913 	
0.99999902 	0.99999995 	0.99999968 	0.99999813 	0.99999993 	0.99999996 	1.00000000 	0.99999910 	0.99999761 	0.99999985 	0.99999973 	0.99999946 	0.99999654 	0.99999398 	0.99999992 	0.99999913 	
0.99999902 	0.99999995 	0.99999968 	0.99999813 	0.99999993 	0.99999996 	1.00000000 	0.99999910 	0.99999761 	0.99999985 	0.99999973 	0.99999946 	0.99999654 	0.99999398 	0.99999992 	0.99999913 	
0.99999902 	0.99999995 	0.99999968 	0.99999813 	0.99999993 	0.99999996 	1.00000000 	0.99999910 	0.99999761 	0.99999985 	0.99999973 	0.99999946 	0.99999881 	0.99999398 	0.99999992 	0.99999913 	
0.99999902 	0.99999995 	0.99999968 	0.99999813 	0.99999993 	0.99999996 	1.00000000 	0.99999910 	0.99999761 	0.99999985 	0.99999973 	0.99999946 	0.99999881 	0.99999398 	0.99999992 	0.99999913 	
0.99999902 	0.99999995 	0.99999968 	0.99999813 	0.99999993 	0.99999996 	1.00000000 	0.99999910 	0.99999761 	0.99999985 	0.99999973 	0.99999946 	0.99999881 	0.99999398 	0.99999992 	0.99999913 	
0.99999902 	0.99999995 	0.99999968 	0.99999813 	0.99999993 	0.99999996 	1.00000000 	0.99999910 	0.99999761 	0.99999985 	0.99999973 	0.99999946 	0.99999881 	0.99999398 	0.99999992 	0.99999913 	
