0.98470694 	0.46633170 	0.34667540 	0.77529931 	0.85740925 	0.75408024 	0.47043985 	0.71159788 	0.77706693 	0.95981302 	0.92427642 	0.71770608 	0.69308573 	0.76448246 	0.03305727 	0.19284408 	
0.98470694 	0.97657995 	0.34667540 	0.77529931 	0.85740925 	0.75408024 	0.47043985 	0.71159788 	0.77706693 	0.95981302 	0.92427642 	0.71770608 	0.69308573 	0.76448246 	0.03305727 	0.19284408 	
0.98470694 	0.97657995 	0.96167087 	0.77529931 	0.85740925 	0.75408024 	0.47043985 	0.71159788 	0.77706693 	0.95981302 	0.92427642 	0.71770608 	0.69308573 	0.76448246 	0.03305727 	0.19284408 	
0.98470694 	0.97657995 	0.96167087 	0.98996832 	0.85740925 	0.75408024 	0.47043985 	0.71159788 	0.77706693 	0.95981302 	0.92427642 	0.71770608 	0.69308573 	0.76448246 	0.03305727 	0.19284408 	
0.98470694 	0.97657995 	0.96167087 	0.98996832 	0.94958753 	0.75408024 	0.47043985 	0.71159788 	0.77706693 	0.95981302 	0.92427642 	0.71770608 	0.69308573 	0.76448246 	0.03305727 	0.19284408 	
0.98470694 	0.97657995 	0.96167087 	0.98996832 	0.94958753 	0.94666862 	0.47043985 	0.71159788 	0.77706693 	0.95981302 	0.92427642 	0.71770608 	0.69308573 	0.76448246 	0.03305727 	0.19284408 	
0.98470694 	0.97657995 	0.96167087 	0.98996832 	0.94958753 	0.94666862 	0.93865709 	0.71159788 	0.77706693 	0.95981302 	0.92427642 	0.71770608 	0.69308573 	0.76448246 	0.03305727 	0.19284408 	
0.98470694 	0.97657995 	0.96167087 	0.98996832 	0.94958753 	0.94666862 	0.93865709 	0.97711723 	0.77706693 	0.95981302 	0.92427642 	0.71770608 	0.69308573 	0.76448246 	0.03305727 	0.19284408 	
0.98470694 	0.97657995 	0.96167087 	0.98996832 	0.94958753 	0.94666862 	0.93865709 	0.97711723 	0.48514549 	0.95981302 	0.92427642 	0.71770608 	0.69308573 	0.76448246 	0.03305727 	0.19284408 	
0.98470694 	0.97657995 	0.96167087 	0.98996832 	0.94958753 	0.94666862 	0.93865709 	0.97711723 	0.48514549 	0.99494321 	0.92427642 	0.71770608 	0.69308573 	0.76448246 	0.03305727 	0.19284408 	
0.98470694 	0.97657995 	0.96167087 	0.98996832 	0.94958753 	0.94666862 	0.93865709 	0.97711723 	0.48514549 	0.99494321 	0.97313672 	0.71770608 	0.69308573 	0.76448246 	0.03305727 	0.19284408 	
0.98470694 	0.97657995 	0.96167087 	0.98996832 	0.94958753 	0.94666862 	0.93865709 	0.97711723 	0.48514549 	0.99494321 	0.97313672 	0.95724853 	0.69308573 	0.76448246 	0.03305727 	0.19284408 	
0.98470694 	0.97657995 	0.96167087 	0.98996832 	0.94958753 	0.94666862 	0.93865709 	0.97711723 	0.48514549 	0.99494321 	0.97313672 	0.95724853 	0.99135827 	0.76448246 	0.03305727 	0.19284408 	
0.98470694 	0.97657995 	0.96167087 	0.98996832 	0.94958753 	0.94666862 	0.93865709 	0.97711723 	0.48514549 	0.99494321 	0.97313672 	0.95724853 	0.99135827 	0.99050402 	0.03305727 	0.19284408 	
0.98470694 	0.97657995 	0.96167087 	0.98996832 	0.94958753 	0.94666862 	0.93865709 	0.97711723 	0.48514549 	0.99494321 	0.97313672 	0.95724853 	0.99135827 	0.99050402 	0.89217883 	0.19284408 	
0.98470694 	0.97657995 	0.96167087 	0.98996832 	0.94958753 	0.94666862 	0.93865709 	0.97711723 	0.48514549 	0.99494321 	0.97313672 	0.95724853 	0.99135827 	0.99050402 	0.89217883 	0.95061053 	
0.98673264 	0.97657995 	0.96167087 	0.98996832 	0.94958753 	0.94666862 	0.93865709 	0.97711723 	0.48514549 	0.99494321 	0.97313672 	0.95724853 	0.99135827 	0.99050402 	0.89217883 	0.95061053 	
0.98673264 	0.97657995 	0.96167087 	0.98996832 	0.94958753 	0.94666862 	0.93865709 	0.97711723 	0.48514549 	0.99494321 	0.97313672 	0.95724853 	0.99135827 	0.99050402 	0.89217883 	0.95061053 	
0.98673264 	0.97657995 	0.98474234 	0.98996832 	0.94958753 	0.94666862 	0.93865709 	0.97711723 	0.48514549 	0.99494321 	0.97313672 	0.95724853 	0.99135827 	0.99050402 	0.89217883 	0.95061053 	
0.98673264 	0.97657995 	0.98474234 	0.99623732 	0.94958753 	0.94666862 	0.93865709 	0.97711723 	0.48514549 	0.99494321 	0.97313672 	0.95724853 	0.99135827 	0.99050402 	0.89217883 	0.95061053 	
0.98673264 	0.97657995 	0.98474234 	0.99623732 	0.99051141 	0.94666862 	0.93865709 	0.97711723 	0.48514549 	0.99494321 	0.97313672 	0.95724853 	0.99135827 	0.99050402 	0.89217883 	0.95061053 	
0.98673264 	0.97657995 	0.98474234 	0.99623732 	0.99051141 	0.96518998 	0.93865709 	0.97711723 	0.48514549 	0.99494321 	0.97313672 	0.95724853 	0.99135827 	0.99050402 	0.89217883 	0.95061053 	
0.98673264 	0.97657995 	0.98474234 	0.99623732 	0.99051141 	0.96518998 	0.93865709 	0.97711723 	0.48514549 	0.99494321 	0.97313672 	0.95724853 	0.99135827 	0.99050402 	0.89217883 	0.95061053 	
0.98673264 	0.97657995 	0.98474234 	0.99623732 	0.99051141 	0.96518998 	0.93865709 	0.99154821 	0.48514549 	0.99494321 	0.97313672 	0.95724853 	0.99135827 	0.99050402 	0.89217883 	0.95061053 	
0.98673264 	0.97657995 	0.98474234 	0.99623732 	0.99051141 	0.96518998 	0.93865709 	0.99154821 	0.34631722 	0.99494321 	0.97313672 	0.95724853 	0.99135827 	0.99050402 	0.89217883 	0.95061053 	
0.98673264 	0.97657995 	0.98474234 	0.99623732 	0.99051141 	0.96518998 	0.93865709 	0.99154821 	0.34631722 	0.99558199 	0.97313672 	0.95724853 	0.99135827 	0.99050402 	0.89217883 	0.95061053 	
0.98673264 	0.97657995 	0.98474234 	0.99623732 	0.99051141 	0.96518998 	0.93865709 	0.99154821 	0.34631722 	0.99558199 	0.97313672 	0.95724853 	0.99135827 	0.99050402 	0.89217883 	0.95061053 	
0.98673264 	0.97657995 	0.98474234 	0.99623732 	0.99051141 	0.96518998 	0.93865709 	0.99154821 	0.34631722 	0.99558199 	0.97313672 	0.95976129 	0.99135827 	0.99050402 	0.89217883 	0.95061053 	
0.98673264 	0.97657995 	0.98474234 	0.99623732 	0.99051141 	0.96518998 	0.93865709 	0.99154821 	0.34631722 	0.99558199 	0.97313672 	0.95976129 	0.99844066 	0.99050402 	0.89217883 	0.95061053 	
0.98673264 	0.97657995 	0.98474234 	0.99623732 	0.99051141 	0.96518998 	0.93865709 	0.99154821 	0.34631722 	0.99558199 	0.97313672 	0.95976129 	0.99844066 	0.99652129 	0.89217883 	0.95061053 	
0.98673264 	0.97657995 	0.98474234 	0.99623732 	0.99051141 	0.96518998 	0.93865709 	0.99154821 	0.34631722 	0.99558199 	0.97313672 	0.95976129 	0.99844066 	0.99652129 	0.89217883 	0.95061053 	
0.98673264 	0.97657995 	0.98474234 	0.99623732 	0.99051141 	0.96518998 	0.93865709 	0.99154821 	0.34631722 	0.99558199 	0.97313672 	0.95976129 	0.99844066 	0.99652129 	0.89217883 	0.98300319 	
0.99665119 	0.97657995 	0.98474234 	0.99623732 	0.99051141 	0.96518998 	0.93865709 	0.99154821 	0.34631722 	0.99558199 	0.97313672 	0.95976129 	0.99844066 	0.99652129 	0.89217883 	0.98300319 	
0.99665119 	0.97673640 	0.98474234 	0.99623732 	0.99051141 	0.96518998 	0.93865709 	0.99154821 	0.34631722 	0.99558199 	0.97313672 	0.95976129 	0.99844066 	0.99652129 	0.89217883 	0.98300319 	
0.99665119 	0.97673640 	0.98635659 	0.99623732 	0.99051141 	0.96518998 	0.93865709 	0.99154821 	0.34631722 	0.99558199 	0.97313672 	0.95976129 	0.99844066 	0.99652129 	0.89217883 	0.98300319 	
0.99665119 	0.97673640 	0.98635659 	0.99765356 	0.99051141 	0.96518998 	0.93865709 	0.99154821 	0.34631722 	0.99558199 	0.97313672 	0.95976129 	0.99844066 	0.99652129 	0.89217883 	0.98300319 	
0.99665119 	0.97673640 	0.98635659 	0.99765356 	0.99051141 	0.96518998 	0.93865709 	0.99154821 	0.34631722 	0.99558199 	0.97313672 	0.95976129 	0.99844066 	0.99652129 	0.89217883 	0.98300319 	
0.99665119 	0.97673640 	0.98635659 	0.99765356 	0.99051141 	0.98452205 	0.93865709 	0.99154821 	0.34631722 	0.99558199 	0.97313672 	0.95976129 	0.99844066 	0.99652129 	0.89217883 	0.98300319 	
0.99665119 	0.97673640 	0.98635659 	0.99765356 	0.99051141 	0.98452205 	0.93865709 	0.99154821 	0.34631722 	0.99558199 	0.97313672 	0.95976129 	0.99844066 	0.99652129 	0.89217883 	0.98300319 	
0.99665119 	0.97673640 	0.98635659 	0.99765356 	0.99051141 	0.98452205 	0.93865709 	0.99154821 	0.34631722 	0.99558199 	0.97313672 	0.95976129 	0.99844066 	0.99652129 	0.89217883 	0.98300319 	
0.99665119 	0.97673640 	0.98635659 	0.99765356 	0.99051141 	0.98452205 	0.93865709 	0.99154821 	0.34631722 	0.99558199 	0.97313672 	0.95976129 	0.99844066 	0.99652129 	0.89217883 	0.98300319 	
0.99665119 	0.97673640 	0.98635659 	0.99765356 	0.99051141 	0.98452205 	0.93865709 	0.99154821 	0.34631722 	0.99935579 	0.97313672 	0.95976129 	0.99844066 	0.99652129 	0.89217883 	0.98300319 	
0.99665119 	0.97673640 	0.98635659 	0.99765356 	0.99051141 	0.98452205 	0.93865709 	0.99154821 	0.34631722 	0.99935579 	0.98600654 	0.95976129 	0.99844066 	0.99652129 	0.89217883 	0.98300319 	
0.99665119 	0.97673640 	0.98635659 	0.99765356 	0.99051141 	0.98452205 	0.93865709 	0.99154821 	0.34631722 	0.99935579 	0.98600654 	0.98420577 	0.99844066 	0.99652129 	0.89217883 	0.98300319 	
0.99665119 	0.97673640 	0.98635659 	0.99765356 	0.99051141 	0.98452205 	0.93865709 	0.99154821 	0.34631722 	0.99935579 	0.98600654 	0.98420577 	0.99665542 	0.99652129 	0.89217883 	0.98300319 	
0.99665119 	0.97673640 	0.98635659 	0.99765356 	0.99051141 	0.98452205 	0.93865709 	0.99154821 	0.34631722 	0.99935579 	0.98600654 	0.98420577 	0.99665542 	0.99652129 	0.89217883 	0.98300319 	
0.99665119 	0.97673640 	0.98635659 	0.99765356 	0.99051141 	0.98452205 	0.93865709 	0.99154821 	0.34631722 	0.99935579 	0.98600654 	0.98420577 	0.99665542 	0.99652129 	0.89217883 	0.98300319 	
0.99665119 	0.97673640 	0.98635659 	0.99765356 	0.99051141 	0.98452205 	0.93865709 	0.99154821 	0.34631722 	0.99935579 	0.98600654 	0.98420577 	0.99665542 	0.99652129 	0.89217883 	0.98924122 	
0.99808645 	0.97673640 	0.98635659 	0.99765356 	0.99051141 	0.98452205 	0.93865709 	0.99154821 	0.34631722 	0.99935579 	0.98600654 	0.98420577 	0.99665542 	0.99652129 	0.89217883 	0.98924122 	
0.99808645 	0.97851823 	0.98635659 	0.99765356 	0.99051141 	0.98452205 	0.93865709 	0.99154821 	0.34631722 	0.99935579 	0.98600654 	0.98420577 	0.99665542 	0.99652129 	0.89217883 	0.98924122 	
0.99808645 	0.97851823 	0.98834980 	0.99765356 	0.99051141 	0.98452205 	0.93865709 	0.99154821 	0.34631722 	0.99935579 	0.98600654 	0.98420577 	0.99665542 	0.99652129 	0.89217883 	0.98924122 	
0.99808645 	0.97851823 	0.98834980 	0.99765356 	0.99051141 	0.98452205 	0.93865709 	0.99154821 	0.34631722 	0.99935579 	0.98600654 	0.98420577 	0.99665542 	0.99652129 	0.89217883 	0.98924122 	
0.99808645 	0.97851823 	0.98834980 	0.99765356 	0.99124647 	0.98452205 	0.93865709 	0.99154821 	0.34631722 	0.99935579 	0.98600654 	0.98420577 	0.99665542 	0.99652129 	0.89217883 	0.98924122 	
0.99808645 	0.97851823 	0.98834980 	0.99765356 	0.99124647 	0.99718347 	0.93865709 	0.99154821 	0.34631722 	0.99935579 	0.98600654 	0.98420577 	0.99665542 	0.99652129 	0.89217883 	0.98924122 	
0.99808645 	0.97851823 	0.98834980 	0.99765356 	0.99124647 	0.99718347 	0.98911416 	0.99154821 	0.34631722 	0.99935579 	0.98600654 	0.98420577 	0.99665542 	0.99652129 	0.89217883 	0.98924122 	
0.99808645 	0.97851823 	0.98834980 	0.99765356 	0.99124647 	0.99718347 	0.98911416 	0.99659225 	0.34631722 	0.99935579 	0.98600654 	0.98420577 	0.99665542 	0.99652129 	0.89217883 	0.98924122 	
0.99808645 	0.97851823 	0.98834980 	0.99765356 	0.99124647 	0.99718347 	0.98911416 	0.99659225 	0.31649375 	0.99935579 	0.98600654 	0.98420577 	0.99665542 	0.99652129 	0.89217883 	0.98924122 	
0.99808645 	0.97851823 	0.98834980 	0.99765356 	0.99124647 	0.99718347 	0.98911416 	0.99659225 	0.31649375 	0.99996955 	0.98600654 	0.98420577 	0.99665542 	0.99652129 	0.89217883 	0.98924122 	
0.99808645 	0.97851823 	0.98834980 	0.99765356 	0.99124647 	0.99718347 	0.98911416 	0.99659225 	0.31649375 	0.99996955 	0.99715452 	0.98420577 	0.99665542 	0.99652129 	0.89217883 	0.98924122 	
0.99808645 	0.97851823 	0.98834980 	0.99765356 	0.99124647 	0.99718347 	0.98911416 	0.99659225 	0.31649375 	0.99996955 	0.99715452 	0.99045488 	0.99665542 	0.99652129 	0.89217883 	0.98924122 	
0.99808645 	0.97851823 	0.98834980 	0.99765356 	0.99124647 	0.99718347 	0.98911416 	0.99659225 	0.31649375 	0.99996955 	0.99715452 	0.99045488 	0.99938484 	0.99652129 	0.89217883 	0.98924122 	
0.99808645 	0.97851823 	0.98834980 	0.99765356 	0.99124647 	0.99718347 	0.98911416 	0.99659225 	0.31649375 	0.99996955 	0.99715452 	0.99045488 	0.99938484 	0.99952792 	0.89217883 	0.98924122 	
0.99808645 	0.97851823 	0.98834980 	0.99765356 	0.99124647 	0.99718347 	0.98911416 	0.99659225 	0.31649375 	0.99996955 	0.99715452 	0.99045488 	0.99938484 	0.99952792 	0.95386819 	0.98924122 	
0.99808645 	0.97851823 	0.98834980 	0.99765356 	0.99124647 	0.99718347 	0.98911416 	0.99659225 	0.31649375 	0.99996955 	0.99715452 	0.99045488 	0.99938484 	0.99952792 	0.95386819 	0.99366407 	
0.99988622 	0.97851823 	0.98834980 	0.99765356 	0.99124647 	0.99718347 	0.98911416 	0.99659225 	0.31649375 	0.99996955 	0.99715452 	0.99045488 	0.99938484 	0.99952792 	0.95386819 	0.99366407 	
0.99988622 	0.99268031 	0.98834980 	0.99765356 	0.99124647 	0.99718347 	0.98911416 	0.99659225 	0.31649375 	0.99996955 	0.99715452 	0.99045488 	0.99938484 	0.99952792 	0.95386819 	0.99366407 	
0.99988622 	0.99268031 	0.99896563 	0.99765356 	0.99124647 	0.99718347 	0.98911416 	0.99659225 	0.31649375 	0.99996955 	0.99715452 	0.99045488 	0.99938484 	0.99952792 	0.95386819 	0.99366407 	
0.99988622 	0.99268031 	0.99896563 	0.99996680 	0.99124647 	0.99718347 	0.98911416 	0.99659225 	0.31649375 	0.99996955 	0.99715452 	0.99045488 	0.99938484 	0.99952792 	0.95386819 	0.99366407 	
0.99988622 	0.99268031 	0.99896563 	0.99996680 	0.99124647 	0.99718347 	0.98911416 	0.99659225 	0.31649375 	0.99996955 	0.99715452 	0.99045488 	0.99938484 	0.99952792 	0.95386819 	0.99366407 	
0.99988622 	0.99268031 	0.99896563 	0.99996680 	0.99124647 	0.99950502 	0.98911416 	0.99659225 	0.31649375 	0.99996955 	0.99715452 	0.99045488 	0.99938484 	0.99952792 	0.95386819 	0.99366407 	
0.99988622 	0.99268031 	0.99896563 	0.99996680 	0.99124647 	0.99950502 	0.98911416 	0.99659225 	0.31649375 	0.99996955 	0.99715452 	0.99045488 	0.99938484 	0.99952792 	0.95386819 	0.99366407 	
0.99988622 	0.99268031 	0.99896563 	0.99996680 	0.99124647 	0.99950502 	0.98911416 	0.99791729 	0.31649375 	0.99996955 	0.99715452 	0.99045488 	0.99938484 	0.99952792 	0.95386819 	0.99366407 	
0.99988622 	0.99268031 	0.99896563 	0.99996680 	0.99124647 	0.99950502 	0.98911416 	0.99791729 	0.30306048 	0.99996955 	0.99715452 	0.99045488 	0.99938484 	0.99952792 	0.95386819 	0.99366407 	
0.99988622 	0.99268031 	0.99896563 	0.99996680 	0.99124647 	0.99950502 	0.98911416 	0.99791729 	0.30306048 	0.99996955 	0.99715452 	0.99045488 	0.99938484 	0.99952792 	0.95386819 	0.99366407 	
0.99988622 	0.99268031 	0.99896563 	0.99996680 	0.99124647 	0.99950502 	0.98911416 	0.99791729 	0.30306048 	0.99996955 	0.99782163 	0.99045488 	0.99938484 	0.99952792 	0.95386819 	0.99366407 	
0.99988622 	0.99268031 	0.99896563 	0.99996680 	0.99124647 	0.99950502 	0.98911416 	0.99791729 	0.30306048 	0.99996955 	0.99782163 	0.99920132 	0.99938484 	0.99952792 	0.95386819 	0.99366407 	
0.99988622 	0.99268031 	0.99896563 	0.99996680 	0.99124647 	0.99950502 	0.98911416 	0.99791729 	0.30306048 	0.99996955 	0.99782163 	0.99920132 	0.99938484 	0.99952792 	0.95386819 	0.99366407 	
0.99988622 	0.99268031 	0.99896563 	0.99996680 	0.99124647 	0.99950502 	0.98911416 	0.99791729 	0.30306048 	0.99996955 	0.99782163 	0.99920132 	0.99938484 	0.99952792 	0.95386819 	0.99366407 	
0.99988622 	0.99268031 	0.99896563 	0.99996680 	0.99124647 	0.99950502 	0.98911416 	0.99791729 	0.30306048 	0.99996955 	0.99782163 	0.99920132 	0.99938484 	0.99952792 	0.96339513 	0.99366407 	
0.99988622 	0.99268031 	0.99896563 	0.99996680 	0.99124647 	0.99950502 	0.98911416 	0.99791729 	0.30306048 	0.99996955 	0.99782163 	0.99920132 	0.99938484 	0.99952792 	0.96339513 	0.99535368 	
0.99988622 	0.99268031 	0.99896563 	0.99996680 	0.99124647 	0.99950502 	0.98911416 	0.99791729 	0.30306048 	0.99996955 	0.99782163 	0.99920132 	0.99938484 	0.99952792 	0.96339513 	0.99535368 	
0.99988622 	0.99285005 	0.99896563 	0.99996680 	0.99124647 	0.99950502 	0.98911416 	0.99791729 	0.30306048 	0.99996955 	0.99782163 	0.99920132 	0.99938484 	0.99952792 	0.96339513 	0.99535368 	
0.99988622 	0.99285005 	0.99940618 	0.99996680 	0.99124647 	0.99950502 	0.98911416 	0.99791729 	0.30306048 	0.99996955 	0.99782163 	0.99920132 	0.99938484 	0.99952792 	0.96339513 	0.99535368 	
0.99988622 	0.99285005 	0.99940618 	0.99996680 	0.99124647 	0.99950502 	0.98911416 	0.99791729 	0.30306048 	0.99996955 	0.99782163 	0.99920132 	0.99938484 	0.99952792 	0.96339513 	0.99535368 	
0.99988622 	0.99285005 	0.99940618 	0.99996680 	0.99238187 	0.99950502 	0.98911416 	0.99791729 	0.30306048 	0.99996955 	0.99782163 	0.99920132 	0.99938484 	0.99952792 	0.96339513 	0.99535368 	
0.99988622 	0.99285005 	0.99940618 	0.99996680 	0.99238187 	0.99950502 	0.98911416 	0.99791729 	0.30306048 	0.99996955 	0.99782163 	0.99920132 	0.99938484 	0.99952792 	0.96339513 	0.99535368 	
0.99988622 	0.99285005 	0.99940618 	0.99996680 	0.99238187 	0.99950502 	0.99752456 	0.99791729 	0.30306048 	0.99996955 	0.99782163 	0.99920132 	0.99938484 	0.99952792 	0.96339513 	0.99535368 	
0.99988622 	0.99285005 	0.99940618 	0.99996680 	0.99238187 	0.99950502 	0.99752456 	0.99819805 	0.30306048 	0.99996955 	0.99782163 	0.99920132 	0.99938484 	0.99952792 	0.96339513 	0.99535368 	
0.99988622 	0.99285005 	0.99940618 	0.99996680 	0.99238187 	0.99950502 	0.99752456 	0.99819805 	0.30306048 	0.99996955 	0.99782163 	0.99920132 	0.99938484 	0.99952792 	0.96339513 	0.99535368 	
0.99988622 	0.99285005 	0.99940618 	0.99996680 	0.99238187 	0.99950502 	0.99752456 	0.99819805 	0.30306048 	0.99996955 	0.99782163 	0.99920132 	0.99938484 	0.99952792 	0.96339513 	0.99535368 	
0.99988622 	0.99285005 	0.99940618 	0.99996680 	0.99238187 	0.99950502 	0.99752456 	0.99819805 	0.30306048 	0.99996955 	0.99782163 	0.99920132 	0.99938484 	0.99952792 	0.96339513 	0.99535368 	
0.99988622 	0.99285005 	0.99940618 	0.99996680 	0.99238187 	0.99950502 	0.99752456 	0.99819805 	0.30306048 	0.99996955 	0.99782163 	0.99920132 	0.99938484 	0.99952792 	0.96339513 	0.99535368 	
0.99988622 	0.99285005 	0.99940618 	0.99996680 	0.99238187 	0.99950502 	0.99752456 	0.99819805 	0.30306048 	0.99996955 	0.99782163 	0.99920132 	0.99938484 	0.99952792 	0.96339513 	0.99535368 	
0.99988622 	0.99285005 	0.99940618 	0.99996680 	0.99238187 	0.99950502 	0.99752456 	0.99819805 	0.30306048 	0.99996955 	0.99782163 	0.99920132 	0.99938484 	0.99952792 	0.96339513 	0.99535368 	
0.99988622 	0.99285005 	0.99940618 	0.99996680 	0.99238187 	0.99950502 	0.99752456 	0.99819805 	0.30306048 	0.99996955 	0.99782163 	0.99920132 	0.99938484 	0.99952792 	0.99155791 	0.99535368 	
0.99988622 	0.99285005 	0.99940618 	0.99996680 	0.99238187 	0.99950502 	0.99752456 	0.99819805 	0.30306048 	0.99996955 	0.99782163 	0.99920132 	0.99938484 	0.99952792 	0.99155791 	0.99778965 	
0.99988622 	0.99285005 	0.99940618 	0.99996680 	0.99238187 	0.99950502 	0.99752456 	0.99819805 	0.30306048 	0.99996955 	0.99782163 	0.99920132 	0.99938484 	0.99952792 	0.99155791 	0.99778965 	
0.99988622 	0.99736043 	0.99940618 	0.99996680 	0.99238187 	0.99950502 	0.99752456 	0.99819805 	0.30306048 	0.99996955 	0.99782163 	0.99920132 	0.99938484 	0.99952792 	0.99155791 	0.99778965 	
0.99988622 	0.99736043 	0.99966766 	0.99996680 	0.99238187 	0.99950502 	0.99752456 	0.99819805 	0.30306048 	0.99996955 	0.99782163 	0.99920132 	0.99938484 	0.99952792 	0.99155791 	0.99778965 	
0.99988622 	0.99736043 	0.99966766 	0.99996680 	0.99238187 	0.99950502 	0.99752456 	0.99819805 	0.30306048 	0.99996955 	0.99782163 	0.99920132 	0.99938484 	0.99952792 	0.99155791 	0.99778965 	
0.99988622 	0.99736043 	0.99966766 	0.99996680 	0.99966695 	0.99950502 	0.99752456 	0.99819805 	0.30306048 	0.99996955 	0.99782163 	0.99920132 	0.99938484 	0.99952792 	0.99155791 	0.99778965 	
0.99988622 	0.99736043 	0.99966766 	0.99996680 	0.99966695 	0.99950502 	0.99752456 	0.99819805 	0.30306048 	0.99996955 	0.99782163 	0.99920132 	0.99938484 	0.99952792 	0.99155791 	0.99778965 	
0.99988622 	0.99736043 	0.99966766 	0.99996680 	0.99966695 	0.99950502 	0.99969316 	0.99819805 	0.30306048 	0.99996955 	0.99782163 	0.99920132 	0.99938484 	0.99952792 	0.99155791 	0.99778965 	
0.99988622 	0.99736043 	0.99966766 	0.99996680 	0.99966695 	0.99950502 	0.99969316 	0.99941381 	0.30306048 	0.99996955 	0.99782163 	0.99920132 	0.99938484 	0.99952792 	0.99155791 	0.99778965 	
0.99988622 	0.99736043 	0.99966766 	0.99996680 	0.99966695 	0.99950502 	0.99969316 	0.99941381 	0.29999743 	0.99996955 	0.99782163 	0.99920132 	0.99938484 	0.99952792 	0.99155791 	0.99778965 	
0.99988622 	0.99736043 	0.99966766 	0.99996680 	0.99966695 	0.99950502 	0.99969316 	0.99941381 	0.29999743 	0.99996955 	0.99782163 	0.99920132 	0.99938484 	0.99952792 	0.99155791 	0.99778965 	
0.99988622 	0.99736043 	0.99966766 	0.99996680 	0.99966695 	0.99950502 	0.99969316 	0.99941381 	0.29999743 	0.99996955 	0.99991375 	0.99920132 	0.99938484 	0.99952792 	0.99155791 	0.99778965 	
0.99988622 	0.99736043 	0.99966766 	0.99996680 	0.99966695 	0.99950502 	0.99969316 	0.99941381 	0.29999743 	0.99996955 	0.99991375 	0.99970664 	0.99938484 	0.99952792 	0.99155791 	0.99778965 	
0.99988622 	0.99736043 	0.99966766 	0.99996680 	0.99966695 	0.99950502 	0.99969316 	0.99941381 	0.29999743 	0.99996955 	0.99991375 	0.99970664 	0.99989106 	0.99952792 	0.99155791 	0.99778965 	
0.99988622 	0.99736043 	0.99966766 	0.99996680 	0.99966695 	0.99950502 	0.99969316 	0.99941381 	0.29999743 	0.99996955 	0.99991375 	0.99970664 	0.99989106 	0.99954342 	0.99155791 	0.99778965 	
0.99988622 	0.99736043 	0.99966766 	0.99996680 	0.99966695 	0.99950502 	0.99969316 	0.99941381 	0.29999743 	0.99996955 	0.99991375 	0.99970664 	0.99989106 	0.99954342 	0.99513286 	0.99778965 	
0.99988622 	0.99736043 	0.99966766 	0.99996680 	0.99966695 	0.99950502 	0.99969316 	0.99941381 	0.29999743 	0.99996955 	0.99991375 	0.99970664 	0.99989106 	0.99954342 	0.99513286 	0.99795455 	
0.99999888 	0.99736043 	0.99966766 	0.99996680 	0.99966695 	0.99950502 	0.99969316 	0.99941381 	0.29999743 	0.99996955 	0.99991375 	0.99970664 	0.99989106 	0.99954342 	0.99513286 	0.99795455 	
0.99999888 	0.99779526 	0.99966766 	0.99996680 	0.99966695 	0.99950502 	0.99969316 	0.99941381 	0.29999743 	0.99996955 	0.99991375 	0.99970664 	0.99989106 	0.99954342 	0.99513286 	0.99795455 	
0.99999888 	0.99779526 	0.99986793 	0.99996680 	0.99966695 	0.99950502 	0.99969316 	0.99941381 	0.29999743 	0.99996955 	0.99991375 	0.99970664 	0.99989106 	0.99954342 	0.99513286 	0.99795455 	
0.99999888 	0.99779526 	0.99986793 	0.99996680 	0.99966695 	0.99950502 	0.99969316 	0.99941381 	0.29999743 	0.99996955 	0.99991375 	0.99970664 	0.99989106 	0.99954342 	0.99513286 	0.99795455 	
0.99999888 	0.99779526 	0.99986793 	0.99996680 	0.99968796 	0.99950502 	0.99969316 	0.99941381 	0.29999743 	0.99996955 	0.99991375 	0.99970664 	0.99989106 	0.99954342 	0.99513286 	0.99795455 	
0.99999888 	0.99779526 	0.99986793 	0.99996680 	0.99968796 	0.99958646 	0.99969316 	0.99941381 	0.29999743 	0.99996955 	0.99991375 	0.99970664 	0.99989106 	0.99954342 	0.99513286 	0.99795455 	
0.99999888 	0.99779526 	0.99986793 	0.99996680 	0.99968796 	0.99958646 	0.99969316 	0.99941381 	0.29999743 	0.99996955 	0.99991375 	0.99970664 	0.99989106 	0.99954342 	0.99513286 	0.99795455 	
0.99999888 	0.99779526 	0.99986793 	0.99996680 	0.99968796 	0.99958646 	0.99969316 	0.99945994 	0.29999743 	0.99996955 	0.99991375 	0.99970664 	0.99989106 	0.99954342 	0.99513286 	0.99795455 	
0.99999888 	0.99779526 	0.99986793 	0.99996680 	0.99968796 	0.99958646 	0.99969316 	0.99945994 	0.29999743 	0.99996955 	0.99991375 	0.99970664 	0.99989106 	0.99954342 	0.99513286 	0.99795455 	
0.99999888 	0.99779526 	0.99986793 	0.99996680 	0.99968796 	0.99958646 	0.99969316 	0.99945994 	0.29999743 	0.99999488 	0.99991375 	0.99970664 	0.99989106 	0.99954342 	0.99513286 	0.99795455 	
0.99999888 	0.99779526 	0.99986793 	0.99996680 	0.99968796 	0.99958646 	0.99969316 	0.99945994 	0.29999743 	0.99999488 	0.99991375 	0.99970664 	0.99989106 	0.99954342 	0.99513286 	0.99795455 	
0.99999888 	0.99779526 	0.99986793 	0.99996680 	0.99968796 	0.99958646 	0.99969316 	0.99945994 	0.29999743 	0.99999488 	0.99991375 	0.99995448 	0.99989106 	0.99954342 	0.99513286 	0.99795455 	
0.99999888 	0.99779526 	0.99986793 	0.99996680 	0.99968796 	0.99958646 	0.99969316 	0.99945994 	0.29999743 	0.99999488 	0.99991375 	0.99995448 	0.99994480 	0.99954342 	0.99513286 	0.99795455 	
0.99999888 	0.99779526 	0.99986793 	0.99996680 	0.99968796 	0.99958646 	0.99969316 	0.99945994 	0.29999743 	0.99999488 	0.99991375 	0.99995448 	0.99994480 	0.99982237 	0.99513286 	0.99795455 	
0.99999888 	0.99779526 	0.99986793 	0.99996680 	0.99968796 	0.99958646 	0.99969316 	0.99945994 	0.29999743 	0.99999488 	0.99991375 	0.99995448 	0.99994480 	0.99982237 	0.99646423 	0.99795455 	
0.99999888 	0.99779526 	0.99986793 	0.99996680 	0.99968796 	0.99958646 	0.99969316 	0.99945994 	0.29999743 	0.99999488 	0.99991375 	0.99995448 	0.99994480 	0.99982237 	0.99646423 	0.99835108 	
0.99999888 	0.99779526 	0.99986793 	0.99996680 	0.99968796 	0.99958646 	0.99969316 	0.99945994 	0.29999743 	0.99999488 	0.99991375 	0.99995448 	0.99994480 	0.99982237 	0.99646423 	0.99835108 	
0.99999888 	0.99929718 	0.99986793 	0.99996680 	0.99968796 	0.99958646 	0.99969316 	0.99945994 	0.29999743 	0.99999488 	0.99991375 	0.99995448 	0.99994480 	0.99982237 	0.99646423 	0.99835108 	
0.99999888 	0.99929718 	0.99987588 	0.99996680 	0.99968796 	0.99958646 	0.99969316 	0.99945994 	0.29999743 	0.99999488 	0.99991375 	0.99995448 	0.99994480 	0.99982237 	0.99646423 	0.99835108 	
0.99999888 	0.99929718 	0.99987588 	0.99996680 	0.99968796 	0.99958646 	0.99969316 	0.99945994 	0.29999743 	0.99999488 	0.99991375 	0.99995448 	0.99994480 	0.99982237 	0.99646423 	0.99835108 	
0.99999888 	0.99929718 	0.99987588 	0.99996680 	0.99987019 	0.99958646 	0.99969316 	0.99945994 	0.29999743 	0.99999488 	0.99991375 	0.99995448 	0.99994480 	0.99982237 	0.99646423 	0.99835108 	
0.99999888 	0.99929718 	0.99987588 	0.99996680 	0.99987019 	0.99958964 	0.99969316 	0.99945994 	0.29999743 	0.99999488 	0.99991375 	0.99995448 	0.99994480 	0.99982237 	0.99646423 	0.99835108 	
0.99999888 	0.99929718 	0.99987588 	0.99996680 	0.99987019 	0.99958964 	0.99969316 	0.99945994 	0.29999743 	0.99999488 	0.99991375 	0.99995448 	0.99994480 	0.99982237 	0.99646423 	0.99835108 	
0.99999888 	0.99929718 	0.99987588 	0.99996680 	0.99987019 	0.99958964 	0.99969316 	0.99947994 	0.29999743 	0.99999488 	0.99991375 	0.99995448 	0.99994480 	0.99982237 	0.99646423 	0.99835108 	
0.99999888 	0.99929718 	0.99987588 	0.99996680 	0.99987019 	0.99958964 	0.99969316 	0.99947994 	0.30067448 	0.99999488 	0.99991375 	0.99995448 	0.99994480 	0.99982237 	0.99646423 	0.99835108 	
0.99999888 	0.99929718 	0.99987588 	0.99996680 	0.99987019 	0.99958964 	0.99969316 	0.99947994 	0.30067448 	0.99999488 	0.99991375 	0.99995448 	0.99994480 	0.99982237 	0.99646423 	0.99835108 	
0.99999888 	0.99929718 	0.99987588 	0.99996680 	0.99987019 	0.99958964 	0.99969316 	0.99947994 	0.30067448 	0.99999488 	0.99996520 	0.99995448 	0.99994480 	0.99982237 	0.99646423 	0.99835108 	
0.99999888 	0.99929718 	0.99987588 	0.99996680 	0.99987019 	0.99958964 	0.99969316 	0.99947994 	0.30067448 	0.99999488 	0.99996520 	0.99995448 	0.99994480 	0.99982237 	0.99646423 	0.99835108 	
0.99999888 	0.99929718 	0.99987588 	0.99996680 	0.99987019 	0.99958964 	0.99969316 	0.99947994 	0.30067448 	0.99999488 	0.99996520 	0.99995448 	0.99994480 	0.99982237 	0.99646423 	0.99835108 	
0.99999888 	0.99929718 	0.99987588 	0.99996680 	0.99987019 	0.99958964 	0.99969316 	0.99947994 	0.30067448 	0.99999488 	0.99996520 	0.99995448 	0.99994480 	0.99982237 	0.99646423 	0.99835108 	
0.99999888 	0.99929718 	0.99987588 	0.99996680 	0.99987019 	0.99958964 	0.99969316 	0.99947994 	0.30067448 	0.99999488 	0.99996520 	0.99995448 	0.99994480 	0.99982237 	0.99806576 	0.99835108 	
0.99999888 	0.99929718 	0.99987588 	0.99996680 	0.99987019 	0.99958964 	0.99969316 	0.99947994 	0.30067448 	0.99999488 	0.99996520 	0.99995448 	0.99994480 	0.99982237 	0.99806576 	0.99924257 	
0.99999888 	0.99929718 	0.99987588 	0.99996680 	0.99987019 	0.99958964 	0.99969316 	0.99947994 	0.30067448 	0.99999488 	0.99996520 	0.99995448 	0.99994480 	0.99982237 	0.99806576 	0.99924257 	
0.99999888 	0.99945442 	0.99987588 	0.99996680 	0.99987019 	0.99958964 	0.99969316 	0.99947994 	0.30067448 	0.99999488 	0.99996520 	0.99995448 	0.99994480 	0.99982237 	0.99806576 	0.99924257 	
0.99999888 	0.99945442 	0.99996227 	0.99996680 	0.99987019 	0.99958964 	0.99969316 	0.99947994 	0.30067448 	0.99999488 	0.99996520 	0.99995448 	0.99994480 	0.99982237 	0.99806576 	0.99924257 	
0.99999888 	0.99945442 	0.99996227 	0.99996680 	0.99987019 	0.99958964 	0.99969316 	0.99947994 	0.30067448 	0.99999488 	0.99996520 	0.99995448 	0.99994480 	0.99982237 	0.99806576 	0.99924257 	
0.99999888 	0.99945442 	0.99996227 	0.99996680 	0.99999584 	0.99958964 	0.99969316 	0.99947994 	0.30067448 	0.99999488 	0.99996520 	0.99995448 	0.99994480 	0.99982237 	0.99806576 	0.99924257 	
0.99999888 	0.99945442 	0.99996227 	0.99996680 	0.99999584 	0.99990949 	0.99969316 	0.99947994 	0.30067448 	0.99999488 	0.99996520 	0.99995448 	0.99994480 	0.99982237 	0.99806576 	0.99924257 	
0.99999888 	0.99945442 	0.99996227 	0.99996680 	0.99999584 	0.99990949 	0.99969316 	0.99947994 	0.30067448 	0.99999488 	0.99996520 	0.99995448 	0.99994480 	0.99982237 	0.99806576 	0.99924257 	
0.99999888 	0.99945442 	0.99996227 	0.99996680 	0.99999584 	0.99990949 	0.99969316 	0.99999443 	0.30067448 	0.99999488 	0.99996520 	0.99995448 	0.99994480 	0.99982237 	0.99806576 	0.99924257 	
0.99999888 	0.99945442 	0.99996227 	0.99996680 	0.99999584 	0.99990949 	0.99969316 	0.99999443 	0.29999743 	0.99999488 	0.99996520 	0.99995448 	0.99994480 	0.99982237 	0.99806576 	0.99924257 	
0.99999888 	0.99945442 	0.99996227 	0.99996680 	0.99999584 	0.99990949 	0.99969316 	0.99999443 	0.29999743 	0.99999488 	0.99996520 	0.99995448 	0.99994480 	0.99982237 	0.99806576 	0.99924257 	
0.99999888 	0.99945442 	0.99996227 	0.99996680 	0.99999584 	0.99990949 	0.99969316 	0.99999443 	0.29999743 	0.99999488 	0.99996520 	0.99995448 	0.99994480 	0.99982237 	0.99806576 	0.99924257 	
0.99999888 	0.99945442 	0.99996227 	0.99996680 	0.99999584 	0.99990949 	0.99969316 	0.99999443 	0.29999743 	0.99999488 	0.99996520 	0.99995448 	0.99994480 	0.99982237 	0.99806576 	0.99924257 	
0.99999888 	0.99945442 	0.99996227 	0.99996680 	0.99999584 	0.99990949 	0.99969316 	0.99999443 	0.29999743 	0.99999488 	0.99996520 	0.99995448 	0.99995089 	0.99982237 	0.99806576 	0.99924257 	
0.99999888 	0.99945442 	0.99996227 	0.99996680 	0.99999584 	0.99990949 	0.99969316 	0.99999443 	0.29999743 	0.99999488 	0.99996520 	0.99995448 	0.99995089 	0.99996666 	0.99806576 	0.99924257 	
0.99999888 	0.99945442 	0.99996227 	0.99996680 	0.99999584 	0.99990949 	0.99969316 	0.99999443 	0.29999743 	0.99999488 	0.99996520 	0.99995448 	0.99995089 	0.99996666 	0.99893728 	0.99924257 	
0.99999888 	0.99945442 	0.99996227 	0.99996680 	0.99999584 	0.99990949 	0.99969316 	0.99999443 	0.29999743 	0.99999488 	0.99996520 	0.99995448 	0.99995089 	0.99996666 	0.99893728 	0.99990016 	
0.99999997 	0.99945442 	0.99996227 	0.99996680 	0.99999584 	0.99990949 	0.99969316 	0.99999443 	0.29999743 	0.99999488 	0.99996520 	0.99995448 	0.99995089 	0.99996666 	0.99893728 	0.99990016 	
0.99999997 	0.99945640 	0.99996227 	0.99996680 	0.99999584 	0.99990949 	0.99969316 	0.99999443 	0.29999743 	0.99999488 	0.99996520 	0.99995448 	0.99995089 	0.99996666 	0.99893728 	0.99990016 	
0.99999997 	0.99945640 	0.99999717 	0.99996680 	0.99999584 	0.99990949 	0.99969316 	0.99999443 	0.29999743 	0.99999488 	0.99996520 	0.99995448 	0.99995089 	0.99996666 	0.99893728 	0.99990016 	
0.99999997 	0.99945640 	0.99999717 	0.99996680 	0.99999584 	0.99990949 	0.99969316 	0.99999443 	0.29999743 	0.99999488 	0.99996520 	0.99995448 	0.99995089 	0.99996666 	0.99893728 	0.99990016 	
0.99999997 	0.99945640 	0.99999717 	0.99996680 	0.99999584 	0.99990949 	0.99969316 	0.99999443 	0.29999743 	0.99999488 	0.99996520 	0.99995448 	0.99995089 	0.99996666 	0.99893728 	0.99990016 	
0.99999997 	0.99945640 	0.99999717 	0.99996680 	0.99999584 	0.99990949 	0.99969316 	0.99999443 	0.29999743 	0.99999488 	0.99996520 	0.99995448 	0.99995089 	0.99996666 	0.99893728 	0.99990016 	
0.99999997 	0.99945640 	0.99999717 	0.99996680 	0.99999584 	0.99990949 	0.99996765 	0.99999443 	0.29999743 	0.99999488 	0.99996520 	0.99995448 	0.99995089 	0.99996666 	0.99893728 	0.99990016 	
0.99999997 	0.99945640 	0.99999717 	0.99996680 	0.99999584 	0.99990949 	0.99996765 	0.99999443 	0.29999743 	0.99999488 	0.99996520 	0.99995448 	0.99995089 	0.99996666 	0.99893728 	0.99990016 	
0.99999997 	0.99945640 	0.99999717 	0.99996680 	0.99999584 	0.99990949 	0.99996765 	0.99999443 	0.29999743 	0.99999488 	0.99996520 	0.99995448 	0.99995089 	0.99996666 	0.99893728 	0.99990016 	
0.99999997 	0.99945640 	0.99999717 	0.99996680 	0.99999584 	0.99990949 	0.99996765 	0.99999443 	0.29999743 	0.99999488 	0.99996520 	0.99995448 	0.99995089 	0.99996666 	0.99893728 	0.99990016 	
0.99999997 	0.99945640 	0.99999717 	0.99996680 	0.99999584 	0.99990949 	0.99996765 	0.99999443 	0.29999743 	0.99999488 	0.99996520 	0.99995448 	0.99995089 	0.99996666 	0.99893728 	0.99990016 	
0.99999997 	0.99945640 	0.99999717 	0.99996680 	0.99999584 	0.99990949 	0.99996765 	0.99999443 	0.29999743 	0.99999488 	0.99996520 	0.99999898 	0.99995089 	0.99996666 	0.99893728 	0.99990016 	
0.99999997 	0.99945640 	0.99999717 	0.99996680 	0.99999584 	0.99990949 	0.99996765 	0.99999443 	0.29999743 	0.99999488 	0.99996520 	0.99999898 	0.99999677 	0.99996666 	0.99893728 	0.99990016 	
0.99999997 	0.99945640 	0.99999717 	0.99996680 	0.99999584 	0.99990949 	0.99996765 	0.99999443 	0.29999743 	0.99999488 	0.99996520 	0.99999898 	0.99999677 	0.99997054 	0.99893728 	0.99990016 	
0.99999997 	0.99945640 	0.99999717 	0.99996680 	0.99999584 	0.99990949 	0.99996765 	0.99999443 	0.29999743 	0.99999488 	0.99996520 	0.99999898 	0.99999677 	0.99997054 	0.99906945 	0.99990016 	
0.99999997 	0.99945640 	0.99999717 	0.99996680 	0.99999584 	0.99990949 	0.99996765 	0.99999443 	0.29999743 	0.99999488 	0.99996520 	0.99999898 	0.99999677 	0.99997054 	0.99906945 	0.99996424 	
0.99999997 	0.99945640 	0.99999717 	0.99996680 	0.99999584 	0.99990949 	0.99996765 	0.99999443 	0.29999743 	0.99999488 	0.99996520 	0.99999898 	0.99999677 	0.99997054 	0.99906945 	0.99996424 	
0.99999997 	0.99962941 	0.99999717 	0.99996680 	0.99999584 	0.99990949 	0.99996765 	0.99999443 	0.29999743 	0.99999488 	0.99996520 	0.99999898 	0.99999677 	0.99997054 	0.99906945 	0.99996424 	
0.99999997 	0.99962941 	0.99999717 	0.99996680 	0.99999584 	0.99990949 	0.99996765 	0.99999443 	0.29999743 	0.99999488 	0.99996520 	0.99999898 	0.99999677 	0.99997054 	0.99906945 	0.99996424 	
0.99999997 	0.99962941 	0.99999717 	0.99996834 	0.99999584 	0.99990949 	0.99996765 	0.99999443 	0.29999743 	0.99999488 	0.99996520 	0.99999898 	0.99999677 	0.99997054 	0.99906945 	0.99996424 	
0.99999997 	0.99962941 	0.99999717 	0.99996834 	0.99999584 	0.99990949 	0.99996765 	0.99999443 	0.29999743 	0.99999488 	0.99996520 	0.99999898 	0.99999677 	0.99997054 	0.99906945 	0.99996424 	
0.99999997 	0.99962941 	0.99999717 	0.99996834 	0.99999584 	0.99991041 	0.99996765 	0.99999443 	0.29999743 	0.99999488 	0.99996520 	0.99999898 	0.99999677 	0.99997054 	0.99906945 	0.99996424 	
0.99999997 	0.99962941 	0.99999717 	0.99996834 	0.99999584 	0.99991041 	0.99996765 	0.99999443 	0.29999743 	0.99999488 	0.99996520 	0.99999898 	0.99999677 	0.99997054 	0.99906945 	0.99996424 	
0.99999997 	0.99962941 	0.99999717 	0.99996834 	0.99999584 	0.99991041 	0.99996765 	0.99999443 	0.29999743 	0.99999488 	0.99996520 	0.99999898 	0.99999677 	0.99997054 	0.99906945 	0.99996424 	
0.99999997 	0.99962941 	0.99999717 	0.99996834 	0.99999584 	0.99991041 	0.99996765 	0.99999443 	0.29999743 	0.99999488 	0.99996520 	0.99999898 	0.99999677 	0.99997054 	0.99906945 	0.99996424 	
0.99999997 	0.99962941 	0.99999717 	0.99996834 	0.99999584 	0.99991041 	0.99996765 	0.99999443 	0.29999743 	0.99999488 	0.99996520 	0.99999898 	0.99999677 	0.99997054 	0.99906945 	0.99996424 	
0.99999997 	0.99962941 	0.99999717 	0.99996834 	0.99999584 	0.99991041 	0.99996765 	0.99999443 	0.29999743 	0.99999488 	0.99996520 	0.99999898 	0.99999677 	0.99997054 	0.99906945 	0.99996424 	
0.99999997 	0.99962941 	0.99999717 	0.99996834 	0.99999584 	0.99991041 	0.99996765 	0.99999443 	0.29999743 	0.99999488 	0.99996520 	0.99999898 	0.99999677 	0.99997054 	0.99906945 	0.99996424 	
0.99999997 	0.99962941 	0.99999717 	0.99996834 	0.99999584 	0.99991041 	0.99996765 	0.99999443 	0.29999743 	0.99999488 	0.99996520 	0.99999898 	0.99999677 	0.99997054 	0.99906945 	0.99996424 	
0.99999997 	0.99962941 	0.99999717 	0.99996834 	0.99999584 	0.99991041 	0.99996765 	0.99999443 	0.29999743 	0.99999488 	0.99996520 	0.99999898 	0.99999677 	0.99997054 	0.99906945 	0.99996424 	
0.99999997 	0.99962941 	0.99999717 	0.99996834 	0.99999584 	0.99991041 	0.99996765 	0.99999443 	0.29999743 	0.99999488 	0.99996520 	0.99999898 	0.99999677 	0.99997054 	0.99991513 	0.99996424 	
0.99999997 	0.99962941 	0.99999717 	0.99996834 	0.99999584 	0.99991041 	0.99996765 	0.99999443 	0.29999743 	0.99999488 	0.99996520 	0.99999898 	0.99999677 	0.99997054 	0.99991513 	0.99998647 	
0.99999997 	0.99962941 	0.99999717 	0.99996834 	0.99999584 	0.99991041 	0.99996765 	0.99999443 	0.29999743 	0.99999488 	0.99996520 	0.99999898 	0.99999677 	0.99997054 	0.99991513 	0.99998647 	
0.99999997 	0.99975606 	0.99999717 	0.99996834 	0.99999584 	0.99991041 	0.99996765 	0.99999443 	0.29999743 	0.99999488 	0.99996520 	0.99999898 	0.99999677 	0.99997054 	0.99991513 	0.99998647 	
0.99999997 	0.99975606 	0.99999717 	0.99996834 	0.99999584 	0.99991041 	0.99996765 	0.99999443 	0.29999743 	0.99999488 	0.99996520 	0.99999898 	0.99999677 	0.99997054 	0.99991513 	0.99998647 	
0.99999997 	0.99975606 	0.99999717 	0.99997462 	0.99999584 	0.99991041 	0.99996765 	0.99999443 	0.29999743 	0.99999488 	0.99996520 	0.99999898 	0.99999677 	0.99997054 	0.99991513 	0.99998647 	
0.99999997 	0.99975606 	0.99999717 	0.99997462 	0.99999584 	0.99991041 	0.99996765 	0.99999443 	0.29999743 	0.99999488 	0.99996520 	0.99999898 	0.99999677 	0.99997054 	0.99991513 	0.99998647 	
0.99999997 	0.99975606 	0.99999717 	0.99997462 	0.99999584 	0.99996378 	0.99996765 	0.99999443 	0.29999743 	0.99999488 	0.99996520 	0.99999898 	0.99999677 	0.99997054 	0.99991513 	0.99998647 	
0.99999997 	0.99975606 	0.99999717 	0.99997462 	0.99999584 	0.99996378 	0.99997317 	0.99999443 	0.29999743 	0.99999488 	0.99996520 	0.99999898 	0.99999677 	0.99997054 	0.99991513 	0.99998647 	
0.99999997 	0.99975606 	0.99999717 	0.99997462 	0.99999584 	0.99996378 	0.99997317 	0.99999443 	0.29999743 	0.99999488 	0.99996520 	0.99999898 	0.99999677 	0.99997054 	0.99991513 	0.99998647 	
0.99999997 	0.99975606 	0.99999717 	0.99997462 	0.99999584 	0.99996378 	0.99997317 	0.99999443 	0.29999743 	0.99999488 	0.99996520 	0.99999898 	0.99999677 	0.99997054 	0.99991513 	0.99998647 	
0.99999997 	0.99975606 	0.99999717 	0.99997462 	0.99999584 	0.99996378 	0.99997317 	0.99999443 	0.29999743 	0.99999488 	0.99996520 	0.99999898 	0.99999677 	0.99997054 	0.99991513 	0.99998647 	
0.99999997 	0.99975606 	0.99999717 	0.99997462 	0.99999584 	0.99996378 	0.99997317 	0.99999443 	0.29999743 	0.99999488 	0.99999586 	0.99999898 	0.99999677 	0.99997054 	0.99991513 	0.99998647 	
0.99999997 	0.99975606 	0.99999717 	0.99997462 	0.99999584 	0.99996378 	0.99997317 	0.99999443 	0.29999743 	0.99999488 	0.99999586 	0.99999898 	0.99999677 	0.99997054 	0.99991513 	0.99998647 	
0.99999997 	0.99975606 	0.99999717 	0.99997462 	0.99999584 	0.99996378 	0.99997317 	0.99999443 	0.29999743 	0.99999488 	0.99999586 	0.99999898 	0.99999820 	0.99997054 	0.99991513 	0.99998647 	
0.99999997 	0.99975606 	0.99999717 	0.99997462 	0.99999584 	0.99996378 	0.99997317 	0.99999443 	0.29999743 	0.99999488 	0.99999586 	0.99999898 	0.99999820 	0.99997054 	0.99991513 	0.99998647 	
0.99999997 	0.99975606 	0.99999717 	0.99997462 	0.99999584 	0.99996378 	0.99997317 	0.99999443 	0.29999743 	0.99999488 	0.99999586 	0.99999898 	0.99999820 	0.99997054 	0.99991513 	0.99998647 	
0.99999997 	0.99975606 	0.99999717 	0.99997462 	0.99999584 	0.99996378 	0.99997317 	0.99999443 	0.29999743 	0.99999488 	0.99999586 	0.99999898 	0.99999820 	0.99997054 	0.99991513 	0.99999781 	
0.99999997 	0.99975606 	0.99999717 	0.99997462 	0.99999584 	0.99996378 	0.99997317 	0.99999443 	0.29999743 	0.99999488 	0.99999586 	0.99999898 	0.99999820 	0.99997054 	0.99991513 	0.99999781 	
0.99999997 	0.99997532 	0.99999717 	0.99997462 	0.99999584 	0.99996378 	0.99997317 	0.99999443 	0.29999743 	0.99999488 	0.99999586 	0.99999898 	0.99999820 	0.99997054 	0.99991513 	0.99999781 	
0.99999997 	0.99997532 	0.99999717 	0.99997462 	0.99999584 	0.99996378 	0.99997317 	0.99999443 	0.29999743 	0.99999488 	0.99999586 	0.99999898 	0.99999820 	0.99997054 	0.99991513 	0.99999781 	
0.99999997 	0.99997532 	0.99999717 	0.99997462 	0.99999584 	0.99996378 	0.99997317 	0.99999443 	0.29999743 	0.99999488 	0.99999586 	0.99999898 	0.99999820 	0.99997054 	0.99991513 	0.99999781 	
0.99999997 	0.99997532 	0.99999717 	0.99997462 	0.99999584 	0.99996378 	0.99997317 	0.99999443 	0.29999743 	0.99999488 	0.99999586 	0.99999898 	0.99999820 	0.99997054 	0.99991513 	0.99999781 	
0.99999997 	0.99997532 	0.99999717 	0.99997462 	0.99999584 	0.99998890 	0.99997317 	0.99999443 	0.29999743 	0.99999488 	0.99999586 	0.99999898 	0.99999820 	0.99997054 	0.99991513 	0.99999781 	
0.99999997 	0.99997532 	0.99999717 	0.99997462 	0.99999584 	0.99998890 	0.99997570 	0.99999443 	0.29999743 	0.99999488 	0.99999586 	0.99999898 	0.99999820 	0.99997054 	0.99991513 	0.99999781 	
0.99999997 	0.99997532 	0.99999717 	0.99997462 	0.99999584 	0.99998890 	0.99997570 	0.99999443 	0.29999743 	0.99999488 	0.99999586 	0.99999898 	0.99999820 	0.99997054 	0.99991513 	0.99999781 	
0.99999997 	0.99997532 	0.99999717 	0.99997462 	0.99999584 	0.99998890 	0.99997570 	0.99999443 	0.29999743 	0.99999488 	0.99999586 	0.99999898 	0.99999820 	0.99997054 	0.99991513 	0.99999781 	
0.99999997 	0.99997532 	0.99999717 	0.99997462 	0.99999584 	0.99998890 	0.99997570 	0.99999443 	0.29999743 	0.99999488 	0.99999586 	0.99999898 	0.99999820 	0.99997054 	0.99991513 	0.99999781 	
0.99999997 	0.99997532 	0.99999717 	0.99997462 	0.99999584 	0.99998890 	0.99997570 	0.99999443 	0.29999743 	0.99999488 	0.99999586 	0.99999898 	0.99999820 	0.99997054 	0.99991513 	0.99999781 	
0.99999997 	0.99997532 	0.99999717 	0.99997462 	0.99999584 	0.99998890 	0.99997570 	0.99999443 	0.29999743 	0.99999488 	0.99999586 	0.99999946 	0.99999820 	0.99997054 	0.99991513 	0.99999781 	
0.99999997 	0.99997532 	0.99999717 	0.99997462 	0.99999584 	0.99998890 	0.99997570 	0.99999443 	0.29999743 	0.99999488 	0.99999586 	0.99999946 	0.99999820 	0.99997054 	0.99991513 	0.99999781 	
0.99999997 	0.99997532 	0.99999717 	0.99997462 	0.99999584 	0.99998890 	0.99997570 	0.99999443 	0.29999743 	0.99999488 	0.99999586 	0.99999946 	0.99999820 	0.99997054 	0.99991513 	0.99999781 	
0.99999997 	0.99997532 	0.99999717 	0.99997462 	0.99999584 	0.99998890 	0.99997570 	0.99999443 	0.29999743 	0.99999488 	0.99999586 	0.99999946 	0.99999820 	0.99997054 	0.99991513 	0.99999781 	
0.99999997 	0.99997532 	0.99999717 	0.99997462 	0.99999584 	0.99998890 	0.99997570 	0.99999443 	0.29999743 	0.99999488 	0.99999586 	0.99999946 	0.99999820 	0.99997054 	0.99991513 	0.99999781 	
0.99999997 	0.99997532 	0.99999717 	0.99997462 	0.99999584 	0.99998890 	0.99997570 	0.99999443 	0.29999743 	0.99999488 	0.99999586 	0.99999946 	0.99999820 	0.99997054 	0.99991513 	0.99999781 	
0.99999997 	0.99997804 	0.99999717 	0.99997462 	0.99999584 	0.99998890 	0.99997570 	0.99999443 	0.29999743 	0.99999488 	0.99999586 	0.99999946 	0.99999820 	0.99997054 	0.99991513 	0.99999781 	
0.99999997 	0.99997804 	0.99999717 	0.99997462 	0.99999584 	0.99998890 	0.99997570 	0.99999443 	0.29999743 	0.99999488 	0.99999586 	0.99999946 	0.99999820 	0.99997054 	0.99991513 	0.99999781 	
0.99999997 	0.99997804 	0.99999717 	0.99997462 	0.99999584 	0.99998890 	0.99997570 	0.99999443 	0.29999743 	0.99999488 	0.99999586 	0.99999946 	0.99999820 	0.99997054 	0.99991513 	0.99999781 	
0.99999997 	0.99997804 	0.99999717 	0.99997462 	0.99999584 	0.99998890 	0.99997570 	0.99999443 	0.29999743 	0.99999488 	0.99999586 	0.99999946 	0.99999820 	0.99997054 	0.99991513 	0.99999781 	
0.99999997 	0.99997804 	0.99999717 	0.99997462 	0.99999584 	0.99998890 	0.99997570 	0.99999443 	0.29999743 	0.99999488 	0.99999586 	0.99999946 	0.99999820 	0.99997054 	0.99991513 	0.99999781 	
0.99999997 	0.99997804 	0.99999717 	0.99997462 	0.99999584 	0.99998890 	0.99997573 	0.99999443 	0.29999743 	0.99999488 	0.99999586 	0.99999946 	0.99999820 	0.99997054 	0.99991513 	0.99999781 	
0.99999997 	0.99997804 	0.99999717 	0.99997462 	0.99999584 	0.99998890 	0.99997573 	0.99999782 	0.29999743 	0.99999488 	0.99999586 	0.99999946 	0.99999820 	0.99997054 	0.99991513 	0.99999781 	
0.99999997 	0.99997804 	0.99999717 	0.99997462 	0.99999584 	0.99998890 	0.99997573 	0.99999782 	0.29999743 	0.99999488 	0.99999586 	0.99999946 	0.99999820 	0.99997054 	0.99991513 	0.99999781 	
0.99999997 	0.99997804 	0.99999717 	0.99997462 	0.99999584 	0.99998890 	0.99997573 	0.99999782 	0.29999743 	0.99999713 	0.99999586 	0.99999946 	0.99999820 	0.99997054 	0.99991513 	0.99999781 	
0.99999997 	0.99997804 	0.99999717 	0.99997462 	0.99999584 	0.99998890 	0.99997573 	0.99999782 	0.29999743 	0.99999713 	0.99999586 	0.99999946 	0.99999820 	0.99997054 	0.99991513 	0.99999781 	
0.99999997 	0.99997804 	0.99999717 	0.99997462 	0.99999584 	0.99998890 	0.99997573 	0.99999782 	0.29999743 	0.99999713 	0.99999586 	0.99999946 	0.99999820 	0.99997054 	0.99991513 	0.99999781 	
0.99999997 	0.99997804 	0.99999717 	0.99997462 	0.99999584 	0.99998890 	0.99997573 	0.99999782 	0.29999743 	0.99999713 	0.99999586 	0.99999946 	0.99999992 	0.99997054 	0.99991513 	0.99999781 	
0.99999997 	0.99997804 	0.99999717 	0.99997462 	0.99999584 	0.99998890 	0.99997573 	0.99999782 	0.29999743 	0.99999713 	0.99999586 	0.99999946 	0.99999992 	0.99999404 	0.99991513 	0.99999781 	
0.99999997 	0.99997804 	0.99999717 	0.99997462 	0.99999584 	0.99998890 	0.99997573 	0.99999782 	0.29999743 	0.99999713 	0.99999586 	0.99999946 	0.99999992 	0.99999404 	0.99993836 	0.99999781 	
0.99999997 	0.99997804 	0.99999717 	0.99997462 	0.99999584 	0.99998890 	0.99997573 	0.99999782 	0.29999743 	0.99999713 	0.99999586 	0.99999946 	0.99999992 	0.99999404 	0.99993836 	0.99999941 	
0.99999997 	0.99997804 	0.99999717 	0.99997462 	0.99999584 	0.99998890 	0.99997573 	0.99999782 	0.29999743 	0.99999713 	0.99999586 	0.99999946 	0.99999992 	0.99999404 	0.99993836 	0.99999941 	
0.99999997 	0.99999927 	0.99999717 	0.99997462 	0.99999584 	0.99998890 	0.99997573 	0.99999782 	0.29999743 	0.99999713 	0.99999586 	0.99999946 	0.99999992 	0.99999404 	0.99993836 	0.99999941 	
0.99999997 	0.99999927 	0.99999717 	0.99997462 	0.99999584 	0.99998890 	0.99997573 	0.99999782 	0.29999743 	0.99999713 	0.99999586 	0.99999946 	0.99999992 	0.99999404 	0.99993836 	0.99999941 	
0.99999997 	0.99999927 	0.99999717 	0.99997462 	0.99999584 	0.99998890 	0.99997573 	0.99999782 	0.29999743 	0.99999713 	0.99999586 	0.99999946 	0.99999992 	0.99999404 	0.99993836 	0.99999941 	
0.99999997 	0.99999927 	0.99999717 	0.99997462 	0.99999584 	0.99998890 	0.99997573 	0.99999782 	0.29999743 	0.99999713 	0.99999586 	0.99999946 	0.99999992 	0.99999404 	0.99993836 	0.99999941 	
0.99999997 	0.99999927 	0.99999717 	0.99997462 	0.99999584 	0.99998890 	0.99997573 	0.99999782 	0.29999743 	0.99999713 	0.99999586 	0.99999946 	0.99999992 	0.99999404 	0.99993836 	0.99999941 	
0.99999997 	0.99999927 	0.99999717 	0.99997462 	0.99999584 	0.99998890 	0.99997810 	0.99999782 	0.29999743 	0.99999713 	0.99999586 	0.99999946 	0.99999992 	0.99999404 	0.99993836 	0.99999941 	
0.99999997 	0.99999927 	0.99999717 	0.99997462 	0.99999584 	0.99998890 	0.99997810 	0.99999782 	0.29999743 	0.99999713 	0.99999586 	0.99999946 	0.99999992 	0.99999404 	0.99993836 	0.99999941 	
0.99999997 	0.99999927 	0.99999717 	0.99997462 	0.99999584 	0.99998890 	0.99997810 	0.99999782 	0.29999817 	0.99999713 	0.99999586 	0.99999946 	0.99999992 	0.99999404 	0.99993836 	0.99999941 	
0.99999997 	0.99999927 	0.99999717 	0.99997462 	0.99999584 	0.99998890 	0.99997810 	0.99999782 	0.29999817 	0.99999962 	0.99999586 	0.99999946 	0.99999992 	0.99999404 	0.99993836 	0.99999941 	
0.99999997 	0.99999927 	0.99999717 	0.99997462 	0.99999584 	0.99998890 	0.99997810 	0.99999782 	0.29999817 	0.99999962 	0.99999586 	0.99999946 	0.99999992 	0.99999404 	0.99993836 	0.99999941 	
0.99999997 	0.99999927 	0.99999717 	0.99997462 	0.99999584 	0.99998890 	0.99997810 	0.99999782 	0.29999817 	0.99999962 	0.99999586 	0.99999946 	0.99999992 	0.99999404 	0.99993836 	0.99999941 	
0.99999997 	0.99999927 	0.99999717 	0.99997462 	0.99999584 	0.99998890 	0.99997810 	0.99999782 	0.29999817 	0.99999962 	0.99999586 	0.99999946 	0.99999992 	0.99999404 	0.99993836 	0.99999941 	
0.99999997 	0.99999927 	0.99999717 	0.99997462 	0.99999584 	0.99998890 	0.99997810 	0.99999782 	0.29999817 	0.99999962 	0.99999586 	0.99999946 	0.99999992 	0.99999404 	0.99993836 	0.99999941 	
0.99999997 	0.99999927 	0.99999717 	0.99997462 	0.99999584 	0.99998890 	0.99997810 	0.99999782 	0.29999817 	0.99999962 	0.99999586 	0.99999946 	0.99999992 	0.99999404 	0.99996942 	0.99999941 	
0.99999997 	0.99999927 	0.99999717 	0.99997462 	0.99999584 	0.99998890 	0.99997810 	0.99999782 	0.29999817 	0.99999962 	0.99999586 	0.99999946 	0.99999992 	0.99999404 	0.99996942 	0.99999941 	
0.99999997 	0.99999927 	0.99999717 	0.99997462 	0.99999584 	0.99998890 	0.99997810 	0.99999782 	0.29999817 	0.99999962 	0.99999586 	0.99999946 	0.99999992 	0.99999404 	0.99996942 	0.99999941 	
0.99999997 	0.99999978 	0.99999717 	0.99997462 	0.99999584 	0.99998890 	0.99997810 	0.99999782 	0.29999817 	0.99999962 	0.99999586 	0.99999946 	0.99999992 	0.99999404 	0.99996942 	0.99999941 	
0.99999997 	0.99999978 	0.99999717 	0.99997462 	0.99999584 	0.99998890 	0.99997810 	0.99999782 	0.29999817 	0.99999962 	0.99999586 	0.99999946 	0.99999992 	0.99999404 	0.99996942 	0.99999941 	
0.99999997 	0.99999978 	0.99999717 	0.99999478 	0.99999584 	0.99998890 	0.99997810 	0.99999782 	0.29999817 	0.99999962 	0.99999586 	0.99999946 	0.99999992 	0.99999404 	0.99996942 	0.99999941 	
0.99999997 	0.99999978 	0.99999717 	0.99999478 	0.99999584 	0.99998890 	0.99997810 	0.99999782 	0.29999817 	0.99999962 	0.99999586 	0.99999946 	0.99999992 	0.99999404 	0.99996942 	0.99999941 	
0.99999997 	0.99999978 	0.99999717 	0.99999478 	0.99999584 	0.99999477 	0.99997810 	0.99999782 	0.29999817 	0.99999962 	0.99999586 	0.99999946 	0.99999992 	0.99999404 	0.99996942 	0.99999941 	
0.99999997 	0.99999978 	0.99999717 	0.99999478 	0.99999584 	0.99999477 	0.99998973 	0.99999782 	0.29999817 	0.99999962 	0.99999586 	0.99999946 	0.99999992 	0.99999404 	0.99996942 	0.99999941 	
0.99999997 	0.99999978 	0.99999717 	0.99999478 	0.99999584 	0.99999477 	0.99998973 	0.99999782 	0.29999817 	0.99999962 	0.99999586 	0.99999946 	0.99999992 	0.99999404 	0.99996942 	0.99999941 	
0.99999997 	0.99999978 	0.99999717 	0.99999478 	0.99999584 	0.99999477 	0.99998973 	0.99999782 	0.29999817 	0.99999962 	0.99999586 	0.99999946 	0.99999992 	0.99999404 	0.99996942 	0.99999941 	
0.99999997 	0.99999978 	0.99999717 	0.99999478 	0.99999584 	0.99999477 	0.99998973 	0.99999782 	0.29999817 	0.99999982 	0.99999586 	0.99999946 	0.99999992 	0.99999404 	0.99996942 	0.99999941 	
0.99999997 	0.99999978 	0.99999717 	0.99999478 	0.99999584 	0.99999477 	0.99998973 	0.99999782 	0.29999817 	0.99999982 	0.99999586 	0.99999946 	0.99999992 	0.99999404 	0.99996942 	0.99999941 	
0.99999997 	0.99999978 	0.99999717 	0.99999478 	0.99999584 	0.99999477 	0.99998973 	0.99999782 	0.29999817 	0.99999982 	0.99999586 	0.99999946 	0.99999992 	0.99999404 	0.99996942 	0.99999941 	
0.99999997 	0.99999978 	0.99999717 	0.99999478 	0.99999584 	0.99999477 	0.99998973 	0.99999782 	0.29999817 	0.99999982 	0.99999586 	0.99999946 	0.99999992 	0.99999404 	0.99996942 	0.99999941 	
0.99999997 	0.99999978 	0.99999717 	0.99999478 	0.99999584 	0.99999477 	0.99998973 	0.99999782 	0.29999817 	0.99999982 	0.99999586 	0.99999946 	0.99999992 	0.99999912 	0.99996942 	0.99999941 	
0.99999997 	0.99999978 	0.99999717 	0.99999478 	0.99999584 	0.99999477 	0.99998973 	0.99999782 	0.29999817 	0.99999982 	0.99999586 	0.99999946 	0.99999992 	0.99999912 	0.99996942 	0.99999941 	
0.99999997 	0.99999978 	0.99999717 	0.99999478 	0.99999584 	0.99999477 	0.99998973 	0.99999782 	0.29999817 	0.99999982 	0.99999586 	0.99999946 	0.99999992 	0.99999912 	0.99996942 	0.99999996 	
0.99999997 	0.99999978 	0.99999717 	0.99999478 	0.99999584 	0.99999477 	0.99998973 	0.99999782 	0.29999817 	0.99999982 	0.99999586 	0.99999946 	0.99999992 	0.99999912 	0.99996942 	0.99999996 	
0.99999997 	0.99999978 	0.99999717 	0.99999478 	0.99999584 	0.99999477 	0.99998973 	0.99999782 	0.29999817 	0.99999982 	0.99999586 	0.99999946 	0.99999992 	0.99999912 	0.99996942 	0.99999996 	
0.99999997 	0.99999978 	0.99999717 	0.99999478 	0.99999584 	0.99999477 	0.99998973 	0.99999782 	0.29999817 	0.99999982 	0.99999586 	0.99999946 	0.99999992 	0.99999912 	0.99996942 	0.99999996 	
0.99999997 	0.99999978 	0.99999717 	0.99999478 	0.99999584 	0.99999477 	0.99998973 	0.99999782 	0.29999817 	0.99999982 	0.99999586 	0.99999946 	0.99999992 	0.99999912 	0.99996942 	0.99999996 	
0.99999997 	0.99999978 	0.99999717 	0.99999478 	0.99999845 	0.99999477 	0.99998973 	0.99999782 	0.29999817 	0.99999982 	0.99999586 	0.99999946 	0.99999992 	0.99999912 	0.99996942 	0.99999996 	
0.99999997 	0.99999978 	0.99999717 	0.99999478 	0.99999845 	0.99999575 	0.99998973 	0.99999782 	0.29999817 	0.99999982 	0.99999586 	0.99999946 	0.99999992 	0.99999912 	0.99996942 	0.99999996 	
0.99999997 	0.99999978 	0.99999717 	0.99999478 	0.99999845 	0.99999575 	0.99998973 	0.99999782 	0.29999817 	0.99999982 	0.99999586 	0.99999946 	0.99999992 	0.99999912 	0.99996942 	0.99999996 	
0.99999997 	0.99999978 	0.99999717 	0.99999478 	0.99999845 	0.99999575 	0.99998973 	0.99999829 	0.29999817 	0.99999982 	0.99999586 	0.99999946 	0.99999992 	0.99999912 	0.99996942 	0.99999996 	
0.99999997 	0.99999978 	0.99999717 	0.99999478 	0.99999845 	0.99999575 	0.99998973 	0.99999829 	0.29999817 	0.99999982 	0.99999586 	0.99999946 	0.99999992 	0.99999912 	0.99996942 	0.99999996 	
0.99999997 	0.99999978 	0.99999717 	0.99999478 	0.99999845 	0.99999575 	0.99998973 	0.99999829 	0.29999817 	0.99999982 	0.99999586 	0.99999946 	0.99999992 	0.99999912 	0.99996942 	0.99999996 	
0.99999997 	0.99999978 	0.99999717 	0.99999478 	0.99999845 	0.99999575 	0.99998973 	0.99999829 	0.29999817 	0.99999982 	0.99999586 	0.99999946 	0.99999992 	0.99999912 	0.99996942 	0.99999996 	
0.99999997 	0.99999978 	0.99999717 	0.99999478 	0.99999845 	0.99999575 	0.99998973 	0.99999829 	0.29999817 	0.99999982 	0.99999586 	0.99999946 	0.99999992 	0.99999912 	0.99996942 	0.99999996 	
0.99999997 	0.99999978 	0.99999717 	0.99999478 	0.99999845 	0.99999575 	0.99998973 	0.99999829 	0.29999817 	0.99999982 	0.99999586 	0.99999946 	0.99999996 	0.99999912 	0.99996942 	0.99999996 	
0.99999997 	0.99999978 	0.99999717 	0.99999478 	0.99999845 	0.99999575 	0.99998973 	0.99999829 	0.29999817 	0.99999982 	0.99999586 	0.99999946 	0.99999996 	0.99999912 	0.99996942 	0.99999996 	
0.99999997 	0.99999978 	0.99999717 	0.99999478 	0.99999845 	0.99999575 	0.99998973 	0.99999829 	0.29999817 	0.99999982 	0.99999586 	0.99999946 	0.99999996 	0.99999912 	0.99996942 	0.99999996 	
0.99999997 	0.99999978 	0.99999717 	0.99999478 	0.99999845 	0.99999575 	0.99998973 	0.99999829 	0.29999817 	0.99999982 	0.99999586 	0.99999946 	0.99999996 	0.99999912 	0.99996942 	0.99999996 	
0.99999997 	0.99999978 	0.99999717 	0.99999478 	0.99999845 	0.99999575 	0.99998973 	0.99999829 	0.29999817 	0.99999982 	0.99999586 	0.99999946 	0.99999996 	0.99999912 	0.99996942 	0.99999996 	
0.99999997 	0.99999978 	0.99999717 	0.99999478 	0.99999845 	0.99999575 	0.99998973 	0.99999829 	0.29999817 	0.99999982 	0.99999586 	0.99999946 	0.99999996 	0.99999912 	0.99996942 	0.99999996 	
0.99999997 	0.99999978 	0.99999717 	0.99999478 	0.99999845 	0.99999575 	0.99998973 	0.99999829 	0.29999817 	0.99999982 	0.99999586 	0.99999946 	0.99999996 	0.99999912 	0.99996942 	0.99999996 	
0.99999997 	0.99999978 	0.99999717 	0.99999478 	0.99999845 	0.99999575 	0.99998973 	0.99999829 	0.29999817 	0.99999982 	0.99999586 	0.99999946 	0.99999996 	0.99999912 	0.99996942 	0.99999996 	
0.99999997 	0.99999978 	0.99999717 	0.99999478 	0.99999845 	0.99999575 	0.99998973 	0.99999829 	0.29999817 	0.99999982 	0.99999586 	0.99999946 	0.99999996 	0.99999912 	0.99996942 	0.99999996 	
0.99999997 	0.99999978 	0.99999717 	0.99999478 	0.99999845 	0.99999863 	0.99998973 	0.99999829 	0.29999817 	0.99999982 	0.99999586 	0.99999946 	0.99999996 	0.99999912 	0.99996942 	0.99999996 	
0.99999997 	0.99999978 	0.99999717 	0.99999478 	0.99999845 	0.99999863 	0.99999601 	0.99999829 	0.29999817 	0.99999982 	0.99999586 	0.99999946 	0.99999996 	0.99999912 	0.99996942 	0.99999996 	
0.99999997 	0.99999978 	0.99999717 	0.99999478 	0.99999845 	0.99999863 	0.99999601 	0.99999829 	0.29999817 	0.99999982 	0.99999586 	0.99999946 	0.99999996 	0.99999912 	0.99996942 	0.99999996 	
0.99999997 	0.99999978 	0.99999717 	0.99999478 	0.99999845 	0.99999863 	0.99999601 	0.99999829 	0.29999817 	0.99999982 	0.99999586 	0.99999946 	0.99999996 	0.99999912 	0.99996942 	0.99999996 	
0.99999997 	0.99999978 	0.99999717 	0.99999478 	0.99999845 	0.99999863 	0.99999601 	0.99999829 	0.29999817 	0.99999982 	0.99999586 	0.99999946 	0.99999996 	0.99999912 	0.99996942 	0.99999996 	
0.99999997 	0.99999978 	0.99999717 	0.99999478 	0.99999845 	0.99999863 	0.99999601 	0.99999829 	0.29999817 	0.99999982 	0.99999729 	0.99999946 	0.99999996 	0.99999912 	0.99996942 	0.99999996 	
0.99999997 	0.99999978 	0.99999717 	0.99999478 	0.99999845 	0.99999863 	0.99999601 	0.99999829 	0.29999817 	0.99999982 	0.99999729 	0.99999946 	0.99999996 	0.99999912 	0.99996942 	0.99999996 	
0.99999997 	0.99999978 	0.99999717 	0.99999478 	0.99999845 	0.99999863 	0.99999601 	0.99999829 	0.29999817 	0.99999982 	0.99999729 	0.99999946 	0.99999996 	0.99999912 	0.99996942 	0.99999996 	
0.99999997 	0.99999978 	0.99999717 	0.99999478 	0.99999845 	0.99999863 	0.99999601 	0.99999829 	0.29999817 	0.99999982 	0.99999729 	0.99999946 	0.99999996 	0.99999959 	0.99996942 	0.99999996 	
0.99999997 	0.99999978 	0.99999717 	0.99999478 	0.99999845 	0.99999863 	0.99999601 	0.99999829 	0.29999817 	0.99999982 	0.99999729 	0.99999946 	0.99999996 	0.99999959 	0.99998141 	0.99999996 	
0.99999997 	0.99999978 	0.99999717 	0.99999478 	0.99999845 	0.99999863 	0.99999601 	0.99999829 	0.29999817 	0.99999982 	0.99999729 	0.99999946 	0.99999996 	0.99999959 	0.99998141 	0.99999996 	
0.99999997 	0.99999978 	0.99999717 	0.99999478 	0.99999845 	0.99999863 	0.99999601 	0.99999829 	0.29999817 	0.99999982 	0.99999729 	0.99999946 	0.99999996 	0.99999959 	0.99998141 	0.99999996 	
0.99999997 	0.99999978 	0.99999717 	0.99999478 	0.99999845 	0.99999863 	0.99999601 	0.99999829 	0.29999817 	0.99999982 	0.99999729 	0.99999946 	0.99999996 	0.99999959 	0.99998141 	0.99999996 	
0.99999997 	0.99999978 	0.99999717 	0.99999478 	0.99999845 	0.99999863 	0.99999601 	0.99999829 	0.29999817 	0.99999982 	0.99999729 	0.99999946 	0.99999996 	0.99999959 	0.99998141 	0.99999996 	
0.99999997 	0.99999978 	0.99999717 	0.99999478 	0.99999845 	0.99999863 	0.99999601 	0.99999829 	0.29999817 	0.99999982 	0.99999729 	0.99999946 	0.99999996 	0.99999959 	0.99998141 	0.99999996 	
0.99999997 	0.99999978 	0.99999717 	0.99999478 	0.99999845 	0.99999863 	0.99999601 	0.99999829 	0.29999817 	0.99999982 	0.99999729 	0.99999946 	0.99999996 	0.99999959 	0.99998141 	0.99999996 	
0.99999997 	0.99999978 	0.99999717 	0.99999478 	0.99999845 	0.99999863 	0.99999601 	0.99999829 	0.29999817 	0.99999982 	0.99999729 	0.99999946 	0.99999996 	0.99999959 	0.99998141 	0.99999996 	
0.99999997 	0.99999978 	0.99999717 	0.99999478 	0.99999845 	0.99999863 	0.99999755 	0.99999829 	0.29999817 	0.99999982 	0.99999729 	0.99999946 	0.99999996 	0.99999959 	0.99998141 	0.99999996 	
0.99999997 	0.99999978 	0.99999717 	0.99999478 	0.99999845 	0.99999863 	0.99999755 	0.99999829 	0.29999817 	0.99999982 	0.99999729 	0.99999946 	0.99999996 	0.99999959 	0.99998141 	0.99999996 	
0.99999997 	0.99999978 	0.99999717 	0.99999478 	0.99999845 	0.99999863 	0.99999755 	0.99999829 	0.29999817 	0.99999982 	0.99999729 	0.99999946 	0.99999996 	0.99999959 	0.99998141 	0.99999996 	
0.99999997 	0.99999978 	0.99999717 	0.99999478 	0.99999845 	0.99999863 	0.99999755 	0.99999829 	0.29999817 	0.99999982 	0.99999729 	0.99999946 	0.99999996 	0.99999959 	0.99998141 	0.99999996 	
0.99999997 	0.99999978 	0.99999717 	0.99999478 	0.99999845 	0.99999863 	0.99999755 	0.99999829 	0.29999817 	0.99999982 	0.99999729 	0.99999946 	0.99999996 	0.99999959 	0.99998141 	0.99999996 	
0.99999997 	0.99999978 	0.99999717 	0.99999478 	0.99999845 	0.99999863 	0.99999755 	0.99999829 	0.29999817 	0.99999982 	0.99999729 	0.99999946 	0.99999996 	0.99999959 	0.99998141 	0.99999996 	
0.99999997 	0.99999978 	0.99999717 	0.99999478 	0.99999845 	0.99999863 	0.99999755 	0.99999829 	0.29999817 	0.99999982 	0.99999729 	0.99999946 	0.99999997 	0.99999959 	0.99998141 	0.99999996 	
0.99999997 	0.99999978 	0.99999717 	0.99999478 	0.99999845 	0.99999863 	0.99999755 	0.99999829 	0.29999817 	0.99999982 	0.99999729 	0.99999946 	0.99999997 	0.99999959 	0.99998141 	0.99999996 	
0.99999997 	0.99999978 	0.99999717 	0.99999478 	0.99999845 	0.99999863 	0.99999755 	0.99999829 	0.29999817 	0.99999982 	0.99999729 	0.99999946 	0.99999997 	0.99999959 	0.99999954 	0.99999996 	
0.99999997 	0.99999978 	0.99999717 	0.99999478 	0.99999845 	0.99999863 	0.99999755 	0.99999829 	0.29999817 	0.99999982 	0.99999729 	0.99999946 	0.99999997 	0.99999959 	0.99999954 	0.99999996 	
0.99999997 	0.99999978 	0.99999717 	0.99999478 	0.99999845 	0.99999863 	0.99999755 	0.99999829 	0.29999817 	0.99999982 	0.99999729 	0.99999946 	0.99999997 	0.99999959 	0.99999954 	0.99999996 	
0.99999997 	0.99999978 	0.99999717 	0.99999478 	0.99999845 	0.99999863 	0.99999755 	0.99999829 	0.29999817 	0.99999982 	0.99999729 	0.99999946 	0.99999997 	0.99999959 	0.99999954 	0.99999996 	
0.99999997 	0.99999978 	0.99999717 	0.99999478 	0.99999845 	0.99999863 	0.99999755 	0.99999829 	0.29999817 	0.99999982 	0.99999729 	0.99999946 	0.99999997 	0.99999959 	0.99999954 	0.99999996 	
0.99999997 	0.99999978 	0.99999717 	0.99999774 	0.99999845 	0.99999863 	0.99999755 	0.99999829 	0.29999817 	0.99999982 	0.99999729 	0.99999946 	0.99999997 	0.99999959 	0.99999954 	0.99999996 	
0.99999997 	0.99999978 	0.99999717 	0.99999774 	0.99999845 	0.99999863 	0.99999755 	0.99999829 	0.29999817 	0.99999982 	0.99999729 	0.99999946 	0.99999997 	0.99999959 	0.99999954 	0.99999996 	
0.99999997 	0.99999978 	0.99999717 	0.99999774 	0.99999845 	0.99999863 	0.99999755 	0.99999829 	0.29999817 	0.99999982 	0.99999729 	0.99999946 	0.99999997 	0.99999959 	0.99999954 	0.99999996 	
0.99999997 	0.99999978 	0.99999717 	0.99999774 	0.99999845 	0.99999863 	0.99999918 	0.99999829 	0.29999817 	0.99999982 	0.99999729 	0.99999946 	0.99999997 	0.99999959 	0.99999954 	0.99999996 	
0.99999997 	0.99999978 	0.99999717 	0.99999774 	0.99999845 	0.99999863 	0.99999918 	0.99999829 	0.29999817 	0.99999982 	0.99999729 	0.99999946 	0.99999997 	0.99999959 	0.99999954 	0.99999996 	
0.99999997 	0.99999978 	0.99999717 	0.99999774 	0.99999845 	0.99999863 	0.99999918 	0.99999829 	0.29999817 	0.99999982 	0.99999729 	0.99999946 	0.99999997 	0.99999959 	0.99999954 	0.99999996 	
0.99999997 	0.99999978 	0.99999717 	0.99999774 	0.99999845 	0.99999863 	0.99999918 	0.99999829 	0.29999817 	0.99999982 	0.99999729 	0.99999946 	0.99999997 	0.99999959 	0.99999954 	0.99999996 	
0.99999997 	0.99999978 	0.99999717 	0.99999774 	0.99999845 	0.99999863 	0.99999918 	0.99999829 	0.29999817 	0.99999982 	0.99999729 	0.99999946 	0.99999997 	0.99999959 	0.99999954 	0.99999996 	
0.99999997 	0.99999978 	0.99999717 	0.99999774 	0.99999845 	0.99999863 	0.99999918 	0.99999829 	0.29999817 	0.99999982 	0.99999729 	0.99999946 	0.99999997 	0.99999959 	0.99999954 	0.99999996 	
0.99999997 	0.99999978 	0.99999717 	0.99999774 	0.99999845 	0.99999863 	0.99999918 	0.99999829 	0.29999817 	0.99999982 	0.99999729 	0.99999946 	0.99999997 	0.99999959 	0.99999954 	0.99999996 	
0.99999997 	0.99999978 	0.99999717 	0.99999774 	0.99999845 	0.99999863 	0.99999918 	0.99999829 	0.29999817 	0.99999982 	0.99999729 	0.99999946 	0.99999997 	0.99999959 	0.99999954 	0.99999996 	
0.99999997 	0.99999978 	0.99999717 	0.99999774 	0.99999845 	0.99999863 	0.99999918 	0.99999829 	0.29999817 	0.99999982 	0.99999729 	0.99999946 	0.99999997 	0.99999959 	0.99999968 	0.99999996 	
0.99999997 	0.99999978 	0.99999717 	0.99999774 	0.99999845 	0.99999863 	0.99999918 	0.99999829 	0.29999817 	0.99999982 	0.99999729 	0.99999946 	0.99999997 	0.99999959 	0.99999968 	0.99999996 	
0.99999997 	0.99999978 	0.99999717 	0.99999774 	0.99999845 	0.99999863 	0.99999918 	0.99999829 	0.29999817 	0.99999982 	0.99999729 	0.99999946 	0.99999997 	0.99999959 	0.99999968 	0.99999996 	
0.99999997 	0.99999978 	0.99999717 	0.99999774 	0.99999845 	0.99999863 	0.99999918 	0.99999829 	0.29999817 	0.99999982 	0.99999729 	0.99999946 	0.99999997 	0.99999959 	0.99999968 	0.99999996 	
0.99999997 	0.99999978 	0.99999717 	0.99999774 	0.99999845 	0.99999863 	0.99999918 	0.99999829 	0.29999817 	0.99999982 	0.99999729 	0.99999946 	0.99999997 	0.99999959 	0.99999968 	0.99999996 	
0.99999997 	0.99999978 	0.99999717 	0.99999774 	0.99999845 	0.99999863 	0.99999918 	0.99999829 	0.29999817 	0.99999982 	0.99999729 	0.99999946 	0.99999997 	0.99999959 	0.99999968 	0.99999996 	
0.99999997 	0.99999978 	0.99999717 	0.99999774 	0.99999845 	0.99999863 	0.99999918 	0.99999829 	0.29999817 	0.99999982 	0.99999729 	0.99999946 	0.99999997 	0.99999959 	0.99999968 	0.99999996 	
0.99999997 	0.99999978 	0.99999717 	0.99999774 	0.99999845 	0.99999863 	0.99999918 	0.99999829 	0.29999817 	0.99999982 	0.99999729 	0.99999946 	0.99999997 	0.99999959 	0.99999968 	0.99999996 	
0.99999997 	0.99999978 	0.99999717 	0.99999774 	0.99999845 	0.99999863 	0.99999945 	0.99999829 	0.29999817 	0.99999982 	0.99999729 	0.99999946 	0.99999997 	0.99999959 	0.99999968 	0.99999996 	
0.99999997 	0.99999978 	0.99999717 	0.99999774 	0.99999845 	0.99999863 	0.99999945 	0.99999829 	0.29999817 	0.99999982 	0.99999729 	0.99999946 	0.99999997 	0.99999959 	0.99999968 	0.99999996 	
0.99999997 	0.99999978 	0.99999717 	0.99999774 	0.99999845 	0.99999863 	0.99999945 	0.99999829 	0.29999817 	0.99999982 	0.99999729 	0.99999946 	0.99999997 	0.99999959 	0.99999968 	0.99999996 	
0.99999997 	0.99999978 	0.99999717 	0.99999774 	0.99999845 	0.99999863 	0.99999945 	0.99999829 	0.29999817 	0.99999999 	0.99999729 	0.99999946 	0.99999997 	0.99999959 	0.99999968 	0.99999996 	
0.99999997 	0.99999978 	0.99999717 	0.99999774 	0.99999845 	0.99999863 	0.99999945 	0.99999829 	0.29999817 	0.99999999 	0.99999729 	0.99999946 	0.99999997 	0.99999959 	0.99999968 	0.99999996 	
0.99999997 	0.99999978 	0.99999717 	0.99999774 	0.99999845 	0.99999863 	0.99999945 	0.99999829 	0.29999817 	0.99999999 	0.99999729 	0.99999946 	0.99999997 	0.99999959 	0.99999968 	0.99999996 	
0.99999997 	0.99999978 	0.99999717 	0.99999774 	0.99999845 	0.99999863 	0.99999945 	0.99999829 	0.29999817 	0.99999999 	0.99999729 	0.99999946 	0.99999997 	0.99999959 	0.99999968 	0.99999996 	
0.99999997 	0.99999978 	0.99999717 	0.99999774 	0.99999845 	0.99999863 	0.99999945 	0.99999829 	0.29999817 	0.99999999 	0.99999729 	0.99999946 	0.99999997 	0.99999959 	0.99999968 	0.99999996 	
0.99999997 	0.99999978 	0.99999717 	0.99999774 	0.99999845 	0.99999863 	0.99999945 	0.99999829 	0.29999817 	0.99999999 	0.99999729 	0.99999946 	0.99999997 	0.99999959 	0.99999968 	0.99999996 	
0.99999997 	0.99999978 	0.99999717 	0.99999774 	0.99999845 	0.99999863 	0.99999945 	0.99999829 	0.29999817 	0.99999999 	0.99999729 	0.99999946 	0.99999997 	0.99999959 	0.99999968 	0.99999996 	
0.99999997 	0.99999978 	0.99999717 	0.99999774 	0.99999845 	0.99999863 	0.99999945 	0.99999829 	0.29999817 	0.99999999 	0.99999729 	0.99999946 	0.99999997 	0.99999959 	0.99999968 	0.99999996 	
0.99999997 	0.99999978 	0.99999717 	0.99999774 	0.99999845 	0.99999863 	0.99999945 	0.99999829 	0.29999817 	0.99999999 	0.99999729 	0.99999946 	0.99999997 	0.99999959 	0.99999968 	0.99999996 	
0.99999997 	0.99999978 	0.99999717 	0.99999774 	0.99999845 	0.99999863 	0.99999945 	0.99999829 	0.29999817 	0.99999999 	0.99999729 	0.99999946 	0.99999997 	0.99999959 	0.99999968 	0.99999996 	
0.99999997 	0.99999978 	0.99999717 	0.99999774 	0.99999845 	0.99999863 	0.99999945 	0.99999829 	0.29999817 	0.99999999 	0.99999729 	0.99999946 	0.99999997 	0.99999959 	0.99999968 	0.99999996 	
0.99999997 	0.99999978 	0.99999717 	0.99999774 	0.99999845 	0.99999863 	0.99999945 	0.99999829 	0.29999817 	0.99999999 	0.99999729 	0.99999946 	0.99999997 	0.99999959 	0.99999968 	0.99999996 	
0.99999997 	0.99999978 	0.99999717 	0.99999774 	0.99999845 	0.99999863 	0.99999945 	0.99999829 	0.29999817 	0.99999999 	0.99999729 	0.99999946 	0.99999997 	0.99999959 	0.99999968 	0.99999996 	
0.99999997 	0.99999978 	0.99999717 	0.99999774 	0.99999845 	0.99999863 	0.99999989 	0.99999829 	0.29999817 	0.99999999 	0.99999729 	0.99999946 	0.99999997 	0.99999959 	0.99999968 	0.99999996 	
0.99999997 	0.99999978 	0.99999717 	0.99999774 	0.99999845 	0.99999863 	0.99999989 	0.99999829 	0.29999817 	0.99999999 	0.99999729 	0.99999946 	0.99999997 	0.99999959 	0.99999968 	0.99999996 	
0.99999997 	0.99999978 	0.99999717 	0.99999774 	0.99999845 	0.99999863 	0.99999989 	0.99999829 	0.29999817 	0.99999999 	0.99999729 	0.99999946 	0.99999997 	0.99999959 	0.99999968 	0.99999996 	
0.99999997 	0.99999978 	0.99999717 	0.99999774 	0.99999845 	0.99999863 	0.99999989 	0.99999829 	0.29999817 	0.99999999 	0.99999729 	0.99999946 	0.99999997 	0.99999959 	0.99999968 	0.99999996 	
0.99999997 	0.99999978 	0.99999717 	0.99999774 	0.99999845 	0.99999863 	0.99999989 	0.99999829 	0.29999817 	0.99999999 	0.99999729 	0.99999946 	0.99999997 	0.99999959 	0.99999968 	0.99999996 	
0.99999997 	0.99999978 	0.99999717 	0.99999774 	0.99999845 	0.99999863 	0.99999989 	0.99999829 	0.29999817 	0.99999999 	0.99999729 	0.99999946 	0.99999997 	0.99999959 	0.99999968 	0.99999996 	
0.99999997 	0.99999978 	0.99999717 	0.99999774 	0.99999845 	0.99999863 	0.99999989 	0.99999829 	0.29999817 	0.99999999 	0.99999729 	0.99999946 	0.99999997 	0.99999959 	0.99999968 	0.99999996 	
0.99999997 	0.99999978 	0.99999717 	0.99999774 	0.99999845 	0.99999863 	0.99999989 	0.99999829 	0.29999817 	0.99999999 	0.99999729 	0.99999946 	0.99999997 	0.99999959 	0.99999968 	0.99999996 	
0.99999997 	0.99999978 	0.99999717 	0.99999774 	0.99999845 	0.99999863 	0.99999989 	0.99999829 	0.29999817 	0.99999999 	0.99999729 	0.99999946 	0.99999997 	0.99999959 	0.99999968 	0.99999996 	
0.99999997 	0.99999978 	0.99999717 	0.99999774 	0.99999845 	0.99999863 	0.99999989 	0.99999829 	0.29999817 	0.99999999 	0.99999729 	0.99999946 	0.99999997 	0.99999959 	0.99999968 	0.99999996 	
0.99999997 	0.99999978 	0.99999717 	0.99999774 	0.99999845 	0.99999863 	0.99999989 	0.99999829 	0.29999817 	0.99999999 	0.99999729 	0.99999946 	0.99999997 	0.99999959 	0.99999968 	0.99999996 	
0.99999997 	0.99999978 	0.99999717 	0.99999774 	0.99999845 	0.99999863 	0.99999989 	0.99999829 	0.29999817 	0.99999999 	0.99999729 	0.99999946 	0.99999997 	0.99999959 	0.99999968 	0.99999996 	
0.99999997 	0.99999978 	0.99999717 	0.99999774 	0.99999845 	0.99999863 	0.99999989 	0.99999829 	0.29999817 	0.99999999 	0.99999729 	0.99999946 	0.99999997 	0.99999959 	0.99999968 	0.99999996 	
0.99999997 	0.99999978 	0.99999717 	0.99999774 	0.99999845 	0.99999863 	0.99999989 	0.99999829 	0.29999817 	0.99999999 	0.99999729 	0.99999946 	0.99999997 	0.99999959 	0.99999968 	0.99999996 	
0.99999997 	0.99999978 	0.99999717 	0.99999774 	0.99999845 	0.99999863 	0.99999989 	0.99999829 	0.29999817 	0.99999999 	0.99999729 	0.99999946 	0.99999997 	0.99999959 	0.99999968 	0.99999996 	
0.99999997 	0.99999978 	0.99999717 	0.99999774 	0.99999845 	0.99999863 	0.99999989 	0.99999829 	0.29999817 	0.99999999 	0.99999729 	0.99999946 	0.99999997 	0.99999959 	0.99999968 	0.99999996 	
0.99999997 	0.99999978 	0.99999717 	0.99999774 	0.99999845 	0.99999863 	0.99999989 	0.99999829 	0.29999817 	0.99999999 	0.99999729 	0.99999946 	0.99999997 	0.99999959 	0.99999968 	0.99999996 	
0.99999997 	0.99999978 	0.99999717 	0.99999774 	0.99999845 	0.99999863 	0.99999989 	0.99999829 	0.29999817 	0.99999999 	0.99999729 	0.99999946 	0.99999997 	0.99999959 	0.99999968 	0.99999996 	
0.99999997 	0.99999978 	0.99999717 	0.99999774 	0.99999845 	0.99999863 	0.99999989 	0.99999829 	0.29999817 	0.99999999 	0.99999729 	0.99999946 	0.99999997 	0.99999959 	0.99999968 	0.99999996 	
0.99999997 	0.99999978 	0.99999717 	0.99999774 	0.99999845 	0.99999863 	0.99999989 	0.99999829 	0.29999817 	0.99999999 	0.99999729 	0.99999946 	0.99999997 	0.99999959 	0.99999968 	0.99999996 	
0.99999997 	0.99999978 	0.99999717 	0.99999774 	0.99999845 	0.99999863 	0.99999989 	0.99999829 	0.29999817 	0.99999999 	0.99999729 	0.99999946 	0.99999997 	0.99999959 	0.99999968 	0.99999996 	
0.99999997 	0.99999978 	0.99999717 	0.99999774 	0.99999845 	0.99999863 	0.99999989 	0.99999829 	0.29999817 	0.99999999 	0.99999729 	0.99999946 	0.99999997 	0.99999959 	0.99999968 	0.99999996 	
0.99999997 	0.99999978 	0.99999717 	0.99999774 	0.99999845 	0.99999863 	0.99999989 	0.99999829 	0.29999817 	0.99999999 	0.99999729 	0.99999946 	0.99999997 	0.99999959 	0.99999968 	0.99999996 	
0.99999997 	0.99999978 	0.99999717 	0.99999774 	0.99999845 	0.99999863 	0.99999989 	0.99999829 	0.29999817 	0.99999999 	0.99999729 	0.99999946 	0.99999997 	0.99999971 	0.99999968 	0.99999996 	
0.99999997 	0.99999978 	0.99999717 	0.99999774 	0.99999845 	0.99999863 	0.99999989 	0.99999829 	0.29999817 	0.99999999 	0.99999729 	0.99999946 	0.99999997 	0.99999971 	0.99999968 	0.99999996 	
0.99999997 	0.99999978 	0.99999717 	0.99999774 	0.99999845 	0.99999863 	0.99999989 	0.99999829 	0.29999817 	0.99999999 	0.99999729 	0.99999946 	0.99999997 	0.99999971 	0.99999968 	0.99999996 	
0.99999997 	0.99999978 	0.99999717 	0.99999774 	0.99999845 	0.99999863 	0.99999989 	0.99999829 	0.29999817 	0.99999999 	0.99999729 	0.99999946 	0.99999997 	0.99999971 	0.99999968 	0.99999996 	
0.99999997 	0.99999978 	0.99999717 	0.99999774 	0.99999845 	0.99999863 	0.99999989 	0.99999829 	0.29999817 	0.99999999 	0.99999729 	0.99999946 	0.99999997 	0.99999971 	0.99999968 	0.99999996 	
0.99999997 	0.99999978 	0.99999717 	0.99999774 	0.99999845 	0.99999863 	0.99999989 	0.99999829 	0.29999817 	0.99999999 	0.99999729 	0.99999946 	0.99999997 	0.99999971 	0.99999968 	0.99999996 	
0.99999997 	0.99999978 	0.99999717 	0.99999774 	0.99999845 	0.99999863 	0.99999989 	0.99999829 	0.29999817 	0.99999999 	0.99999729 	0.99999946 	0.99999997 	0.99999971 	0.99999968 	0.99999996 	
0.99999997 	0.99999978 	0.99999717 	0.99999774 	0.99999845 	0.99999863 	0.99999989 	0.99999829 	0.29999817 	0.99999999 	0.99999729 	0.99999946 	0.99999997 	0.99999971 	0.99999968 	0.99999996 	
0.99999997 	0.99999978 	0.99999717 	0.99999774 	0.99999845 	0.99999917 	0.99999989 	0.99999829 	0.29999817 	0.99999999 	0.99999729 	0.99999946 	0.99999997 	0.99999971 	0.99999968 	0.99999996 	
0.99999997 	0.99999978 	0.99999717 	0.99999774 	0.99999845 	0.99999917 	0.99999989 	0.99999829 	0.29999817 	0.99999999 	0.99999729 	0.99999946 	0.99999997 	0.99999971 	0.99999968 	0.99999996 	
0.99999997 	0.99999978 	0.99999717 	0.99999774 	0.99999845 	0.99999917 	0.99999989 	0.99999829 	0.29999817 	0.99999999 	0.99999729 	0.99999946 	0.99999997 	0.99999971 	0.99999968 	0.99999996 	
0.99999997 	0.99999978 	0.99999717 	0.99999774 	0.99999845 	0.99999917 	0.99999989 	0.99999829 	0.29999817 	0.99999999 	0.99999729 	0.99999946 	0.99999997 	0.99999971 	0.99999968 	0.99999996 	
0.99999997 	0.99999978 	0.99999717 	0.99999774 	0.99999845 	0.99999917 	0.99999989 	0.99999829 	0.29999817 	0.99999999 	0.99999729 	0.99999946 	0.99999997 	0.99999971 	0.99999968 	0.99999996 	
0.99999997 	0.99999978 	0.99999717 	0.99999774 	0.99999845 	0.99999917 	0.99999989 	0.99999829 	0.29999817 	0.99999999 	0.99999729 	0.99999946 	0.99999997 	0.99999971 	0.99999968 	0.99999996 	
0.99999997 	0.99999978 	0.99999717 	0.99999774 	0.99999845 	0.99999917 	0.99999989 	0.99999829 	0.29999817 	0.99999999 	0.99999729 	0.99999995 	0.99999997 	0.99999971 	0.99999968 	0.99999996 	
0.99999997 	0.99999978 	0.99999717 	0.99999774 	0.99999845 	0.99999917 	0.99999989 	0.99999829 	0.29999817 	0.99999999 	0.99999729 	0.99999995 	1.00000000 	0.99999971 	0.99999968 	0.99999996 	
0.99999997 	0.99999978 	0.99999717 	0.99999774 	0.99999845 	0.99999917 	0.99999989 	0.99999829 	0.29999817 	0.99999999 	0.99999729 	0.99999995 	1.00000000 	0.99999985 	0.99999968 	0.99999996 	
0.99999997 	0.99999978 	0.99999717 	0.99999774 	0.99999845 	0.99999917 	0.99999989 	0.99999829 	0.29999817 	0.99999999 	0.99999729 	0.99999995 	1.00000000 	0.99999985 	0.99999968 	0.99999996 	
0.99999997 	0.99999978 	0.99999717 	0.99999774 	0.99999845 	0.99999917 	0.99999989 	0.99999829 	0.29999817 	0.99999999 	0.99999729 	0.99999995 	1.00000000 	0.99999985 	0.99999968 	0.99999996 	
