1	0.91593291	0.92586585	0.57603500	0.78121908	0.29715327	0.90304786	0.20568838	0.35904258	0.62694729	0.58257177	0.57784101	0.62332223	0.97304101	0.92204306	0.41298702	0.46765589
2	0.91593291	0.93472150	0.57603500	0.78121908	0.29715327	0.90304786	0.20568838	0.35904258	0.62694729	0.58257177	0.57784101	0.62332223	0.97304101	0.92204306	0.41298702	0.46765589
3	0.91593291	0.93472150	0.99984931	0.78121908	0.29715327	0.90304786	0.20568838	0.35904258	0.62694729	0.58257177	0.57784101	0.62332223	0.97304101	0.92204306	0.41298702	0.46765589
4	0.91593291	0.93472150	0.99984931	0.97449380	0.29715327	0.90304786	0.20568838	0.35904258	0.62694729	0.58257177	0.57784101	0.62332223	0.97304101	0.92204306	0.41298702	0.46765589
5	0.91593291	0.93472150	0.99984931	0.97449380	0.51683382	0.90304786	0.20568838	0.35904258	0.62694729	0.58257177	0.57784101	0.62332223	0.97304101	0.92204306	0.41298702	0.46765589
6	0.91593291	0.93472150	0.99984931	0.97449380	0.51683382	0.99493720	0.20568838	0.35904258	0.62694729	0.58257177	0.57784101	0.62332223	0.97304101	0.92204306	0.41298702	0.46765589
7	0.91593291	0.93472150	0.99984931	0.97449380	0.51683382	0.99493720	0.97788265	0.35904258	0.62694729	0.58257177	0.57784101	0.62332223	0.97304101	0.92204306	0.41298702	0.46765589
8	0.91593291	0.93472150	0.99984931	0.97449380	0.51683382	0.99493720	0.97788265	0.97854935	0.62694729	0.58257177	0.57784101	0.62332223	0.97304101	0.92204306	0.41298702	0.46765589
9	0.91593291	0.93472150	0.99984931	0.97449380	0.51683382	0.99493720	0.97788265	0.97854935	0.93124478	0.58257177	0.57784101	0.62332223	0.97304101	0.92204306	0.41298702	0.46765589
10	0.91593291	0.93472150	0.99984931	0.97449380	0.51683382	0.99493720	0.97788265	0.97854935	0.93124478	0.98353435	0.57784101	0.62332223	0.97304101	0.92204306	0.41298702	0.46765589
11	0.91593291	0.93472150	0.99984931	0.97449380	0.51683382	0.99493720	0.97788265	0.97854935	0.93124478	0.98353435	0.92046473	0.62332223	0.97304101	0.92204306	0.41298702	0.46765589
12	0.91593291	0.93472150	0.99984931	0.97449380	0.51683382	0.99493720	0.97788265	0.97854935	0.93124478	0.98353435	0.92046473	0.99528050	0.97304101	0.92204306	0.41298702	0.46765589
13	0.91593291	0.93472150	0.99984931	0.97449380	0.51683382	0.99493720	0.97788265	0.97854935	0.93124478	0.98353435	0.92046473	0.99528050	0.32392388	0.92204306	0.41298702	0.46765589
14	0.91593291	0.93472150	0.99984931	0.97449380	0.51683382	0.99493720	0.97788265	0.97854935	0.93124478	0.98353435	0.92046473	0.99528050	0.32392388	0.94784810	0.41298702	0.46765589
15	0.91593291	0.93472150	0.99984931	0.97449380	0.51683382	0.99493720	0.97788265	0.97854935	0.93124478	0.98353435	0.92046473	0.99528050	0.32392388	0.94784810	0.98517468	0.46765589
16	0.91593291	0.93472150	0.99984931	0.97449380	0.51683382	0.99493720	0.97788265	0.97854935	0.93124478	0.98353435	0.92046473	0.99528050	0.32392388	0.94784810	0.98517468	0.95515317
17	0.95708879	0.93472150	0.99984931	0.97449380	0.51683382	0.99493720	0.97788265	0.97854935	0.93124478	0.98353435	0.92046473	0.99528050	0.32392388	0.94784810	0.98517468	0.95515317
18	0.95708879	0.95487415	0.99984931	0.97449380	0.51683382	0.99493720	0.97788265	0.97854935	0.93124478	0.98353435	0.92046473	0.99528050	0.32392388	0.94784810	0.98517468	0.95515317
19	0.95708879	0.95487415	0.99984931	0.97449380	0.51683382	0.99493720	0.97788265	0.97854935	0.93124478	0.98353435	0.92046473	0.99528050	0.32392388	0.94784810	0.98517468	0.95515317
20	0.95708879	0.95487415	0.99984931	0.97449380	0.51683382	0.99493720	0.97788265	0.97854935	0.93124478	0.98353435	0.92046473	0.99528050	0.32392388	0.94784810	0.98517468	0.95515317
21	0.95708879	0.95487415	0.99984931	0.97449380	0.41839426	0.99493720	0.97788265	0.97854935	0.93124478	0.98353435	0.92046473	0.99528050	0.32392388	0.94784810	0.98517468	0.95515317
22	0.95708879	0.95487415	0.99984931	0.97449380	0.41839426	0.99493720	0.97788265	0.97854935	0.93124478	0.98353435	0.92046473	0.99528050	0.32392388	0.94784810	0.98517468	0.95515317
23	0.95708879	0.95487415	0.99984931	0.97449380	0.41839426	0.99493720	0.99507667	0.97854935	0.93124478	0.98353435	0.92046473	0.99528050	0.32392388	0.94784810	0.98517468	0.95515317
24	0.95708879	0.95487415	0.99984931	0.97449380	0.41839426	0.99493720	0.99507667	0.99821790	0.93124478	0.98353435	0.92046473	0.99528050	0.32392388	0.94784810	0.98517468	0.95515317
25	0.95708879	0.95487415	0.99984931	0.97449380	0.41839426	0.99493720	0.99507667	0.99821790	0.93419454	0.98353435	0.92046473	0.99528050	0.32392388	0.94784810	0.98517468	0.95515317
26	0.95708879	0.95487415	0.99984931	0.97449380	0.41839426	0.99493720	0.99507667	0.99821790	0.93419454	0.98353435	0.92046473	0.99528050	0.32392388	0.94784810	0.98517468	0.95515317
27	0.95708879	0.95487415	0.99984931	0.97449380	0.41839426	0.99493720	0.99507667	0.99821790	0.93419454	0.98353435	0.92046473	0.99528050	0.32392388	0.94784810	0.98517468	0.95515317
28	0.95708879	0.95487415	0.99984931	0.97449380	0.41839426	0.99493720	0.99507667	0.99821790	0.93419454	0.98353435	0.92046473	0.99528050	0.32392388	0.94784810	0.98517468	0.95515317
29	0.95708879	0.95487415	0.99984931	0.97449380	0.41839426	0.99493720	0.99507667	0.99821790	0.93419454	0.98353435	0.92046473	0.99528050	0.32392388	0.94784810	0.98517468	0.95515317
30	0.95708879	0.95487415	0.99984931	0.97449380	0.41839426	0.99493720	0.99507667	0.99821790	0.93419454	0.98353435	0.92046473	0.99528050	0.32392388	0.99085507	0.98517468	0.95515317
31	0.95708879	0.95487415	0.99984931	0.97449380	0.41839426	0.99493720	0.99507667	0.99821790	0.93419454	0.98353435	0.92046473	0.99528050	0.32392388	0.99085507	0.98517468	0.95515317
32	0.95708879	0.95487415	0.99984931	0.97449380	0.41839426	0.99493720	0.99507667	0.99821790	0.93419454	0.98353435	0.92046473	0.99528050	0.32392388	0.99085507	0.98517468	0.99241499
33	0.99386319	0.95487415	0.99984931	0.97449380	0.41839426	0.99493720	0.99507667	0.99821790	0.93419454	0.98353435	0.92046473	0.99528050	0.32392388	0.99085507	0.98517468	0.99241499
34	0.99386319	0.96165629	0.99984931	0.97449380	0.41839426	0.99493720	0.99507667	0.99821790	0.93419454	0.98353435	0.92046473	0.99528050	0.32392388	0.99085507	0.98517468	0.99241499
35	0.99386319	0.96165629	0.99984931	0.97449380	0.41839426	0.99493720	0.99507667	0.99821790	0.93419454	0.98353435	0.92046473	0.99528050	0.32392388	0.99085507	0.98517468	0.99241499
36	0.99386319	0.96165629	0.99984931	0.99627299	0.41839426	0.99493720	0.99507667	0.99821790	0.93419454	0.98353435	0.92046473	0.99528050	0.32392388	0.99085507	0.98517468	0.99241499
37	0.99386319	0.96165629	0.99984931	0.99627299	0.41120609	0.99493720	0.99507667	0.99821790	0.93419454	0.98353435	0.92046473	0.99528050	0.32392388	0.99085507	0.98517468	0.99241499
38	0.99386319	0.96165629	0.99984931	0.99627299	0.41120609	0.99736523	0.99507667	0.99821790	0.93419454	0.98353435	0.92046473	0.99528050	0.32392388	0.99085507	0.98517468	0.99241499
39	0.99386319	0.96165629	0.99984931	0.99627299	0.41120609	0.99736523	0.99836937	0.99821790	0.93419454	0.98353435	0.92046473	0.99528050	0.32392388	0.99085507	0.98517468	0.99241499
40	0.99386319	0.96165629	0.99984931	0.99627299	0.41120609	0.99736523	0.99836937	0.99891200	0.93419454	0.98353435	0.92046473	0.99528050	0.32392388	0.99085507	0.98517468	0.99241499
41	0.99386319	0.96165629	0.99984931	0.99627299	0.41120609	0.99736523	0.99836937	0.99891200	0.93760309	0.98353435	0.92046473	0.99528050	0.32392388	0.99085507	0.98517468	0.99241499
42	0.99386319	0.96165629	0.99984931	0.99627299	0.41120609	0.99736523	0.99836937	0.99891200	0.93760309	0.98353435	0.92046473	0.99528050	0.32392388	0.99085507	0.98517468	0.99241499
43	0.99386319	0.96165629	0.99984931	0.99627299	0.41120609	0.99736523	0.99836937	0.99891200	0.93760309	0.98353435	0.97408498	0.99528050	0.32392388	0.99085507	0.98517468	0.99241499
44	0.99386319	0.96165629	0.99984931	0.99627299	0.41120609	0.99736523	0.99836937	0.99891200	0.93760309	0.98353435	0.97408498	0.99845102	0.32392388	0.99085507	0.98517468	0.99241499
45	0.99386319	0.96165629	0.99984931	0.99627299	0.41120609	0.99736523	0.99836937	0.99891200	0.93760309	0.98353435	0.97408498	0.99845102	0.32222701	0.99085507	0.98517468	0.99241499
46	0.99386319	0.96165629	0.99984931	0.99627299	0.41120609	0.99736523	0.99836937	0.99891200	0.93760309	0.98353435	0.97408498	0.99845102	0.32222701	0.99953556	0.98517468	0.99241499
47	0.99386319	0.96165629	0.99984931	0.99627299	0.41120609	0.99736523	0.99836937	0.99891200	0.93760309	0.98353435	0.97408498	0.99845102	0.32222701	0.99953556	0.98727746	0.99241499
48	0.99386319	0.96165629	0.99984931	0.99627299	0.41120609	0.99736523	0.99836937	0.99891200	0.93760309	0.98353435	0.97408498	0.99845102	0.32222701	0.99953556	0.98727746	0.99241499
49	0.99801013	0.96165629	0.99984931	0.99627299	0.41120609	0.99736523	0.99836937	0.99891200	0.93760309	0.98353435	0.97408498	0.99845102	0.32222701	0.99953556	0.98727746	0.99241499
50	0.99801013	0.98386627	0.99984931	0.99627299	0.41120609	0.99736523	0.99836937	0.99891200	0.93760309	0.98353435	0.97408498	0.99845102	0.32222701	0.99953556	0.98727746	0.99241499
51	0.99801013	0.98386627	0.99984931	0.99627299	0.41120609	0.99736523	0.99836937	0.99891200	0.93760309	0.98353435	0.97408498	0.99845102	0.32222701	0.99953556	0.98727746	0.99241499
52	0.99801013	0.98386627	0.99984931	0.99627299	0.41120609	0.99736523	0.99836937	0.99891200	0.93760309	0.98353435	0.97408498	0.99845102	0.32222701	0.99953556	0.98727746	0.99241499
53	0.99801013	0.98386627	0.99984931	0.99627299	0.41073804	0.99736523	0.99836937	0.99891200	0.93760309	0.98353435	0.97408498	0.99845102	0.32222701	0.99953556	0.98727746	0.99241499
54	0.99801013	0.98386627	0.99984931	0.99627299	0.41073804	0.99901669	0.99836937	0.99891200	0.93760309	0.98353435	0.97408498	0.99845102	0.32222701	0.99953556	0.98727746	0.99241499
55	0.99801013	0.98386627	0.99984931	0.99627299	0.41073804	0.99901669	0.99836937	0.99891200	0.93760309	0.98353435	0.97408498	0.99845102	0.32222701	0.99953556	0.98727746	0.99241499
56	0.99801013	0.98386627	0.99984931	0.99627299	0.41073804	0.99901669	0.99836937	0.99989716	0.93760309	0.98353435	0.97408498	0.99845102	0.32222701	0.99953556	0.98727746	0.99241499
57	0.99801013	0.98386627	0.99984931	0.99627299	0.41073804	0.99901669	0.99836937	0.99989716	0.94943824	0.98353435	0.97408498	0.99845102	0.32222701	0.99953556	0.98727746	0.99241499
58	0.99801013	0.98386627	0.99984931	0.99627299	0.41073804	0.99901669	0.99836937	0.99989716	0.94943824	0.98860539	0.97408498	0.99845102	0.32222701	0.99953556	0.98727746	0.99241499
59	0.99801013	0.98386627	0.99984931	0.99627299	0.41073804	0.99901669	0.99836937	0.99989716	0.94943824	0.98860539	0.97598501	0.99845102	0.32222701	0.99953556	0.98727746	0.99241499
60	0.99801013	0.98386627	0.99984931	0.99627299	0.41073804	0.99901669	0.99836937	0.99989716	0.94943824	0.98860539	0.97598501	0.99930461	0.32222701	0.99953556	0.98727746	0.99241499
61	0.99801013	0.98386627	0.99984931	0.99627299	0.41073804	0.99901669	0.99836937	0.99989716	0.94943824	0.98860539	0.97598501	0.99930461	0.31845739	0.99953556	0.98727746	0.99241499
62	0.99801013	0.98386627	0.99984931	0.99627299	0.41073804	0.99901669	0.99836937	0.99989716	0.94943824	0.98860539	0.97598501	0.99930461	0.31845739	0.99953556	0.98727746	0.99241499
63	0.99801013	0.98386627	0.99984931	0.99627299	0.41073804	0.99901669	0.99836937	0.99989716	0.94943824	0.98860539	0.97598501	0.99930461	0.31845739	0.99953556	0.99958494	0.99241499
64	0.99801013	0.98386627	0.99984931	0.99627299	0.41073804	0.99901669	0.99836937	0.99989716	0.94943824	0.98860539	0.97598501	0.99930461	0.31845739	0.99953556	0.99958494	0.99865273
65	0.99937806	0.98386627	0.99984931	0.99627299	0.41073804	0.99901669	0.99836937	0.99989716	0.94943824	0.98860539	0.97598501	0.99930461	0.31845739	0.99953556	0.99958494	0.99865273
66	0.99937806	0.98953246	0.99984931	0.99627299	0.41073804	0.99901669	0.99836937	0.99989716	0.94943824	0.98860539	0.97598501	0.99930461	0.31845739	0.99953556	0.99958494	0.99865273
67	0.99937806	0.98953246	0.99984931	0.99627299	0.41073804	0.99901669	0.99836937	0.99989716	0.94943824	0.98860539	0.97598501	0.99930461	0.31845739	0.99953556	0.99958494	0.99865273
68	0.99937806	0.98953246	0.99984931	0.99674725	0.41073804	0.99901669	0.99836937	0.99989716	0.94943824	0.98860539	0.97598501	0.99930461	0.31845739	0.99953556	0.99958494	0.99865273
69	0.99937806	0.98953246	0.99984931	0.99674725	0.41073804	0.99901669	0.99836937	0.99989716	0.94943824	0.98860539	0.97598501	0.99930461	0.31845739	0.99953556	0.99958494	0.99865273
70	0.99937806	0.98953246	0.99984931	0.99674725	0.41073804	0.99736523	0.99836937	0.99989716	0.94943824	0.98860539	0.97598501	0.99930461	0.31845739	0.99953556	0.99958494	0.99865273
71	0.99937806	0.98953246	0.99984931	0.99674725	0.41073804	0.99736523	0.99836937	0.99989716	0.94943824	0.98860539	0.97598501	0.99930461	0.31845739	0.99953556	0.99958494	0.99865273
72	0.99937806	0.98953246	0.99984931	0.99674725	0.41073804	0.99736523	0.99836937	0.99989716	0.94943824	0.98860539	0.97598501	0.99930461	0.31845739	0.99953556	0.99958494	0.99865273
73	0.99937806	0.98953246	0.99984931	0.99674725	0.41073804	0.99736523	0.99836937	0.99989716	0.95324425	0.98860539	0.97598501	0.99930461	0.31845739	0.99953556	0.99958494	0.99865273
74	0.99937806	0.98953246	0.99984931	0.99674725	0.41073804	0.99736523	0.99836937	0.99989716	0.95324425	0.99296448	0.97598501	0.99930461	0.31845739	0.99953556	0.99958494	0.99865273
75	0.99937806	0.98953246	0.99984931	0.99674725	0.41073804	0.99736523	0.99836937	0.99989716	0.95324425	0.99296448	0.97795165	0.99930461	0.31845739	0.99953556	0.99958494	0.99865273
76	0.99937806	0.98953246	0.99984931	0.99674725	0.41073804	0.99736523	0.99836937	0.99989716	0.95324425	0.99296448	0.97795165	0.99930461	0.31845739	0.99953556	0.99958494	0.99865273
77	0.99937806	0.98953246	0.99984931	0.99674725	0.41073804	0.99736523	0.99836937	0.99989716	0.95324425	0.99296448	0.97795165	0.99930461	0.30463561	0.99953556	0.99958494	0.99865273
78	0.99937806	0.98953246	0.99984931	0.99674725	0.41073804	0.99736523	0.99836937	0.99989716	0.95324425	0.99296448	0.97795165	0.99930461	0.30463561	0.99953556	0.99958494	0.99865273
79	0.99937806	0.98953246	0.99984931	0.99674725	0.41073804	0.99736523	0.99836937	0.99989716	0.95324425	0.99296448	0.97795165	0.99930461	0.30463561	0.99953556	0.99958494	0.99865273
80	0.99937806	0.98953246	0.99984931	0.99674725	0.41073804	0.99736523	0.99836937	0.99989716	0.95324425	0.99296448	0.97795165	0.99930461	0.30463561	0.99953556	0.99958494	0.99865273
81	0.99947057	0.98953246	0.99984931	0.99674725	0.41073804	0.99736523	0.99836937	0.99989716	0.95324425	0.99296448	0.97795165	0.99930461	0.30463561	0.99953556	0.99958494	0.99865273
82	0.99947057	0.99810515	0.99984931	0.99674725	0.41073804	0.99736523	0.99836937	0.99989716	0.95324425	0.99296448	0.97795165	0.99930461	0.30463561	0.99953556	0.99958494	0.99865273
83	0.99947057	0.99810515	0.99984931	0.99674725	0.41073804	0.99736523	0.99836937	0.99989716	0.95324425	0.99296448	0.97795165	0.99930461	0.30463561	0.99953556	0.99958494	0.99865273
84	0.99947057	0.99810515	0.99984931	0.99674725	0.41073804	0.99736523	0.99836937	0.99989716	0.95324425	0.99296448	0.97795165	0.99930461	0.30463561	0.99953556	0.99958494	0.99865273
85	0.99947057	0.99810515	0.99984931	0.99674725	0.41045021	0.99736523	0.99836937	0.99989716	0.95324425	0.99296448	0.97795165	0.99930461	0.30463561	0.99953556	0.99958494	0.99865273
86	0.99947057	0.99810515	0.99984931	0.99674725	0.41045021	0.99768139	0.99836937	0.99989716	0.95324425	0.99296448	0.97795165	0.99930461	0.30463561	0.99953556	0.99958494	0.99865273
87	0.99947057	0.99810515	0.99984931	0.99674725	0.41045021	0.99768139	0.99911942	0.99989716	0.95324425	0.99296448	0.97795165	0.99930461	0.30463561	0.99953556	0.99958494	0.99865273
88	0.99947057	0.99810515	0.99984931	0.99674725	0.41045021	0.99768139	0.99911942	0.99989716	0.95324425	0.99296448	0.97795165	0.99930461	0.30463561	0.99953556	0.99958494	0.99865273
89	0.99947057	0.99810515	0.99984931	0.99674725	0.41045021	0.99768139	0.99911942	0.99989716	0.96405348	0.99296448	0.97795165	0.99930461	0.30463561	0.99953556	0.99958494	0.99865273
90	0.99947057	0.99810515	0.99984931	0.99674725	0.41045021	0.99768139	0.99911942	0.99989716	0.96405348	0.99659399	0.97795165	0.99930461	0.30463561	0.99953556	0.99958494	0.99865273
91	0.99947057	0.99810515	0.99984931	0.99674725	0.41045021	0.99768139	0.99911942	0.99989716	0.96405348	0.99659399	0.98253239	0.99930461	0.30463561	0.99953556	0.99958494	0.99865273
92	0.99947057	0.99810515	0.99984931	0.99674725	0.41045021	0.99768139	0.99911942	0.99989716	0.96405348	0.99659399	0.98253239	0.99983526	0.30463561	0.99953556	0.99958494	0.99865273
93	0.99947057	0.99810515	0.99984931	0.99674725	0.41045021	0.99768139	0.99911942	0.99989716	0.96405348	0.99659399	0.98253239	0.99983526	0.30463561	0.99953556	0.99958494	0.99865273
94	0.99947057	0.99810515	0.99984931	0.99674725	0.41045021	0.99768139	0.99911942	0.99989716	0.96405348	0.99659399	0.98253239	0.99983526	0.30463561	0.99953556	0.99958494	0.99865273
95	0.99947057	0.99810515	0.99984931	0.99674725	0.41045021	0.99768139	0.99911942	0.99989716	0.96405348	0.99659399	0.98253239	0.99983526	0.30463561	0.99953556	0.99958494	0.99865273
96	0.99947057	0.99810515	0.99984931	0.99674725	0.41045021	0.99768139	0.99911942	0.99989716	0.96405348	0.99659399	0.98253239	0.99983526	0.30463561	0.99953556	0.99958494	0.99961837
97	0.99952009	0.99810515	0.99984931	0.99674725	0.41045021	0.99768139	0.99911942	0.99989716	0.96405348	0.99659399	0.98253239	0.99983526	0.30463561	0.99953556	0.99958494	0.99961837
98	0.99952009	0.99886845	0.99984931	0.99674725	0.41045021	0.99768139	0.99911942	0.99989716	0.96405348	0.99659399	0.98253239	0.99983526	0.30463561	0.99953556	0.99958494	0.99961837
99	0.99952009	0.99886845	0.99984931	0.99674725	0.41045021	0.99768139	0.99911942	0.99989716	0.96405348	0.99659399	0.98253239	0.99983526	0.30463561	0.99953556	0.99958494	0.99961837
100	0.99952009	0.99886845	0.99984931	0.99941107	0.41045021	0.99768139	0.99911942	0.99989716	0.96405348	0.99659399	0.98253239	0.99983526	0.30463561	0.99953556	0.99958494	0.99961837
101	0.99952009	0.99886845	0.99984931	0.99941107	0.41045021	0.99768139	0.99911942	0.99989716	0.96405348	0.99659399	0.98253239	0.99983526	0.30463561	0.99953556	0.99958494	0.99961837
102	0.99952009	0.99886845	0.99984931	0.99941107	0.41045021	0.99795109	0.99911942	0.99989716	0.96405348	0.99659399	0.98253239	0.99983526	0.30463561	0.99953556	0.99958494	0.99961837
103	0.99952009	0.99886845	0.99984931	0.99941107	0.41045021	0.99795109	0.99969995	0.99989716	0.96405348	0.99659399	0.98253239	0.99983526	0.30463561	0.99953556	0.99958494	0.99961837
104	0.99952009	0.99886845	0.99984931	0.99941107	0.41045021	0.99795109	0.99969995	0.99992981	0.96405348	0.99659399	0.98253239	0.99983526	0.30463561	0.99953556	0.99958494	0.99961837
105	0.99952009	0.99886845	0.99984931	0.99941107	0.41045021	0.99795109	0.99969995	0.99992981	0.99650717	0.99659399	0.98253239	0.99983526	0.30463561	0.99953556	0.99958494	0.99961837
106	0.99952009	0.99886845	0.99984931	0.99941107	0.41045021	0.99795109	0.99969995	0.99992981	0.99650717	0.99910026	0.98253239	0.99983526	0.30463561	0.99953556	0.99958494	0.99961837
107	0.99952009	0.99886845	0.99984931	0.99941107	0.41045021	0.99795109	0.99969995	0.99992981	0.99650717	0.99910026	0.99546183	0.99983526	0.30463561	0.99953556	0.99958494	0.99961837
108	0.99952009	0.99886845	0.99984931	0.99941107	0.41045021	0.99795109	0.99969995	0.99992981	0.99650717	0.99910026	0.99546183	0.99994853	0.30463561	0.99953556	0.99958494	0.99961837
109	0.99952009	0.99886845	0.99984931	0.99941107	0.41045021	0.99795109	0.99969995	0.99992981	0.99650717	0.99910026	0.99546183	0.99994853	0.29798428	0.99953556	0.99958494	0.99961837
110	0.99952009	0.99886845	0.99984931	0.99941107	0.41045021	0.99795109	0.99969995	0.99992981	0.99650717	0.99910026	0.99546183	0.99994853	0.29798428	0.99932473	0.99958494	0.99961837
111	0.99952009	0.99886845	0.99984931	0.99941107	0.41045021	0.99795109	0.99969995	0.99992981	0.99650717	0.99910026	0.99546183	0.99994853	0.29798428	0.99932473	0.99958494	0.99961837
112	0.99952009	0.99886845	0.99984931	0.99941107	0.41045021	0.99795109	0.99969995	0.99992981	0.99650717	0.99910026	0.99546183	0.99994853	0.29798428	0.99932473	0.99958494	0.99938226
113	0.99970295	0.99886845	0.99984931	0.99941107	0.41045021	0.99795109	0.99969995	0.99992981	0.99650717	0.99910026	0.99546183	0.99994853	0.29798428	0.99932473	0.99958494	0.99938226
114	0.99970295	0.99936313	0.99984931	0.99941107	0.41045021	0.99795109	0.99969995	0.99992981	0.99650717	0.99910026	0.99546183	0.99994853	0.29798428	0.99932473	0.99958494	0.99938226
115	0.99970295	0.99936313	0.99984931	0.99941107	0.41045021	0.99795109	0.99969995	0.99992981	0.99650717	0.99910026	0.99546183	0.99994853	0.29798428	0.99932473	0.99958494	0.99938226
116	0.99970295	0.99936313	0.99984931	0.99894987	0.41045021	0.99795109	0.99969995	0.99992981	0.99650717	0.99910026	0.99546183	0.99994853	0.29798428	0.99932473	0.99958494	0.99938226
117	0.99970295	0.99936313	0.99984931	0.99894987	0.40234115	0.99795109	0.99969995	0.99992981	0.99650717	0.99910026	0.99546183	0.99994853	0.29798428	0.99932473	0.99958494	0.99938226
118	0.99970295	0.99936313	0.99984931	0.99894987	0.40234115	0.99975631	0.99969995	0.99992981	0.99650717	0.99910026	0.99546183	0.99994853	0.29798428	0.99932473	0.99958494	0.99938226
119	0.99970295	0.99936313	0.99984931	0.99894987	0.40234115	0.99975631	0.99984222	0.99992981	0.99650717	0.99910026	0.99546183	0.99994853	0.29798428	0.99932473	0.99958494	0.99938226
120	0.99970295	0.99936313	0.99984931	0.99894987	0.40234115	0.99975631	0.99984222	0.99997287	0.99650717	0.99910026	0.99546183	0.99994853	0.29798428	0.99932473	0.99958494	0.99938226
121	0.99970295	0.99936313	0.99984931	0.99894987	0.40234115	0.99975631	0.99984222	0.99997287	0.99700052	0.99910026	0.99546183	0.99994853	0.29798428	0.99932473	0.99958494	0.99938226
122	0.99970295	0.99936313	0.99984931	0.99894987	0.40234115	0.99975631	0.99984222	0.99997287	0.99700052	0.99921023	0.99546183	0.99994853	0.29798428	0.99932473	0.99958494	0.99938226
123	0.99970295	0.99936313	0.99984931	0.99894987	0.40234115	0.99975631	0.99984222	0.99997287	0.99700052	0.99921023	0.99546183	0.99994853	0.29798428	0.99932473	0.99958494	0.99938226
124	0.99970295	0.99936313	0.99984931	0.99894987	0.40234115	0.99975631	0.99984222	0.99997287	0.99700052	0.99921023	0.99546183	0.99994853	0.29798428	0.99932473	0.99958494	0.99938226
125	0.99970295	0.99936313	0.99984931	0.99894987	0.40234115	0.99975631	0.99984222	0.99997287	0.99700052	0.99921023	0.99546183	0.99994853	0.29798428	0.99932473	0.99958494	0.99938226
126	0.99970295	0.99936313	0.99984931	0.99894987	0.40234115	0.99975631	0.99984222	0.99997287	0.99700052	0.99921023	0.99546183	0.99994853	0.29798428	0.99986948	0.99958494	0.99938226
127	0.99970295	0.99936313	0.99984931	0.99894987	0.40234115	0.99975631	0.99984222	0.99997287	0.99700052	0.99921023	0.99546183	0.99994853	0.29798428	0.99986948	0.99958494	0.99938226
128	0.99970295	0.99936313	0.99984931	0.99894987	0.40234115	0.99975631	0.99984222	0.99997287	0.99700052	0.99921023	0.99546183	0.99994853	0.29798428	0.99986948	0.99958494	0.99976420
129	0.99983074	0.99936313	0.99984931	0.99894987	0.40234115	0.99975631	0.99984222	0.99997287	0.99700052	0.99921023	0.99546183	0.99994853	0.29798428	0.99986948	0.99958494	0.99976420
130	0.99983074	0.99937247	0.99984931	0.99894987	0.40234115	0.99975631	0.99984222	0.99997287	0.99700052	0.99921023	0.99546183	0.99994853	0.29798428	0.99986948	0.99958494	0.99976420
131	0.99983074	0.99937247	0.99984931	0.99894987	0.40234115	0.99975631	0.99984222	0.99997287	0.99700052	0.99921023	0.99546183	0.99994853	0.29798428	0.99986948	0.99958494	0.99976420
132	0.99983074	0.99937247	0.99984931	0.99993395	0.40234115	0.99975631	0.99984222	0.99997287	0.99700052	0.99921023	0.99546183	0.99994853	0.29798428	0.99986948	0.99958494	0.99976420
133	0.99983074	0.99937247	0.99984931	0.99993395	0.40234115	0.99975631	0.99984222	0.99997287	0.99700052	0.99921023	0.99546183	0.99994853	0.29798428	0.99986948	0.99958494	0.99976420
134	0.99983074	0.99937247	0.99984931	0.99993395	0.40234115	0.99975631	0.99984222	0.99997287	0.99700052	0.99921023	0.99546183	0.99994853	0.29798428	0.99986948	0.99958494	0.99976420
135	0.99983074	0.99937247	0.99984931	0.99993395	0.40234115	0.99975631	0.99984222	0.99997287	0.99700052	0.99921023	0.99546183	0.99994853	0.29798428	0.99986948	0.99958494	0.99976420
136	0.99983074	0.99937247	0.99984931	0.99993395	0.40234115	0.99975631	0.99984222	0.99997287	0.99700052	0.99921023	0.99546183	0.99994853	0.29798428	0.99986948	0.99958494	0.99976420
137	0.99983074	0.99937247	0.99984931	0.99993395	0.40234115	0.99975631	0.99984222	0.99997287	0.99992198	0.99921023	0.99546183	0.99994853	0.29798428	0.99986948	0.99958494	0.99976420
138	0.99983074	0.99937247	0.99984931	0.99993395	0.40234115	0.99975631	0.99984222	0.99997287	0.99992198	0.99921144	0.99546183	0.99994853	0.29798428	0.99986948	0.99958494	0.99976420
139	0.99983074	0.99937247	0.99984931	0.99993395	0.40234115	0.99975631	0.99984222	0.99997287	0.99992198	0.99921144	0.99588764	0.99994853	0.29798428	0.99986948	0.99958494	0.99976420
140	0.99983074	0.99937247	0.99984931	0.99993395	0.40234115	0.99975631	0.99984222	0.99997287	0.99992198	0.99921144	0.99588764	0.99994853	0.29798428	0.99986948	0.99958494	0.99976420
141	0.99983074	0.99937247	0.99984931	0.99993395	0.40234115	0.99975631	0.99984222	0.99997287	0.99992198	0.99921144	0.99588764	0.99994853	0.29798428	0.99986948	0.99958494	0.99976420
142	0.99983074	0.99937247	0.99984931	0.99993395	0.40234115	0.99975631	0.99984222	0.99997287	0.99992198	0.99921144	0.99588764	0.99994853	0.29798428	0.99967757	0.99958494	0.99976420
143	0.99983074	0.99937247	0.99984931	0.99993395	0.40234115	0.99975631	0.99984222	0.99997287	0.99992198	0.99921144	0.99588764	0.99994853	0.29798428	0.99967757	0.99958494	0.99976420
144	0.99983074	0.99937247	0.99984931	0.99993395	0.40234115	0.99975631	0.99984222	0.99997287	0.99992198	0.99921144	0.99588764	0.99994853	0.29798428	0.99967757	0.99958494	0.99977810
145	0.99983074	0.99937247	0.99984931	0.99993395	0.40234115	0.99975631	0.99984222	0.99997287	0.99992198	0.99921144	0.99588764	0.99994853	0.29798428	0.99967757	0.99958494	0.99977810
146	0.99983074	0.99937247	0.99984931	0.99993395	0.40234115	0.99975631	0.99984222	0.99997287	0.99992198	0.99921144	0.99588764	0.99994853	0.29798428	0.99967757	0.99958494	0.99977810
147	0.99983074	0.99937247	0.99992326	0.99993395	0.40234115	0.99975631	0.99984222	0.99997287	0.99992198	0.99921144	0.99588764	0.99994853	0.29798428	0.99967757	0.99958494	0.99977810
148	0.99983074	0.99937247	0.99992326	0.99988600	0.40234115	0.99975631	0.99984222	0.99997287	0.99992198	0.99921144	0.99588764	0.99994853	0.29798428	0.99967757	0.99958494	0.99977810
149	0.99983074	0.99937247	0.99992326	0.99988600	0.39982290	0.99975631	0.99984222	0.99997287	0.99992198	0.99921144	0.99588764	0.99994853	0.29798428	0.99967757	0.99958494	0.99977810
150	0.99983074	0.99937247	0.99992326	0.99988600	0.39982290	0.99997021	0.99984222	0.99997287	0.99992198	0.99921144	0.99588764	0.99994853	0.29798428	0.99967757	0.99958494	0.99977810
151	0.99983074	0.99937247	0.99992326	0.99988600	0.39982290	0.99997021	0.99998647	0.99997287	0.99992198	0.99921144	0.99588764	0.99994853	0.29798428	0.99967757	0.99958494	0.99977810
152	0.99983074	0.99937247	0.99992326	0.99988600	0.39982290	0.99997021	0.99998647	0.99999577	0.99992198	0.99921144	0.99588764	0.99994853	0.29798428	0.99967757	0.99958494	0.99977810
153	0.99983074	0.99937247	0.99992326	0.99988600	0.39982290	0.99997021	0.99998647	0.99999577	0.99992198	0.99921144	0.99588764	0.99994853	0.29798428	0.99967757	0.99958494	0.99977810
154	0.99983074	0.99937247	0.99992326	0.99988600	0.39982290	0.99997021	0.99998647	0.99999577	0.99992198	0.99939077	0.99588764	0.99994853	0.29798428	0.99967757	0.99958494	0.99977810
155	0.99983074	0.99937247	0.99992326	0.99988600	0.39982290	0.99997021	0.99998647	0.99999577	0.99992198	0.99939077	0.99968935	0.99994853	0.29798428	0.99967757	0.99958494	0.99977810
156	0.99983074	0.99937247	0.99992326	0.99988600	0.39982290	0.99997021	0.99998647	0.99999577	0.99992198	0.99939077	0.99968935	0.99994853	0.29798428	0.99967757	0.99958494	0.99977810
157	0.99983074	0.99937247	0.99992326	0.99988600	0.39982290	0.99997021	0.99998647	0.99999577	0.99992198	0.99939077	0.99968935	0.99994853	0.29948865	0.99967757	0.99958494	0.99977810
158	0.99983074	0.99937247	0.99992326	0.99988600	0.39982290	0.99997021	0.99998647	0.99999577	0.99992198	0.99939077	0.99968935	0.99994853	0.29948865	0.99987252	0.99958494	0.99977810
159	0.99983074	0.99937247	0.99992326	0.99988600	0.39982290	0.99997021	0.99998647	0.99999577	0.99992198	0.99939077	0.99968935	0.99994853	0.29948865	0.99987252	0.99958494	0.99977810
160	0.99983074	0.99937247	0.99992326	0.99988600	0.39982290	0.99997021	0.99998647	0.99999577	0.99992198	0.99939077	0.99968935	0.99994853	0.29948865	0.99987252	0.99958494	0.99989680
161	0.99996010	0.99937247	0.99992326	0.99988600	0.39982290	0.99997021	0.99998647	0.99999577	0.99992198	0.99939077	0.99968935	0.99994853	0.29948865	0.99987252	0.99958494	0.99989680
162	0.99996010	0.99937247	0.99992326	0.99988600	0.39982290	0.99997021	0.99998647	0.99999577	0.99992198	0.99939077	0.99968935	0.99994853	0.29948865	0.99987252	0.99958494	0.99989680
163	0.99996010	0.99937247	0.99999095	0.99988600	0.39982290	0.99997021	0.99998647	0.99999577	0.99992198	0.99939077	0.99968935	0.99994853	0.29948865	0.99987252	0.99958494	0.99989680
164	0.99996010	0.99937247	0.99999095	0.99996684	0.39982290	0.99997021	0.99998647	0.99999577	0.99992198	0.99939077	0.99968935	0.99994853	0.29948865	0.99987252	0.99958494	0.99989680
165	0.99996010	0.99937247	0.99999095	0.99996684	0.39994338	0.99997021	0.99998647	0.99999577	0.99992198	0.99939077	0.99968935	0.99994853	0.29948865	0.99987252	0.99958494	0.99989680
166	0.99996010	0.99937247	0.99999095	0.99996684	0.39994338	0.99999540	0.99998647	0.99999577	0.99992198	0.99939077	0.99968935	0.99994853	0.29948865	0.99987252	0.99958494	0.99989680
167	0.99996010	0.99937247	0.99999095	0.99996684	0.39994338	0.99999540	0.99998647	0.99999577	0.99992198	0.99939077	0.99968935	0.99994853	0.29948865	0.99987252	0.99958494	0.99989680
168	0.99996010	0.99937247	0.99999095	0.99996684	0.39994338	0.99999540	0.99998647	0.99999577	0.99992198	0.99939077	0.99968935	0.99994853	0.29948865	0.99987252	0.99958494	0.99989680
169	0.99996010	0.99937247	0.99999095	0.99996684	0.39994338	0.99999540	0.99998647	0.99999577	0.99999190	0.99939077	0.99968935	0.99994853	0.29948865	0.99987252	0.99958494	0.99989680
170	0.99996010	0.99937247	0.99999095	0.99996684	0.39994338	0.99999540	0.99998647	0.99999577	0.99999190	0.99939921	0.99968935	0.99994853	0.29948865	0.99987252	0.99958494	0.99989680
171	0.99996010	0.99937247	0.99999095	0.99996684	0.39994338	0.99999540	0.99998647	0.99999577	0.99999190	0.99939921	0.99971102	0.99994853	0.29948865	0.99987252	0.99958494	0.99989680
172	0.99996010	0.99937247	0.99999095	0.99996684	0.39994338	0.99999540	0.99998647	0.99999577	0.99999190	0.99939921	0.99971102	0.99994951	0.29948865	0.99987252	0.99958494	0.99989680
173	0.99996010	0.99937247	0.99999095	0.99996684	0.39994338	0.99999540	0.99998647	0.99999577	0.99999190	0.99939921	0.99971102	0.99994951	0.29948865	0.99987252	0.99958494	0.99989680
174	0.99996010	0.99937247	0.99999095	0.99996684	0.39994338	0.99999540	0.99998647	0.99999577	0.99999190	0.99939921	0.99971102	0.99994951	0.29948865	0.99994995	0.99958494	0.99989680
175	0.99996010	0.99937247	0.99999095	0.99996684	0.39994338	0.99999540	0.99998647	0.99999577	0.99999190	0.99939921	0.99971102	0.99994951	0.29948865	0.99994995	0.99965660	0.99989680
176	0.99996010	0.99937247	0.99999095	0.99996684	0.39994338	0.99999540	0.99998647	0.99999577	0.99999190	0.99939921	0.99971102	0.99994951	0.29948865	0.99994995	0.99965660	0.99995967
177	0.99996010	0.99937247	0.99999095	0.99996684	0.39994338	0.99999540	0.99998647	0.99999577	0.99999190	0.99939921	0.99971102	0.99994951	0.29948865	0.99994995	0.99965660	0.99995967
178	0.99996010	0.99987890	0.99999095	0.99996684	0.39994338	0.99999540	0.99998647	0.99999577	0.99999190	0.99939921	0.99971102	0.99994951	0.29948865	0.99994995	0.99965660	0.99995967
179	0.99996010	0.99987890	0.99999095	0.99996684	0.39994338	0.99999540	0.99998647	0.99999577	0.99999190	0.99939921	0.99971102	0.99994951	0.29948865	0.99994995	0.99965660	0.99995967
180	0.99996010	0.99987890	0.99999095	0.99999930	0.39994338	0.99999540	0.99998647	0.99999577	0.99999190	0.99939921	0.99971102	0.99994951	0.29948865	0.99994995	0.99965660	0.99995967
181	0.99996010	0.99987890	0.99999095	0.99999930	0.39994338	0.99999540	0.99998647	0.99999577	0.99999190	0.99939921	0.99971102	0.99994951	0.29948865	0.99994995	0.99965660	0.99995967
182	0.99996010	0.99987890	0.99999095	0.99999930	0.39994338	0.99999648	0.99998647	0.99999577	0.99999190	0.99939921	0.99971102	0.99994951	0.29948865	0.99994995	0.99965660	0.99995967
183	0.99996010	0.99987890	0.99999095	0.99999930	0.39994338	0.99999648	0.99998647	0.99999577	0.99999190	0.99939921	0.99971102	0.99994951	0.29948865	0.99994995	0.99965660	0.99995967
184	0.99996010	0.99987890	0.99999095	0.99999930	0.39994338	0.99999648	0.99998647	0.99999577	0.99999190	0.99939921	0.99971102	0.99994951	0.29948865	0.99994995	0.99965660	0.99995967
185	0.99996010	0.99987890	0.99999095	0.99999930	0.39994338	0.99999648	0.99998647	0.99999577	0.99999190	0.99939921	0.99971102	0.99994951	0.29948865	0.99994995	0.99965660	0.99995967
186	0.99996010	0.99987890	0.99999095	0.99999930	0.39994338	0.99999648	0.99998647	0.99999577	0.99999190	0.99997651	0.99971102	0.99994951	0.29948865	0.99994995	0.99965660	0.99995967
187	0.99996010	0.99987890	0.99999095	0.99999930	0.39994338	0.99999648	0.99998647	0.99999577	0.99999190	0.99997651	0.99988956	0.99994951	0.29948865	0.99994995	0.99965660	0.99995967
188	0.99996010	0.99987890	0.99999095	0.99999930	0.39994338	0.99999648	0.99998647	0.99999577	0.99999190	0.99997651	0.99988956	0.99996471	0.29948865	0.99994995	0.99965660	0.99995967
189	0.99996010	0.99987890	0.99999095	0.99999930	0.39994338	0.99999648	0.99998647	0.99999577	0.99999190	0.99997651	0.99988956	0.99996471	0.29991998	0.99994995	0.99965660	0.99995967
190	0.99996010	0.99987890	0.99999095	0.99999930	0.39994338	0.99999648	0.99998647	0.99999577	0.99999190	0.99997651	0.99988956	0.99996471	0.29991998	0.99997936	0.99965660	0.99995967
191	0.99996010	0.99987890	0.99999095	0.99999930	0.39994338	0.99999648	0.99998647	0.99999577	0.99999190	0.99997651	0.99988956	0.99996471	0.29991998	0.99997936	0.99994355	0.99995967
192	0.99996010	0.99987890	0.99999095	0.99999930	0.39994338	0.99999648	0.99998647	0.99999577	0.99999190	0.99997651	0.99988956	0.99996471	0.29991998	0.99997936	0.99994355	0.99995967
193	0.99996010	0.99987890	0.99999095	0.99999930	0.39994338	0.99999648	0.99998647	0.99999577	0.99999190	0.99997651	0.99988956	0.99996471	0.29991998	0.99997936	0.99994355	0.99995967
194	0.99996010	0.99998911	0.99999095	0.99999930	0.39994338	0.99999648	0.99998647	0.99999577	0.99999190	0.99997651	0.99988956	0.99996471	0.29991998	0.99997936	0.99994355	0.99995967
195	0.99996010	0.99998911	0.99999095	0.99999930	0.39994338	0.99999648	0.99998647	0.99999577	0.99999190	0.99997651	0.99988956	0.99996471	0.29991998	0.99997936	0.99994355	0.99995967
196	0.99996010	0.99998911	0.99999095	0.99999930	0.39994338	0.99999648	0.99998647	0.99999577	0.99999190	0.99997651	0.99988956	0.99996471	0.29991998	0.99997936	0.99994355	0.99995967
197	0.99996010	0.99998911	0.99999095	0.99999930	0.39994338	0.99999648	0.99998647	0.99999577	0.99999190	0.99997651	0.99988956	0.99996471	0.29991998	0.99997936	0.99994355	0.99995967
198	0.99996010	0.99998911	0.99999095	0.99999930	0.39994338	0.99999648	0.99998647	0.99999577	0.99999190	0.99997651	0.99988956	0.99996471	0.29991998	0.99997936	0.99994355	0.99995967
199	0.99996010	0.99998911	0.99999095	0.99999930	0.39994338	0.99999648	0.99998647	0.99999577	0.99999190	0.99997651	0.99988956	0.99996471	0.29991998	0.99997936	0.99994355	0.99995967
200	0.99996010	0.99998911	0.99999095	0.99999930	0.39994338	0.99999648	0.99998647	0.99999577	0.99999190	0.99997651	0.99988956	0.99996471	0.29991998	0.99997936	0.99994355	0.99995967
201	0.99996010	0.99998911	0.99999095	0.99999930	0.39994338	0.99999648	0.99998647	0.99999577	0.99999190	0.99997651	0.99988956	0.99996471	0.29991998	0.99997936	0.99994355	0.99995967
202	0.99996010	0.99998911	0.99999095	0.99999930	0.39994338	0.99999648	0.99998647	0.99999577	0.99999190	0.99997651	0.99988956	0.99996471	0.29991998	0.99997936	0.99994355	0.99995967
203	0.99996010	0.99998911	0.99999095	0.99999930	0.39994338	0.99999648	0.99998647	0.99999577	0.99999190	0.99997651	0.99995246	0.99996471	0.29991998	0.99997936	0.99994355	0.99995967
204	0.99996010	0.99998911	0.99999095	0.99999930	0.39994338	0.99999648	0.99998647	0.99999577	0.99999190	0.99997651	0.99995246	0.99999867	0.29991998	0.99997936	0.99994355	0.99995967
205	0.99996010	0.99998911	0.99999095	0.99999930	0.39994338	0.99999648	0.99998647	0.99999577	0.99999190	0.99997651	0.99995246	0.99999867	0.29991998	0.99997936	0.99994355	0.99995967
206	0.99996010	0.99998911	0.99999095	0.99999930	0.39994338	0.99999648	0.99998647	0.99999577	0.99999190	0.99997651	0.99995246	0.99999867	0.29991998	0.99999826	0.99994355	0.99995967
207	0.99996010	0.99998911	0.99999095	0.99999930	0.39994338	0.99999648	0.99998647	0.99999577	0.99999190	0.99997651	0.99995246	0.99999867	0.29991998	0.99999826	0.99995069	0.99995967
208	0.99996010	0.99998911	0.99999095	0.99999930	0.39994338	0.99999648	0.99998647	0.99999577	0.99999190	0.99997651	0.99995246	0.99999867	0.29991998	0.99999826	0.99995069	0.99997512
209	0.99996019	0.99998911	0.99999095	0.99999930	0.39994338	0.99999648	0.99998647	0.99999577	0.99999190	0.99997651	0.99995246	0.99999867	0.29991998	0.99999826	0.99995069	0.99997512
210	0.99996019	0.99998911	0.99999095	0.99999930	0.39994338	0.99999648	0.99998647	0.99999577	0.99999190	0.99997651	0.99995246	0.99999867	0.29991998	0.99999826	0.99995069	0.99997512
211	0.99996019	0.99998911	0.99999095	0.99999930	0.39994338	0.99999648	0.99998647	0.99999577	0.99999190	0.99997651	0.99995246	0.99999867	0.29991998	0.99999826	0.99995069	0.99997512
212	0.99996019	0.99998911	0.99999095	0.99999930	0.39994338	0.99999648	0.99998647	0.99999577	0.99999190	0.99997651	0.99995246	0.99999867	0.29991998	0.99999826	0.99995069	0.99997512
213	0.99996019	0.99998911	0.99999095	0.99999930	0.39994338	0.99999648	0.99998647	0.99999577	0.99999190	0.99997651	0.99995246	0.99999867	0.29991998	0.99999826	0.99995069	0.99997512
214	0.99996019	0.99998911	0.99999095	0.99999930	0.39994338	0.99999739	0.99998647	0.99999577	0.99999190	0.99997651	0.99995246	0.99999867	0.29991998	0.99999826	0.99995069	0.99997512
215	0.99996019	0.99998911	0.99999095	0.99999930	0.39994338	0.99999739	0.99998928	0.99999577	0.99999190	0.99997651	0.99995246	0.99999867	0.29991998	0.99999826	0.99995069	0.99997512
216	0.99996019	0.99998911	0.99999095	0.99999930	0.39994338	0.99999739	0.99998928	0.99999634	0.99999190	0.99997651	0.99995246	0.99999867	0.29991998	0.99999826	0.99995069	0.99997512
217	0.99996019	0.99998911	0.99999095	0.99999930	0.39994338	0.99999739	0.99998928	0.99999634	0.99999190	0.99997651	0.99995246	0.99999867	0.29991998	0.99999826	0.99995069	0.99997512
218	0.99996019	0.99998911	0.99999095	0.99999930	0.39994338	0.99999739	0.99998928	0.99999634	0.99999190	0.99997651	0.99995246	0.99999867	0.29991998	0.99999826	0.99995069	0.99997512
219	0.99996019	0.99998911	0.99999095	0.99999930	0.39994338	0.99999739	0.99998928	0.99999634	0.99999190	0.99997651	0.99996085	0.99999867	0.29991998	0.99999826	0.99995069	0.99997512
220	0.99996019	0.99998911	0.99999095	0.99999930	0.39994338	0.99999739	0.99998928	0.99999634	0.99999190	0.99997651	0.99996085	0.99999867	0.29991998	0.99999826	0.99995069	0.99997512
221	0.99996019	0.99998911	0.99999095	0.99999930	0.39994338	0.99999739	0.99998928	0.99999634	0.99999190	0.99997651	0.99996085	0.99999867	0.30004185	0.99999826	0.99995069	0.99997512
222	0.99996019	0.99998911	0.99999095	0.99999930	0.39994338	0.99999739	0.99998928	0.99999634	0.99999190	0.99997651	0.99996085	0.99999867	0.30004185	0.99999826	0.99995069	0.99997512
223	0.99996019	0.99998911	0.99999095	0.99999930	0.39994338	0.99999739	0.99998928	0.99999634	0.99999190	0.99997651	0.99996085	0.99999867	0.30004185	0.99999826	0.99997704	0.99997512
224	0.99996019	0.99998911	0.99999095	0.99999930	0.39994338	0.99999739	0.99998928	0.99999634	0.99999190	0.99997651	0.99996085	0.99999867	0.30004185	0.99999826	0.99997704	0.99998785
225	0.99996075	0.99998911	0.99999095	0.99999930	0.39994338	0.99999739	0.99998928	0.99999634	0.99999190	0.99997651	0.99996085	0.99999867	0.30004185	0.99999826	0.99997704	0.99998785
226	0.99996075	0.99998911	0.99999095	0.99999930	0.39994338	0.99999739	0.99998928	0.99999634	0.99999190	0.99997651	0.99996085	0.99999867	0.30004185	0.99999826	0.99997704	0.99998785
227	0.99996075	0.99998911	0.99999095	0.99999930	0.39994338	0.99999739	0.99998928	0.99999634	0.99999190	0.99997651	0.99996085	0.99999867	0.30004185	0.99999826	0.99997704	0.99998785
228	0.99996075	0.99998911	0.99999095	0.99999930	0.39994338	0.99999739	0.99998928	0.99999634	0.99999190	0.99997651	0.99996085	0.99999867	0.30004185	0.99999826	0.99997704	0.99998785
229	0.99996075	0.99998911	0.99999095	0.99999930	0.39994338	0.99999739	0.99998928	0.99999634	0.99999190	0.99997651	0.99996085	0.99999867	0.30004185	0.99999826	0.99997704	0.99998785
230	0.99996075	0.99998911	0.99999095	0.99999930	0.39994338	0.99999739	0.99998928	0.99999634	0.99999190	0.99997651	0.99996085	0.99999867	0.30004185	0.99999826	0.99997704	0.99998785
231	0.99996075	0.99998911	0.99999095	0.99999930	0.39994338	0.99999739	0.99999869	0.99999634	0.99999190	0.99997651	0.99996085	0.99999867	0.30004185	0.99999826	0.99997704	0.99998785
232	0.99996075	0.99998911	0.99999095	0.99999930	0.39994338	0.99999739	0.99999869	0.99999634	0.99999190	0.99997651	0.99996085	0.99999867	0.30004185	0.99999826	0.99997704	0.99998785
233	0.99996075	0.99998911	0.99999095	0.99999930	0.39994338	0.99999739	0.99999869	0.99999634	0.99999190	0.99997651	0.99996085	0.99999867	0.30004185	0.99999826	0.99997704	0.99998785
234	0.99996075	0.99998911	0.99999095	0.99999930	0.39994338	0.99999739	0.99999869	0.99999634	0.99999190	0.99998929	0.99996085	0.99999867	0.30004185	0.99999826	0.99997704	0.99998785
235	0.99996075	0.99998911	0.99999095	0.99999930	0.39994338	0.99999739	0.99999869	0.99999634	0.99999190	0.99998929	0.99996085	0.99999867	0.30004185	0.99999826	0.99997704	0.99998785
236	0.99996075	0.99998911	0.99999095	0.99999930	0.39994338	0.99999739	0.99999869	0.99999634	0.99999190	0.99998929	0.99996085	0.99999867	0.30004185	0.99999826	0.99997704	0.99998785
237	0.99996075	0.99998911	0.99999095	0.99999930	0.39994338	0.99999739	0.99999869	0.99999634	0.99999190	0.99998929	0.99996085	0.99999867	0.30004185	0.99999826	0.99997704	0.99998785
238	0.99996075	0.99998911	0.99999095	0.99999930	0.39994338	0.99999739	0.99999869	0.99999634	0.99999190	0.99998929	0.99996085	0.99999867	0.30004185	0.99999826	0.99997704	0.99998785
239	0.99996075	0.99998911	0.99999095	0.99999930	0.39994338	0.99999739	0.99999869	0.99999634	0.99999190	0.99998929	0.99996085	0.99999867	0.30004185	0.99999826	0.99997918	0.99998785
240	0.99996075	0.99998911	0.99999095	0.99999930	0.39994338	0.99999739	0.99999869	0.99999634	0.99999190	0.99998929	0.99996085	0.99999867	0.30004185	0.99999826	0.99997918	0.99999168
241	0.99998064	0.99998911	0.99999095	0.99999930	0.39994338	0.99999739	0.99999869	0.99999634	0.99999190	0.99998929	0.99996085	0.99999867	0.30004185	0.99999826	0.99997918	0.99999168
242	0.99998064	0.99998911	0.99999095	0.99999930	0.39994338	0.99999739	0.99999869	0.99999634	0.99999190	0.99998929	0.99996085	0.99999867	0.30004185	0.99999826	0.99997918	0.99999168
243	0.99998064	0.99998911	0.99999095	0.99999930	0.39994338	0.99999739	0.99999869	0.99999634	0.99999190	0.99998929	0.99996085	0.99999867	0.30004185	0.99999826	0.99997918	0.99999168
244	0.99998064	0.99998911	0.99999095	0.99999930	0.39994338	0.99999739	0.99999869	0.99999634	0.99999190	0.99998929	0.99996085	0.99999867	0.30004185	0.99999826	0.99997918	0.99999168
245	0.99998064	0.99998911	0.99999095	0.99999930	0.39994338	0.99999739	0.99999869	0.99999634	0.99999190	0.99998929	0.99996085	0.99999867	0.30004185	0.99999826	0.99997918	0.99999168
246	0.99998064	0.99998911	0.99999095	0.99999930	0.39994338	0.99999739	0.99999869	0.99999634	0.99999190	0.99998929	0.99996085	0.99999867	0.30004185	0.99999826	0.99997918	0.99999168
247	0.99998064	0.99998911	0.99999095	0.99999930	0.39994338	0.99999739	0.99999869	0.99999634	0.99999190	0.99998929	0.99996085	0.99999867	0.30004185	0.99999826	0.99997918	0.99999168
248	0.99998064	0.99998911	0.99999095	0.99999930	0.39994338	0.99999739	0.99999869	0.99999634	0.99999190	0.99998929	0.99996085	0.99999867	0.30004185	0.99999826	0.99997918	0.99999168
249	0.99998064	0.99998911	0.99999095	0.99999930	0.39994338	0.99999739	0.99999869	0.99999634	0.99999190	0.99998929	0.99996085	0.99999867	0.30004185	0.99999826	0.99997918	0.99999168
250	0.99998064	0.99998911	0.99999095	0.99999930	0.39994338	0.99999739	0.99999869	0.99999634	0.99999190	0.99999505	0.99996085	0.99999867	0.30004185	0.99999826	0.99997918	0.99999168
251	0.99998064	0.99998911	0.99999095	0.99999930	0.39994338	0.99999739	0.99999869	0.99999634	0.99999190	0.99999505	0.99999593	0.99999867	0.30004185	0.99999826	0.99997918	0.99999168
252	0.99998064	0.99998911	0.99999095	0.99999930	0.39994338	0.99999739	0.99999869	0.99999634	0.99999190	0.99999505	0.99999593	0.99999867	0.30004185	0.99999826	0.99997918	0.99999168
253	0.99998064	0.99998911	0.99999095	0.99999930	0.39994338	0.99999739	0.99999869	0.99999634	0.99999190	0.99999505	0.99999593	0.99999867	0.30004185	0.99999826	0.99997918	0.99999168
254	0.99998064	0.99998911	0.99999095	0.99999930	0.39994338	0.99999739	0.99999869	0.99999634	0.99999190	0.99999505	0.99999593	0.99999867	0.30004185	0.99999826	0.99997918	0.99999168
255	0.99998064	0.99998911	0.99999095	0.99999930	0.39994338	0.99999739	0.99999869	0.99999634	0.99999190	0.99999505	0.99999593	0.99999867	0.30004185	0.99999826	0.99997918	0.99999168
256	0.99998064	0.99998911	0.99999095	0.99999930	0.39994338	0.99999739	0.99999869	0.99999634	0.99999190	0.99999505	0.99999593	0.99999867	0.30004185	0.99999826	0.99997918	0.99999168
257	0.99998064	0.99998911	0.99999095	0.99999930	0.39994338	0.99999739	0.99999869	0.99999634	0.99999190	0.99999505	0.99999593	0.99999867	0.30004185	0.99999826	0.99997918	0.99999168
258	0.99998064	0.99998911	0.99999095	0.99999930	0.39994338	0.99999739	0.99999869	0.99999634	0.99999190	0.99999505	0.99999593	0.99999867	0.30004185	0.99999826	0.99997918	0.99999168
259	0.99998064	0.99998911	0.99999095	0.99999930	0.39994338	0.99999739	0.99999869	0.99999634	0.99999190	0.99999505	0.99999593	0.99999867	0.30004185	0.99999826	0.99997918	0.99999168
260	0.99998064	0.99998911	0.99999095	0.99999930	0.39994338	0.99999739	0.99999869	0.99999634	0.99999190	0.99999505	0.99999593	0.99999867	0.30004185	0.99999826	0.99997918	0.99999168
261	0.99998064	0.99998911	0.99999095	0.99999930	0.40004479	0.99999739	0.99999869	0.99999634	0.99999190	0.99999505	0.99999593	0.99999867	0.30004185	0.99999826	0.99997918	0.99999168
262	0.99998064	0.99998911	0.99999095	0.99999930	0.40004479	0.99999707	0.99999869	0.99999634	0.99999190	0.99999505	0.99999593	0.99999867	0.30004185	0.99999826	0.99997918	0.99999168
263	0.99998064	0.99998911	0.99999095	0.99999930	0.40004479	0.99999707	0.99999869	0.99999634	0.99999190	0.99999505	0.99999593	0.99999867	0.30004185	0.99999826	0.99997918	0.99999168
264	0.99998064	0.99998911	0.99999095	0.99999930	0.40004479	0.99999707	0.99999869	0.99999634	0.99999190	0.99999505	0.99999593	0.99999867	0.30004185	0.99999826	0.99997918	0.99999168
265	0.99998064	0.99998911	0.99999095	0.99999930	0.40004479	0.99999707	0.99999869	0.99999634	0.99999190	0.99999505	0.99999593	0.99999867	0.30004185	0.99999826	0.99997918	0.99999168
266	0.99998064	0.99998911	0.99999095	0.99999930	0.40004479	0.99999707	0.99999869	0.99999634	0.99999190	0.99999505	0.99999593	0.99999867	0.30004185	0.99999826	0.99997918	0.99999168
267	0.99998064	0.99998911	0.99999095	0.99999930	0.40004479	0.99999707	0.99999869	0.99999634	0.99999190	0.99999505	0.99997829	0.99999867	0.30004185	0.99999826	0.99997918	0.99999168
268	0.99998064	0.99998911	0.99999095	0.99999930	0.40004479	0.99999707	0.99999869	0.99999634	0.99999190	0.99999505	0.99997829	0.99999867	0.30004185	0.99999826	0.99997918	0.99999168
269	0.99998064	0.99998911	0.99999095	0.99999930	0.40004479	0.99999707	0.99999869	0.99999634	0.99999190	0.99999505	0.99997829	0.99999867	0.30004185	0.99999826	0.99997918	0.99999168
270	0.99998064	0.99998911	0.99999095	0.99999930	0.40004479	0.99999707	0.99999869	0.99999634	0.99999190	0.99999505	0.99997829	0.99999867	0.30004185	0.99999826	0.99997918	0.99999168
271	0.99998064	0.99998911	0.99999095	0.99999930	0.40004479	0.99999707	0.99999869	0.99999634	0.99999190	0.99999505	0.99997829	0.99999867	0.30004185	0.99999826	0.99999499	0.99999168
272	0.99998064	0.99998911	0.99999095	0.99999930	0.40004479	0.99999707	0.99999869	0.99999634	0.99999190	0.99999505	0.99997829	0.99999867	0.30004185	0.99999826	0.99999499	0.99999786
273	0.99999405	0.99998911	0.99999095	0.99999930	0.40004479	0.99999707	0.99999869	0.99999634	0.99999190	0.99999505	0.99997829	0.99999867	0.30004185	0.99999826	0.99999499	0.99999786
274	0.99999405	0.99998911	0.99999095	0.99999930	0.40004479	0.99999707	0.99999869	0.99999634	0.99999190	0.99999505	0.99997829	0.99999867	0.30004185	0.99999826	0.99999499	0.99999786
275	0.99999405	0.99998911	0.99999594	0.99999930	0.40004479	0.99999707	0.99999869	0.99999634	0.99999190	0.99999505	0.99997829	0.99999867	0.30004185	0.99999826	0.99999499	0.99999786
276	0.99999405	0.99998911	0.99999594	0.99999595	0.40004479	0.99999707	0.99999869	0.99999634	0.99999190	0.99999505	0.99997829	0.99999867	0.30004185	0.99999826	0.99999499	0.99999786
277	0.99999405	0.99998911	0.99999594	0.99999595	0.40004479	0.99999707	0.99999869	0.99999634	0.99999190	0.99999505	0.99997829	0.99999867	0.30004185	0.99999826	0.99999499	0.99999786
278	0.99999405	0.99998911	0.99999594	0.99999595	0.40004479	0.99999707	0.99999869	0.99999634	0.99999190	0.99999505	0.99997829	0.99999867	0.30004185	0.99999826	0.99999499	0.99999786
279	0.99999405	0.99998911	0.99999594	0.99999595	0.40004479	0.99999707	0.99999869	0.99999634	0.99999190	0.99999505	0.99997829	0.99999867	0.30004185	0.99999826	0.99999499	0.99999786
280	0.99999405	0.99998911	0.99999594	0.99999595	0.40004479	0.99999707	0.99999869	0.99999685	0.99999190	0.99999505	0.99997829	0.99999867	0.30004185	0.99999826	0.99999499	0.99999786
281	0.99999405	0.99998911	0.99999594	0.99999595	0.40004479	0.99999707	0.99999869	0.99999685	0.99999190	0.99999505	0.99997829	0.99999867	0.30004185	0.99999826	0.99999499	0.99999786
282	0.99999405	0.99998911	0.99999594	0.99999595	0.40004479	0.99999707	0.99999869	0.99999685	0.99999190	0.99999632	0.99997829	0.99999867	0.30004185	0.99999826	0.99999499	0.99999786
283	0.99999405	0.99998911	0.99999594	0.99999595	0.40004479	0.99999707	0.99999869	0.99999685	0.99999190	0.99999632	0.99997829	0.99999867	0.30004185	0.99999826	0.99999499	0.99999786
284	0.99999405	0.99998911	0.99999594	0.99999595	0.40004479	0.99999707	0.99999869	0.99999685	0.99999190	0.99999632	0.99997829	0.99999964	0.30004185	0.99999826	0.99999499	0.99999786
285	0.99999405	0.99998911	0.99999594	0.99999595	0.40004479	0.99999707	0.99999869	0.99999685	0.99999190	0.99999632	0.99997829	0.99999964	0.30004185	0.99999826	0.99999499	0.99999786
286	0.99999405	0.99998911	0.99999594	0.99999595	0.40004479	0.99999707	0.99999869	0.99999685	0.99999190	0.99999632	0.99997829	0.99999964	0.30004185	0.99999826	0.99999499	0.99999786
287	0.99999405	0.99998911	0.99999594	0.99999595	0.40004479	0.99999707	0.99999869	0.99999685	0.99999190	0.99999632	0.99997829	0.99999964	0.30004185	0.99999826	0.99999499	0.99999786
288	0.99999405	0.99998911	0.99999594	0.99999595	0.40004479	0.99999707	0.99999869	0.99999685	0.99999190	0.99999632	0.99997829	0.99999964	0.30004185	0.99999826	0.99999499	0.99999438
289	0.99999405	0.99998911	0.99999594	0.99999595	0.40004479	0.99999707	0.99999869	0.99999685	0.99999190	0.99999632	0.99997829	0.99999964	0.30004185	0.99999826	0.99999499	0.99999438
290	0.99999405	0.99999153	0.99999594	0.99999595	0.40004479	0.99999707	0.99999869	0.99999685	0.99999190	0.99999632	0.99997829	0.99999964	0.30004185	0.99999826	0.99999499	0.99999438
291	0.99999405	0.99999153	0.99999594	0.99999595	0.40004479	0.99999707	0.99999869	0.99999685	0.99999190	0.99999632	0.99997829	0.99999964	0.30004185	0.99999826	0.99999499	0.99999438
292	0.99999405	0.99999153	0.99999594	0.99999595	0.40004479	0.99999707	0.99999869	0.99999685	0.99999190	0.99999632	0.99997829	0.99999964	0.30004185	0.99999826	0.99999499	0.99999438
293	0.99999405	0.99999153	0.99999594	0.99999595	0.40004479	0.99999707	0.99999869	0.99999685	0.99999190	0.99999632	0.99997829	0.99999964	0.30004185	0.99999826	0.99999499	0.99999438
294	0.99999405	0.99999153	0.99999594	0.99999595	0.40004479	0.99999707	0.99999869	0.99999685	0.99999190	0.99999632	0.99997829	0.99999964	0.30004185	0.99999826	0.99999499	0.99999438
295	0.99999405	0.99999153	0.99999594	0.99999595	0.40004479	0.99999707	0.99999997	0.99999685	0.99999190	0.99999632	0.99997829	0.99999964	0.30004185	0.99999826	0.99999499	0.99999438
296	0.99999405	0.99999153	0.99999594	0.99999595	0.40004479	0.99999707	0.99999997	0.99999685	0.99999190	0.99999632	0.99997829	0.99999964	0.30004185	0.99999826	0.99999499	0.99999438
297	0.99999405	0.99999153	0.99999594	0.99999595	0.40004479	0.99999707	0.99999997	0.99999685	0.99999190	0.99999632	0.99997829	0.99999964	0.30004185	0.99999826	0.99999499	0.99999438
298	0.99999405	0.99999153	0.99999594	0.99999595	0.40004479	0.99999707	0.99999997	0.99999685	0.99999190	0.99999790	0.99997829	0.99999964	0.30004185	0.99999826	0.99999499	0.99999438
299	0.99999405	0.99999153	0.99999594	0.99999595	0.40004479	0.99999707	0.99999997	0.99999685	0.99999190	0.99999790	0.99997719	0.99999964	0.30004185	0.99999826	0.99999499	0.99999438
300	0.99999405	0.99999153	0.99999594	0.99999595	0.40004479	0.99999707	0.99999997	0.99999685	0.99999190	0.99999790	0.99997719	0.99999964	0.30004185	0.99999826	0.99999499	0.99999438
301	0.99999405	0.99999153	0.99999594	0.99999595	0.40004479	0.99999707	0.99999997	0.99999685	0.99999190	0.99999790	0.99997719	0.99999964	0.30004185	0.99999826	0.99999499	0.99999438
302	0.99999405	0.99999153	0.99999594	0.99999595	0.40004479	0.99999707	0.99999997	0.99999685	0.99999190	0.99999790	0.99997719	0.99999964	0.30004185	0.99999826	0.99999499	0.99999438
303	0.99999405	0.99999153	0.99999594	0.99999595	0.40004479	0.99999707	0.99999997	0.99999685	0.99999190	0.99999790	0.99997719	0.99999964	0.30004185	0.99999826	0.99999499	0.99999438
304	0.99999405	0.99999153	0.99999594	0.99999595	0.40004479	0.99999707	0.99999997	0.99999685	0.99999190	0.99999790	0.99997719	0.99999964	0.30004185	0.99999826	0.99999499	0.99999500
305	0.99999003	0.99999153	0.99999594	0.99999595	0.40004479	0.99999707	0.99999997	0.99999685	0.99999190	0.99999790	0.99997719	0.99999964	0.30004185	0.99999826	0.99999499	0.99999500
306	0.99999003	0.99999153	0.99999594	0.99999595	0.40004479	0.99999707	0.99999997	0.99999685	0.99999190	0.99999790	0.99997719	0.99999964	0.30004185	0.99999826	0.99999499	0.99999500
307	0.99999003	0.99999153	0.99999594	0.99999595	0.40004479	0.99999707	0.99999997	0.99999685	0.99999190	0.99999790	0.99997719	0.99999964	0.30004185	0.99999826	0.99999499	0.99999500
308	0.99999003	0.99999153	0.99999594	0.99999595	0.40004479	0.99999707	0.99999997	0.99999685	0.99999190	0.99999790	0.99997719	0.99999964	0.30004185	0.99999826	0.99999499	0.99999500
309	0.99999003	0.99999153	0.99999594	0.99999595	0.40004479	0.99999707	0.99999997	0.99999685	0.99999190	0.99999790	0.99997719	0.99999964	0.30004185	0.99999826	0.99999499	0.99999500
310	0.99999003	0.99999153	0.99999594	0.99999595	0.40004479	0.99999412	0.99999997	0.99999685	0.99999190	0.99999790	0.99997719	0.99999964	0.30004185	0.99999826	0.99999499	0.99999500
311	0.99999003	0.99999153	0.99999594	0.99999595	0.40004479	0.99999412	0.99999997	0.99999685	0.99999190	0.99999790	0.99997719	0.99999964	0.30004185	0.99999826	0.99999499	0.99999500
312	0.99999003	0.99999153	0.99999594	0.99999595	0.40004479	0.99999412	0.99999997	0.99999857	0.99999190	0.99999790	0.99997719	0.99999964	0.30004185	0.99999826	0.99999499	0.99999500
313	0.99999003	0.99999153	0.99999594	0.99999595	0.40004479	0.99999412	0.99999997	0.99999857	0.99999239	0.99999790	0.99997719	0.99999964	0.30004185	0.99999826	0.99999499	0.99999500
314	0.99999003	0.99999153	0.99999594	0.99999595	0.40004479	0.99999412	0.99999997	0.99999857	0.99999239	0.99999790	0.99997719	0.99999964	0.30004185	0.99999826	0.99999499	0.99999500
315	0.99999003	0.99999153	0.99999594	0.99999595	0.40004479	0.99999412	0.99999997	0.99999857	0.99999239	0.99999790	0.99997469	0.99999964	0.30004185	0.99999826	0.99999499	0.99999500
316	0.99999003	0.99999153	0.99999594	0.99999595	0.40004479	0.99999412	0.99999997	0.99999857	0.99999239	0.99999790	0.99997469	0.99999964	0.30004185	0.99999826	0.99999499	0.99999500
317	0.99999003	0.99999153	0.99999594	0.99999595	0.40004479	0.99999412	0.99999997	0.99999857	0.99999239	0.99999790	0.99997469	0.99999964	0.30004185	0.99999826	0.99999499	0.99999500
318	0.99999003	0.99999153	0.99999594	0.99999595	0.40004479	0.99999412	0.99999997	0.99999857	0.99999239	0.99999790	0.99997469	0.99999964	0.30004185	0.99999819	0.99999499	0.99999500
319	0.99999003	0.99999153	0.99999594	0.99999595	0.40004479	0.99999412	0.99999997	0.99999857	0.99999239	0.99999790	0.99997469	0.99999964	0.30004185	0.99999819	0.99999626	0.99999500
320	0.99999003	0.99999153	0.99999594	0.99999595	0.40004479	0.99999412	0.99999997	0.99999857	0.99999239	0.99999790	0.99997469	0.99999964	0.30004185	0.99999819	0.99999626	0.99999572
321	0.99999003	0.99999153	0.99999594	0.99999595	0.40004479	0.99999412	0.99999997	0.99999857	0.99999239	0.99999790	0.99997469	0.99999964	0.30004185	0.99999819	0.99999626	0.99999572
322	0.99999003	0.99999641	0.99999594	0.99999595	0.40004479	0.99999412	0.99999997	0.99999857	0.99999239	0.99999790	0.99997469	0.99999964	0.30004185	0.99999819	0.99999626	0.99999572
323	0.99999003	0.99999641	0.99999594	0.99999595	0.40004479	0.99999412	0.99999997	0.99999857	0.99999239	0.99999790	0.99997469	0.99999964	0.30004185	0.99999819	0.99999626	0.99999572
324	0.99999003	0.99999641	0.99999594	0.99999595	0.40004479	0.99999412	0.99999997	0.99999857	0.99999239	0.99999790	0.99997469	0.99999964	0.30004185	0.99999819	0.99999626	0.99999572
325	0.99999003	0.99999641	0.99999594	0.99999595	0.40004479	0.99999412	0.99999997	0.99999857	0.99999239	0.99999790	0.99997469	0.99999964	0.30004185	0.99999819	0.99999626	0.99999572
326	0.99999003	0.99999641	0.99999594	0.99999595	0.40004479	0.99999412	0.99999997	0.99999857	0.99999239	0.99999790	0.99997469	0.99999964	0.30004185	0.99999819	0.99999626	0.99999572
327	0.99999003	0.99999641	0.99999594	0.99999595	0.40004479	0.99999412	0.99999997	0.99999857	0.99999239	0.99999790	0.99997469	0.99999964	0.30004185	0.99999819	0.99999626	0.99999572
328	0.99999003	0.99999641	0.99999594	0.99999595	0.40004479	0.99999412	0.99999997	0.99999857	0.99999239	0.99999790	0.99997469	0.99999964	0.30004185	0.99999819	0.99999626	0.99999572
329	0.99999003	0.99999641	0.99999594	0.99999595	0.40004479	0.99999412	0.99999997	0.99999857	0.99999239	0.99999790	0.99997469	0.99999964	0.30004185	0.99999819	0.99999626	0.99999572
330	0.99999003	0.99999641	0.99999594	0.99999595	0.40004479	0.99999412	0.99999997	0.99999857	0.99999239	0.99999942	0.99997469	0.99999964	0.30004185	0.99999819	0.99999626	0.99999572
331	0.99999003	0.99999641	0.99999594	0.99999595	0.40004479	0.99999412	0.99999997	0.99999857	0.99999239	0.99999942	0.99997469	0.99999964	0.30004185	0.99999819	0.99999626	0.99999572
332	0.99999003	0.99999641	0.99999594	0.99999595	0.40004479	0.99999412	0.99999997	0.99999857	0.99999239	0.99999942	0.99997469	0.99999964	0.30004185	0.99999819	0.99999626	0.99999572
333	0.99999003	0.99999641	0.99999594	0.99999595	0.40004479	0.99999412	0.99999997	0.99999857	0.99999239	0.99999942	0.99997469	0.99999964	0.30004047	0.99999819	0.99999626	0.99999572
334	0.99999003	0.99999641	0.99999594	0.99999595	0.40004479	0.99999412	0.99999997	0.99999857	0.99999239	0.99999942	0.99997469	0.99999964	0.30004047	0.99999819	0.99999626	0.99999572
335	0.99999003	0.99999641	0.99999594	0.99999595	0.40004479	0.99999412	0.99999997	0.99999857	0.99999239	0.99999942	0.99997469	0.99999964	0.30004047	0.99999819	0.99999626	0.99999572
336	0.99999003	0.99999641	0.99999594	0.99999595	0.40004479	0.99999412	0.99999997	0.99999857	0.99999239	0.99999942	0.99997469	0.99999964	0.30004047	0.99999819	0.99999626	0.99999572
337	0.99998829	0.99999641	0.99999594	0.99999595	0.40004479	0.99999412	0.99999997	0.99999857	0.99999239	0.99999942	0.99997469	0.99999964	0.30004047	0.99999819	0.99999626	0.99999572
338	0.99998829	0.99999641	0.99999594	0.99999595	0.40004479	0.99999412	0.99999997	0.99999857	0.99999239	0.99999942	0.99997469	0.99999964	0.30004047	0.99999819	0.99999626	0.99999572
339	0.99998829	0.99999641	0.99999594	0.99999595	0.40004479	0.99999412	0.99999997	0.99999857	0.99999239	0.99999942	0.99997469	0.99999964	0.30004047	0.99999819	0.99999626	0.99999572
340	0.99998829	0.99999641	0.99999594	0.99999595	0.40004479	0.99999412	0.99999997	0.99999857	0.99999239	0.99999942	0.99997469	0.99999964	0.30004047	0.99999819	0.99999626	0.99999572
341	0.99998829	0.99999641	0.99999594	0.99999595	0.40004479	0.99999412	0.99999997	0.99999857	0.99999239	0.99999942	0.99997469	0.99999964	0.30004047	0.99999819	0.99999626	0.99999572
342	0.99998829	0.99999641	0.99999594	0.99999595	0.40004479	0.99999412	0.99999997	0.99999857	0.99999239	0.99999942	0.99997469	0.99999964	0.30004047	0.99999819	0.99999626	0.99999572
343	0.99998829	0.99999641	0.99999594	0.99999595	0.40004479	0.99999412	0.99999997	0.99999857	0.99999239	0.99999942	0.99997469	0.99999964	0.30004047	0.99999819	0.99999626	0.99999572
344	0.99998829	0.99999641	0.99999594	0.99999595	0.40004479	0.99999412	0.99999997	0.99999857	0.99999239	0.99999942	0.99997469	0.99999964	0.30004047	0.99999819	0.99999626	0.99999572
345	0.99998829	0.99999641	0.99999594	0.99999595	0.40004479	0.99999412	0.99999997	0.99999857	0.99999786	0.99999942	0.99997469	0.99999964	0.30004047	0.99999819	0.99999626	0.99999572
346	0.99998829	0.99999641	0.99999594	0.99999595	0.40004479	0.99999412	0.99999997	0.99999857	0.99999786	0.99999976	0.99997469	0.99999964	0.30004047	0.99999819	0.99999626	0.99999572
347	0.99998829	0.99999641	0.99999594	0.99999595	0.40004479	0.99999412	0.99999997	0.99999857	0.99999786	0.99999976	0.99997469	0.99999964	0.30004047	0.99999819	0.99999626	0.99999572
348	0.99998829	0.99999641	0.99999594	0.99999595	0.40004479	0.99999412	0.99999997	0.99999857	0.99999786	0.99999976	0.99997469	0.99999964	0.30004047	0.99999819	0.99999626	0.99999572
349	0.99998829	0.99999641	0.99999594	0.99999595	0.40004479	0.99999412	0.99999997	0.99999857	0.99999786	0.99999976	0.99997469	0.99999964	0.29997316	0.99999819	0.99999626	0.99999572
350	0.99998829	0.99999641	0.99999594	0.99999595	0.40004479	0.99999412	0.99999997	0.99999857	0.99999786	0.99999976	0.99997469	0.99999964	0.29997316	0.99999427	0.99999626	0.99999572
351	0.99998829	0.99999641	0.99999594	0.99999595	0.40004479	0.99999412	0.99999997	0.99999857	0.99999786	0.99999976	0.99997469	0.99999964	0.29997316	0.99999427	0.99999978	0.99999572
352	0.99998829	0.99999641	0.99999594	0.99999595	0.40004479	0.99999412	0.99999997	0.99999857	0.99999786	0.99999976	0.99997469	0.99999964	0.29997316	0.99999427	0.99999978	0.99999572
353	0.99999550	0.99999641	0.99999594	0.99999595	0.40004479	0.99999412	0.99999997	0.99999857	0.99999786	0.99999976	0.99997469	0.99999964	0.29997316	0.99999427	0.99999978	0.99999572
354	0.99999550	0.99999913	0.99999594	0.99999595	0.40004479	0.99999412	0.99999997	0.99999857	0.99999786	0.99999976	0.99997469	0.99999964	0.29997316	0.99999427	0.99999978	0.99999572
355	0.99999550	0.99999913	0.99999594	0.99999595	0.40004479	0.99999412	0.99999997	0.99999857	0.99999786	0.99999976	0.99997469	0.99999964	0.29997316	0.99999427	0.99999978	0.99999572
356	0.99999550	0.99999913	0.99999594	0.99999521	0.40004479	0.99999412	0.99999997	0.99999857	0.99999786	0.99999976	0.99997469	0.99999964	0.29997316	0.99999427	0.99999978	0.99999572
357	0.99999550	0.99999913	0.99999594	0.99999521	0.40004479	0.99999412	0.99999997	0.99999857	0.99999786	0.99999976	0.99997469	0.99999964	0.29997316	0.99999427	0.99999978	0.99999572
358	0.99999550	0.99999913	0.99999594	0.99999521	0.40004479	0.99999412	0.99999997	0.99999857	0.99999786	0.99999976	0.99997469	0.99999964	0.29997316	0.99999427	0.99999978	0.99999572
359	0.99999550	0.99999913	0.99999594	0.99999521	0.40004479	0.99999412	0.99999997	0.99999857	0.99999786	0.99999976	0.99997469	0.99999964	0.29997316	0.99999427	0.99999978	0.99999572
360	0.99999550	0.99999913	0.99999594	0.99999521	0.40004479	0.99999412	0.99999997	0.99999857	0.99999786	0.99999976	0.99997469	0.99999964	0.29997316	0.99999427	0.99999978	0.99999572
361	0.99999550	0.99999913	0.99999594	0.99999521	0.40004479	0.99999412	0.99999997	0.99999857	0.99999786	0.99999976	0.99997469	0.99999964	0.29997316	0.99999427	0.99999978	0.99999572
362	0.99999550	0.99999913	0.99999594	0.99999521	0.40004479	0.99999412	0.99999997	0.99999857	0.99999786	0.99999991	0.99997469	0.99999964	0.29997316	0.99999427	0.99999978	0.99999572
363	0.99999550	0.99999913	0.99999594	0.99999521	0.40004479	0.99999412	0.99999997	0.99999857	0.99999786	0.99999991	0.99997469	0.99999964	0.29997316	0.99999427	0.99999978	0.99999572
364	0.99999550	0.99999913	0.99999594	0.99999521	0.40004479	0.99999412	0.99999997	0.99999857	0.99999786	0.99999991	0.99997469	0.99999964	0.29997316	0.99999427	0.99999978	0.99999572
365	0.99999550	0.99999913	0.99999594	0.99999521	0.40004479	0.99999412	0.99999997	0.99999857	0.99999786	0.99999991	0.99997469	0.99999964	0.29999698	0.99999427	0.99999978	0.99999572
366	0.99999550	0.99999913	0.99999594	0.99999521	0.40004479	0.99999412	0.99999997	0.99999857	0.99999786	0.99999991	0.99997469	0.99999964	0.29999698	0.99999427	0.99999978	0.99999572
367	0.99999550	0.99999913	0.99999594	0.99999521	0.40004479	0.99999412	0.99999997	0.99999857	0.99999786	0.99999991	0.99997469	0.99999964	0.29999698	0.99999427	0.99999978	0.99999572
368	0.99999550	0.99999913	0.99999594	0.99999521	0.40004479	0.99999412	0.99999997	0.99999857	0.99999786	0.99999991	0.99997469	0.99999964	0.29999698	0.99999427	0.99999978	0.99999572
369	0.99999695	0.99999913	0.99999594	0.99999521	0.40004479	0.99999412	0.99999997	0.99999857	0.99999786	0.99999991	0.99997469	0.99999964	0.29999698	0.99999427	0.99999978	0.99999572
370	0.99999695	0.99999913	0.99999594	0.99999521	0.40004479	0.99999412	0.99999997	0.99999857	0.99999786	0.99999991	0.99997469	0.99999964	0.29999698	0.99999427	0.99999978	0.99999572
371	0.99999695	0.99999913	0.99999594	0.99999521	0.40004479	0.99999412	0.99999997	0.99999857	0.99999786	0.99999991	0.99997469	0.99999964	0.29999698	0.99999427	0.99999978	0.99999572
372	0.99999695	0.99999913	0.99999594	0.99999521	0.40004479	0.99999412	0.99999997	0.99999857	0.99999786	0.99999991	0.99997469	0.99999964	0.29999698	0.99999427	0.99999978	0.99999572
373	0.99999695	0.99999913	0.99999594	0.99999521	0.40004479	0.99999412	0.99999997	0.99999857	0.99999786	0.99999991	0.99997469	0.99999964	0.29999698	0.99999427	0.99999978	0.99999572
374	0.99999695	0.99999913	0.99999594	0.99999521	0.40004479	0.99999412	0.99999997	0.99999857	0.99999786	0.99999991	0.99997469	0.99999964	0.29999698	0.99999427	0.99999978	0.99999572
375	0.99999695	0.99999913	0.99999594	0.99999521	0.40004479	0.99999412	0.99999997	0.99999857	0.99999786	0.99999991	0.99997469	0.99999964	0.29999698	0.99999427	0.99999978	0.99999572
376	0.99999695	0.99999913	0.99999594	0.99999521	0.40004479	0.99999412	0.99999997	0.99999857	0.99999786	0.99999991	0.99997469	0.99999964	0.29999698	0.99999427	0.99999978	0.99999572
377	0.99999695	0.99999913	0.99999594	0.99999521	0.40004479	0.99999412	0.99999997	0.99999857	0.99999843	0.99999991	0.99997469	0.99999964	0.29999698	0.99999427	0.99999978	0.99999572
378	0.99999695	0.99999913	0.99999594	0.99999521	0.40004479	0.99999412	0.99999997	0.99999857	0.99999843	0.99999991	0.99997469	0.99999964	0.29999698	0.99999427	0.99999978	0.99999572
379	0.99999695	0.99999913	0.99999594	0.99999521	0.40004479	0.99999412	0.99999997	0.99999857	0.99999843	0.99999991	0.99997469	0.99999964	0.29999698	0.99999427	0.99999978	0.99999572
380	0.99999695	0.99999913	0.99999594	0.99999521	0.40004479	0.99999412	0.99999997	0.99999857	0.99999843	0.99999991	0.99997469	0.99999964	0.29999698	0.99999427	0.99999978	0.99999572
381	0.99999695	0.99999913	0.99999594	0.99999521	0.40004479	0.99999412	0.99999997	0.99999857	0.99999843	0.99999991	0.99997469	0.99999964	0.29999698	0.99999427	0.99999978	0.99999572
382	0.99999695	0.99999913	0.99999594	0.99999521	0.40004479	0.99999412	0.99999997	0.99999857	0.99999843	0.99999991	0.99997469	0.99999964	0.29999698	0.99999427	0.99999978	0.99999572
383	0.99999695	0.99999913	0.99999594	0.99999521	0.40004479	0.99999412	0.99999997	0.99999857	0.99999843	0.99999991	0.99997469	0.99999964	0.29999698	0.99999427	0.99999978	0.99999572
384	0.99999695	0.99999913	0.99999594	0.99999521	0.40004479	0.99999412	0.99999997	0.99999857	0.99999843	0.99999991	0.99997469	0.99999964	0.29999698	0.99999427	0.99999978	0.99999572
385	0.99999778	0.99999913	0.99999594	0.99999521	0.40004479	0.99999412	0.99999997	0.99999857	0.99999843	0.99999991	0.99997469	0.99999964	0.29999698	0.99999427	0.99999978	0.99999572
386	0.99999778	0.99999992	0.99999594	0.99999521	0.40004479	0.99999412	0.99999997	0.99999857	0.99999843	0.99999991	0.99997469	0.99999964	0.29999698	0.99999427	0.99999978	0.99999572
387	0.99999778	0.99999992	0.99999660	0.99999521	0.40004479	0.99999412	0.99999997	0.99999857	0.99999843	0.99999991	0.99997469	0.99999964	0.29999698	0.99999427	0.99999978	0.99999572
388	0.99999778	0.99999992	0.99999660	0.99999521	0.40004479	0.99999412	0.99999997	0.99999857	0.99999843	0.99999991	0.99997469	0.99999964	0.29999698	0.99999427	0.99999978	0.99999572
389	0.99999778	0.99999992	0.99999660	0.99999521	0.40004479	0.99999412	0.99999997	0.99999857	0.99999843	0.99999991	0.99997469	0.99999964	0.29999698	0.99999427	0.99999978	0.99999572
390	0.99999778	0.99999992	0.99999660	0.99999521	0.40004479	0.99999412	0.99999997	0.99999857	0.99999843	0.99999991	0.99997469	0.99999964	0.29999698	0.99999427	0.99999978	0.99999572
391	0.99999778	0.99999992	0.99999660	0.99999521	0.40004479	0.99999412	0.99999997	0.99999857	0.99999843	0.99999991	0.99997469	0.99999964	0.29999698	0.99999427	0.99999978	0.99999572
392	0.99999778	0.99999992	0.99999660	0.99999521	0.40004479	0.99999412	0.99999997	0.99999857	0.99999843	0.99999991	0.99997469	0.99999964	0.29999698	0.99999427	0.99999978	0.99999572
393	0.99999778	0.99999992	0.99999660	0.99999521	0.40004479	0.99999412	0.99999997	0.99999857	0.99999843	0.99999991	0.99997469	0.99999964	0.29999698	0.99999427	0.99999978	0.99999572
394	0.99999778	0.99999992	0.99999660	0.99999521	0.40004479	0.99999412	0.99999997	0.99999857	0.99999843	0.99999991	0.99997469	0.99999964	0.29999698	0.99999427	0.99999978	0.99999572
395	0.99999778	0.99999992	0.99999660	0.99999521	0.40004479	0.99999412	0.99999997	0.99999857	0.99999843	0.99999991	0.99997469	0.99999964	0.29999698	0.99999427	0.99999978	0.99999572
396	0.99999778	0.99999992	0.99999660	0.99999521	0.40004479	0.99999412	0.99999997	0.99999857	0.99999843	0.99999991	0.99997469	0.99999964	0.29999698	0.99999427	0.99999978	0.99999572
397	0.99999778	0.99999992	0.99999660	0.99999521	0.40004479	0.99999412	0.99999997	0.99999857	0.99999843	0.99999991	0.99997469	0.99999964	0.29999698	0.99999427	0.99999978	0.99999572
398	0.99999778	0.99999992	0.99999660	0.99999521	0.40004479	0.99999412	0.99999997	0.99999857	0.99999843	0.99999991	0.99997469	0.99999964	0.29999698	0.99999427	0.99999978	0.99999572
399	0.99999778	0.99999992	0.99999660	0.99999521	0.40004479	0.99999412	0.99999997	0.99999857	0.99999843	0.99999991	0.99997469	0.99999964	0.29999698	0.99999427	0.99999978	0.99999572
400	0.99999778	0.99999992	0.99999660	0.99999521	0.40004479	0.99999412	0.99999997	0.99999857	0.99999843	0.99999991	0.99997469	0.99999964	0.29999698	0.99999427	0.99999978	0.99999572
