0.93509223 	0.77256376 	0.81906444 	0.48292240 	0.61721895 	0.87391976 	0.63148536 	0.26852710 	0.58233463 	0.45902787 	0.16981889 	0.83581902 	0.67853869 	0.09002673 	0.43066379 	0.64842063 	
0.93509223 	0.95582681 	0.81906444 	0.48292240 	0.61721895 	0.87391976 	0.63148536 	0.26852710 	0.58233463 	0.45902787 	0.16981889 	0.83581902 	0.67853869 	0.09002673 	0.43066379 	0.64842063 	
0.93509223 	0.95582681 	0.94599565 	0.48292240 	0.61721895 	0.87391976 	0.63148536 	0.26852710 	0.58233463 	0.45902787 	0.16981889 	0.83581902 	0.67853869 	0.09002673 	0.43066379 	0.64842063 	
0.93509223 	0.95582681 	0.94599565 	0.97025421 	0.61721895 	0.87391976 	0.63148536 	0.26852710 	0.58233463 	0.45902787 	0.16981889 	0.83581902 	0.67853869 	0.09002673 	0.43066379 	0.64842063 	
0.93509223 	0.95582681 	0.94599565 	0.97025421 	0.93555830 	0.87391976 	0.63148536 	0.26852710 	0.58233463 	0.45902787 	0.16981889 	0.83581902 	0.67853869 	0.09002673 	0.43066379 	0.64842063 	
0.93509223 	0.95582681 	0.94599565 	0.97025421 	0.93555830 	0.92002188 	0.63148536 	0.26852710 	0.58233463 	0.45902787 	0.16981889 	0.83581902 	0.67853869 	0.09002673 	0.43066379 	0.64842063 	
0.93509223 	0.95582681 	0.94599565 	0.97025421 	0.93555830 	0.92002188 	0.86564661 	0.26852710 	0.58233463 	0.45902787 	0.16981889 	0.83581902 	0.67853869 	0.09002673 	0.43066379 	0.64842063 	
0.93509223 	0.95582681 	0.94599565 	0.97025421 	0.93555830 	0.92002188 	0.86564661 	0.92698322 	0.58233463 	0.45902787 	0.16981889 	0.83581902 	0.67853869 	0.09002673 	0.43066379 	0.64842063 	
0.93509223 	0.95582681 	0.94599565 	0.97025421 	0.93555830 	0.92002188 	0.86564661 	0.92698322 	0.91979753 	0.45902787 	0.16981889 	0.83581902 	0.67853869 	0.09002673 	0.43066379 	0.64842063 	
0.93509223 	0.95582681 	0.94599565 	0.97025421 	0.93555830 	0.92002188 	0.86564661 	0.92698322 	0.91979753 	0.98424045 	0.16981889 	0.83581902 	0.67853869 	0.09002673 	0.43066379 	0.64842063 	
0.93509223 	0.95582681 	0.94599565 	0.97025421 	0.93555830 	0.92002188 	0.86564661 	0.92698322 	0.91979753 	0.98424045 	0.97689406 	0.83581902 	0.67853869 	0.09002673 	0.43066379 	0.64842063 	
0.93509223 	0.95582681 	0.94599565 	0.97025421 	0.93555830 	0.92002188 	0.86564661 	0.92698322 	0.91979753 	0.98424045 	0.97689406 	0.98078301 	0.67853869 	0.09002673 	0.43066379 	0.64842063 	
0.93509223 	0.95582681 	0.94599565 	0.97025421 	0.93555830 	0.92002188 	0.86564661 	0.92698322 	0.91979753 	0.98424045 	0.97689406 	0.98078301 	0.94986721 	0.09002673 	0.43066379 	0.64842063 	
0.93509223 	0.95582681 	0.94599565 	0.97025421 	0.93555830 	0.92002188 	0.86564661 	0.92698322 	0.91979753 	0.98424045 	0.97689406 	0.98078301 	0.94986721 	0.99510009 	0.43066379 	0.64842063 	
0.93509223 	0.95582681 	0.94599565 	0.97025421 	0.93555830 	0.92002188 	0.86564661 	0.92698322 	0.91979753 	0.98424045 	0.97689406 	0.98078301 	0.94986721 	0.99510009 	0.84916548 	0.64842063 	
0.93509223 	0.95582681 	0.94599565 	0.97025421 	0.93555830 	0.92002188 	0.86564661 	0.92698322 	0.91979753 	0.98424045 	0.97689406 	0.98078301 	0.94986721 	0.99510009 	0.84916548 	0.98127238 	
0.93509223 	0.95582681 	0.94599565 	0.97025421 	0.93555830 	0.92002188 	0.86564661 	0.92698322 	0.91979753 	0.98424045 	0.97689406 	0.98078301 	0.94986721 	0.99510009 	0.84916548 	0.98127238 	
0.93509223 	0.95745631 	0.94599565 	0.97025421 	0.93555830 	0.92002188 	0.86564661 	0.92698322 	0.91979753 	0.98424045 	0.97689406 	0.98078301 	0.94986721 	0.99510009 	0.84916548 	0.98127238 	
0.93509223 	0.95745631 	0.94974273 	0.97025421 	0.93555830 	0.92002188 	0.86564661 	0.92698322 	0.91979753 	0.98424045 	0.97689406 	0.98078301 	0.94986721 	0.99510009 	0.84916548 	0.98127238 	
0.93509223 	0.95745631 	0.94974273 	0.97155009 	0.93555830 	0.92002188 	0.86564661 	0.92698322 	0.91979753 	0.98424045 	0.97689406 	0.98078301 	0.94986721 	0.99510009 	0.84916548 	0.98127238 	
0.93509223 	0.95745631 	0.94974273 	0.97155009 	0.96096887 	0.92002188 	0.86564661 	0.92698322 	0.91979753 	0.98424045 	0.97689406 	0.98078301 	0.94986721 	0.99510009 	0.84916548 	0.98127238 	
0.93509223 	0.95745631 	0.94974273 	0.97155009 	0.96096887 	0.92364134 	0.86564661 	0.92698322 	0.91979753 	0.98424045 	0.97689406 	0.98078301 	0.94986721 	0.99510009 	0.84916548 	0.98127238 	
0.93509223 	0.95745631 	0.94974273 	0.97155009 	0.96096887 	0.92364134 	0.89006246 	0.92698322 	0.91979753 	0.98424045 	0.97689406 	0.98078301 	0.94986721 	0.99510009 	0.84916548 	0.98127238 	
0.93509223 	0.95745631 	0.94974273 	0.97155009 	0.96096887 	0.92364134 	0.89006246 	0.92698322 	0.91979753 	0.98424045 	0.97689406 	0.98078301 	0.94986721 	0.99510009 	0.84916548 	0.98127238 	
0.93509223 	0.95745631 	0.94974273 	0.97155009 	0.96096887 	0.92364134 	0.89006246 	0.92698322 	0.92802119 	0.98424045 	0.97689406 	0.98078301 	0.94986721 	0.99510009 	0.84916548 	0.98127238 	
0.93509223 	0.95745631 	0.94974273 	0.97155009 	0.96096887 	0.92364134 	0.89006246 	0.92698322 	0.92802119 	0.99401920 	0.97689406 	0.98078301 	0.94986721 	0.99510009 	0.84916548 	0.98127238 	
0.93509223 	0.95745631 	0.94974273 	0.97155009 	0.96096887 	0.92364134 	0.89006246 	0.92698322 	0.92802119 	0.99401920 	0.99801507 	0.98078301 	0.94986721 	0.99510009 	0.84916548 	0.98127238 	
0.93509223 	0.95745631 	0.94974273 	0.97155009 	0.96096887 	0.92364134 	0.89006246 	0.92698322 	0.92802119 	0.99401920 	0.99801507 	0.98078301 	0.94986721 	0.99510009 	0.84916548 	0.98127238 	
0.93509223 	0.95745631 	0.94974273 	0.97155009 	0.96096887 	0.92364134 	0.89006246 	0.92698322 	0.92802119 	0.99401920 	0.99801507 	0.98078301 	0.97543490 	0.99510009 	0.84916548 	0.98127238 	
0.93509223 	0.95745631 	0.94974273 	0.97155009 	0.96096887 	0.92364134 	0.89006246 	0.92698322 	0.92802119 	0.99401920 	0.99801507 	0.98078301 	0.97543490 	0.99510009 	0.84916548 	0.98127238 	
0.93509223 	0.95745631 	0.94974273 	0.97155009 	0.96096887 	0.92364134 	0.89006246 	0.92698322 	0.92802119 	0.99401920 	0.99801507 	0.98078301 	0.97543490 	0.99510009 	0.84916548 	0.98127238 	
0.93509223 	0.95745631 	0.94974273 	0.97155009 	0.96096887 	0.92364134 	0.89006246 	0.92698322 	0.92802119 	0.99401920 	0.99801507 	0.98078301 	0.97543490 	0.99510009 	0.84916548 	0.99144692 	
0.93509223 	0.95745631 	0.94974273 	0.97155009 	0.96096887 	0.92364134 	0.89006246 	0.92698322 	0.92802119 	0.99401920 	0.99801507 	0.98078301 	0.97543490 	0.99510009 	0.84916548 	0.99144692 	
0.93509223 	0.98509637 	0.94974273 	0.97155009 	0.96096887 	0.92364134 	0.89006246 	0.92698322 	0.92802119 	0.99401920 	0.99801507 	0.98078301 	0.97543490 	0.99510009 	0.84916548 	0.99144692 	
0.93509223 	0.98509637 	0.96626190 	0.97155009 	0.96096887 	0.92364134 	0.89006246 	0.92698322 	0.92802119 	0.99401920 	0.99801507 	0.98078301 	0.97543490 	0.99510009 	0.84916548 	0.99144692 	
0.93509223 	0.98509637 	0.96626190 	0.99181479 	0.96096887 	0.92364134 	0.89006246 	0.92698322 	0.92802119 	0.99401920 	0.99801507 	0.98078301 	0.97543490 	0.99510009 	0.84916548 	0.99144692 	
0.93509223 	0.98509637 	0.96626190 	0.99181479 	0.96096887 	0.92364134 	0.89006246 	0.92698322 	0.92802119 	0.99401920 	0.99801507 	0.98078301 	0.97543490 	0.99510009 	0.84916548 	0.99144692 	
0.93509223 	0.98509637 	0.96626190 	0.99181479 	0.96096887 	0.96972553 	0.89006246 	0.92698322 	0.92802119 	0.99401920 	0.99801507 	0.98078301 	0.97543490 	0.99510009 	0.84916548 	0.99144692 	
0.93509223 	0.98509637 	0.96626190 	0.99181479 	0.96096887 	0.96972553 	0.93158856 	0.92698322 	0.92802119 	0.99401920 	0.99801507 	0.98078301 	0.97543490 	0.99510009 	0.84916548 	0.99144692 	
0.93509223 	0.98509637 	0.96626190 	0.99181479 	0.96096887 	0.96972553 	0.93158856 	0.96710026 	0.92802119 	0.99401920 	0.99801507 	0.98078301 	0.97543490 	0.99510009 	0.84916548 	0.99144692 	
0.93509223 	0.98509637 	0.96626190 	0.99181479 	0.96096887 	0.96972553 	0.93158856 	0.96710026 	0.92802119 	0.99401920 	0.99801507 	0.98078301 	0.97543490 	0.99510009 	0.84916548 	0.99144692 	
0.93509223 	0.98509637 	0.96626190 	0.99181479 	0.96096887 	0.96972553 	0.93158856 	0.96710026 	0.92802119 	0.99453762 	0.99801507 	0.98078301 	0.97543490 	0.99510009 	0.84916548 	0.99144692 	
0.93509223 	0.98509637 	0.96626190 	0.99181479 	0.96096887 	0.96972553 	0.93158856 	0.96710026 	0.92802119 	0.99453762 	0.99801507 	0.98078301 	0.97543490 	0.99510009 	0.84916548 	0.99144692 	
0.93509223 	0.98509637 	0.96626190 	0.99181479 	0.96096887 	0.96972553 	0.93158856 	0.96710026 	0.92802119 	0.99453762 	0.99801507 	0.99680467 	0.97543490 	0.99510009 	0.84916548 	0.99144692 	
0.93509223 	0.98509637 	0.96626190 	0.99181479 	0.96096887 	0.96972553 	0.93158856 	0.96710026 	0.92802119 	0.99453762 	0.99801507 	0.99680467 	0.97543490 	0.99510009 	0.84916548 	0.99144692 	
0.93509223 	0.98509637 	0.96626190 	0.99181479 	0.96096887 	0.96972553 	0.93158856 	0.96710026 	0.92802119 	0.99453762 	0.99801507 	0.99680467 	0.97543490 	0.99510009 	0.84916548 	0.99144692 	
0.93509223 	0.98509637 	0.96626190 	0.99181479 	0.96096887 	0.96972553 	0.93158856 	0.96710026 	0.92802119 	0.99453762 	0.99801507 	0.99680467 	0.97543490 	0.99510009 	0.89433621 	0.99144692 	
0.93509223 	0.98509637 	0.96626190 	0.99181479 	0.96096887 	0.96972553 	0.93158856 	0.96710026 	0.92802119 	0.99453762 	0.99801507 	0.99680467 	0.97543490 	0.99510009 	0.89433621 	0.99144692 	
0.93509223 	0.98509637 	0.96626190 	0.99181479 	0.96096887 	0.96972553 	0.93158856 	0.96710026 	0.92802119 	0.99453762 	0.99801507 	0.99680467 	0.97543490 	0.99510009 	0.89433621 	0.99144692 	
0.93509223 	0.98509637 	0.96626190 	0.99181479 	0.96096887 	0.96972553 	0.93158856 	0.96710026 	0.92802119 	0.99453762 	0.99801507 	0.99680467 	0.97543490 	0.99510009 	0.89433621 	0.99144692 	
0.93509223 	0.98509637 	0.98682110 	0.99181479 	0.96096887 	0.96972553 	0.93158856 	0.96710026 	0.92802119 	0.99453762 	0.99801507 	0.99680467 	0.97543490 	0.99510009 	0.89433621 	0.99144692 	
0.93509223 	0.98509637 	0.98682110 	0.99663176 	0.96096887 	0.96972553 	0.93158856 	0.96710026 	0.92802119 	0.99453762 	0.99801507 	0.99680467 	0.97543490 	0.99510009 	0.89433621 	0.99144692 	
0.93509223 	0.98509637 	0.98682110 	0.99663176 	0.97667323 	0.96972553 	0.93158856 	0.96710026 	0.92802119 	0.99453762 	0.99801507 	0.99680467 	0.97543490 	0.99510009 	0.89433621 	0.99144692 	
0.93509223 	0.98509637 	0.98682110 	0.99663176 	0.97667323 	0.96972553 	0.93158856 	0.96710026 	0.92802119 	0.99453762 	0.99801507 	0.99680467 	0.97543490 	0.99510009 	0.89433621 	0.99144692 	
0.93509223 	0.98509637 	0.98682110 	0.99663176 	0.97667323 	0.96972553 	0.99426374 	0.96710026 	0.92802119 	0.99453762 	0.99801507 	0.99680467 	0.97543490 	0.99510009 	0.89433621 	0.99144692 	
0.93509223 	0.98509637 	0.98682110 	0.99663176 	0.97667323 	0.96972553 	0.99426374 	0.99484672 	0.92802119 	0.99453762 	0.99801507 	0.99680467 	0.97543490 	0.99510009 	0.89433621 	0.99144692 	
0.93509223 	0.98509637 	0.98682110 	0.99663176 	0.97667323 	0.96972553 	0.99426374 	0.99484672 	0.96674306 	0.99453762 	0.99801507 	0.99680467 	0.97543490 	0.99510009 	0.89433621 	0.99144692 	
0.93509223 	0.98509637 	0.98682110 	0.99663176 	0.97667323 	0.96972553 	0.99426374 	0.99484672 	0.96674306 	0.99962262 	0.99801507 	0.99680467 	0.97543490 	0.99510009 	0.89433621 	0.99144692 	
0.93509223 	0.98509637 	0.98682110 	0.99663176 	0.97667323 	0.96972553 	0.99426374 	0.99484672 	0.96674306 	0.99962262 	0.99801507 	0.99680467 	0.97543490 	0.99510009 	0.89433621 	0.99144692 	
0.93509223 	0.98509637 	0.98682110 	0.99663176 	0.97667323 	0.96972553 	0.99426374 	0.99484672 	0.96674306 	0.99962262 	0.99801507 	0.99759787 	0.97543490 	0.99510009 	0.89433621 	0.99144692 	
0.93509223 	0.98509637 	0.98682110 	0.99663176 	0.97667323 	0.96972553 	0.99426374 	0.99484672 	0.96674306 	0.99962262 	0.99801507 	0.99759787 	0.98011589 	0.99510009 	0.89433621 	0.99144692 	
0.93509223 	0.98509637 	0.98682110 	0.99663176 	0.97667323 	0.96972553 	0.99426374 	0.99484672 	0.96674306 	0.99962262 	0.99801507 	0.99759787 	0.98011589 	0.99948626 	0.89433621 	0.99144692 	
0.93509223 	0.98509637 	0.98682110 	0.99663176 	0.97667323 	0.96972553 	0.99426374 	0.99484672 	0.96674306 	0.99962262 	0.99801507 	0.99759787 	0.98011589 	0.99948626 	0.89433621 	0.99144692 	
0.93509223 	0.98509637 	0.98682110 	0.99663176 	0.97667323 	0.96972553 	0.99426374 	0.99484672 	0.96674306 	0.99962262 	0.99801507 	0.99759787 	0.98011589 	0.99948626 	0.89433621 	0.99722590 	
0.94883017 	0.98509637 	0.98682110 	0.99663176 	0.97667323 	0.96972553 	0.99426374 	0.99484672 	0.96674306 	0.99962262 	0.99801507 	0.99759787 	0.98011589 	0.99948626 	0.89433621 	0.99722590 	
0.94883017 	0.98827604 	0.98682110 	0.99663176 	0.97667323 	0.96972553 	0.99426374 	0.99484672 	0.96674306 	0.99962262 	0.99801507 	0.99759787 	0.98011589 	0.99948626 	0.89433621 	0.99722590 	
0.94883017 	0.98827604 	0.99096419 	0.99663176 	0.97667323 	0.96972553 	0.99426374 	0.99484672 	0.96674306 	0.99962262 	0.99801507 	0.99759787 	0.98011589 	0.99948626 	0.89433621 	0.99722590 	
0.94883017 	0.98827604 	0.99096419 	0.99663176 	0.97667323 	0.96972553 	0.99426374 	0.99484672 	0.96674306 	0.99962262 	0.99801507 	0.99759787 	0.98011589 	0.99948626 	0.89433621 	0.99722590 	
0.94883017 	0.98827604 	0.99096419 	0.99663176 	0.97667323 	0.96972553 	0.99426374 	0.99484672 	0.96674306 	0.99962262 	0.99801507 	0.99759787 	0.98011589 	0.99948626 	0.89433621 	0.99722590 	
0.94883017 	0.98827604 	0.99096419 	0.99663176 	0.97667323 	0.97466390 	0.99426374 	0.99484672 	0.96674306 	0.99962262 	0.99801507 	0.99759787 	0.98011589 	0.99948626 	0.89433621 	0.99722590 	
0.94883017 	0.98827604 	0.99096419 	0.99663176 	0.97667323 	0.97466390 	0.99658059 	0.99484672 	0.96674306 	0.99962262 	0.99801507 	0.99759787 	0.98011589 	0.99948626 	0.89433621 	0.99722590 	
0.94883017 	0.98827604 	0.99096419 	0.99663176 	0.97667323 	0.97466390 	0.99658059 	0.99858810 	0.96674306 	0.99962262 	0.99801507 	0.99759787 	0.98011589 	0.99948626 	0.89433621 	0.99722590 	
0.94883017 	0.98827604 	0.99096419 	0.99663176 	0.97667323 	0.97466390 	0.99658059 	0.99858810 	0.98012336 	0.99962262 	0.99801507 	0.99759787 	0.98011589 	0.99948626 	0.89433621 	0.99722590 	
0.94883017 	0.98827604 	0.99096419 	0.99663176 	0.97667323 	0.97466390 	0.99658059 	0.99858810 	0.98012336 	0.99993799 	0.99801507 	0.99759787 	0.98011589 	0.99948626 	0.89433621 	0.99722590 	
0.94883017 	0.98827604 	0.99096419 	0.99663176 	0.97667323 	0.97466390 	0.99658059 	0.99858810 	0.98012336 	0.99993799 	0.99967222 	0.99759787 	0.98011589 	0.99948626 	0.89433621 	0.99722590 	
0.94883017 	0.98827604 	0.99096419 	0.99663176 	0.97667323 	0.97466390 	0.99658059 	0.99858810 	0.98012336 	0.99993799 	0.99967222 	0.99759787 	0.98011589 	0.99948626 	0.89433621 	0.99722590 	
0.94883017 	0.98827604 	0.99096419 	0.99663176 	0.97667323 	0.97466390 	0.99658059 	0.99858810 	0.98012336 	0.99993799 	0.99967222 	0.99759787 	0.98181866 	0.99948626 	0.89433621 	0.99722590 	
0.94883017 	0.98827604 	0.99096419 	0.99663176 	0.97667323 	0.97466390 	0.99658059 	0.99858810 	0.98012336 	0.99993799 	0.99967222 	0.99759787 	0.98181866 	0.99948626 	0.89433621 	0.99722590 	
0.94883017 	0.98827604 	0.99096419 	0.99663176 	0.97667323 	0.97466390 	0.99658059 	0.99858810 	0.98012336 	0.99993799 	0.99967222 	0.99759787 	0.98181866 	0.99948626 	0.95863967 	0.99722590 	
0.94883017 	0.98827604 	0.99096419 	0.99663176 	0.97667323 	0.97466390 	0.99658059 	0.99858810 	0.98012336 	0.99993799 	0.99967222 	0.99759787 	0.98181866 	0.99948626 	0.95863967 	0.99722590 	
0.97866541 	0.98827604 	0.99096419 	0.99663176 	0.97667323 	0.97466390 	0.99658059 	0.99858810 	0.98012336 	0.99993799 	0.99967222 	0.99759787 	0.98181866 	0.99948626 	0.95863967 	0.99722590 	
0.97866541 	0.99848576 	0.99096419 	0.99663176 	0.97667323 	0.97466390 	0.99658059 	0.99858810 	0.98012336 	0.99993799 	0.99967222 	0.99759787 	0.98181866 	0.99948626 	0.95863967 	0.99722590 	
0.97866541 	0.99848576 	0.99135539 	0.99663176 	0.97667323 	0.97466390 	0.99658059 	0.99858810 	0.98012336 	0.99993799 	0.99967222 	0.99759787 	0.98181866 	0.99948626 	0.95863967 	0.99722590 	
0.97866541 	0.99848576 	0.99135539 	0.99850070 	0.97667323 	0.97466390 	0.99658059 	0.99858810 	0.98012336 	0.99993799 	0.99967222 	0.99759787 	0.98181866 	0.99948626 	0.95863967 	0.99722590 	
0.97866541 	0.99848576 	0.99135539 	0.99850070 	0.98128126 	0.97466390 	0.99658059 	0.99858810 	0.98012336 	0.99993799 	0.99967222 	0.99759787 	0.98181866 	0.99948626 	0.95863967 	0.99722590 	
0.97866541 	0.99848576 	0.99135539 	0.99850070 	0.98128126 	0.97971708 	0.99658059 	0.99858810 	0.98012336 	0.99993799 	0.99967222 	0.99759787 	0.98181866 	0.99948626 	0.95863967 	0.99722590 	
0.97866541 	0.99848576 	0.99135539 	0.99850070 	0.98128126 	0.97971708 	0.99747463 	0.99858810 	0.98012336 	0.99993799 	0.99967222 	0.99759787 	0.98181866 	0.99948626 	0.95863967 	0.99722590 	
0.97866541 	0.99848576 	0.99135539 	0.99850070 	0.98128126 	0.97971708 	0.99747463 	0.99919382 	0.98012336 	0.99993799 	0.99967222 	0.99759787 	0.98181866 	0.99948626 	0.95863967 	0.99722590 	
0.97866541 	0.99848576 	0.99135539 	0.99850070 	0.98128126 	0.97971708 	0.99747463 	0.99919382 	0.99902513 	0.99993799 	0.99967222 	0.99759787 	0.98181866 	0.99948626 	0.95863967 	0.99722590 	
0.97866541 	0.99848576 	0.99135539 	0.99850070 	0.98128126 	0.97971708 	0.99747463 	0.99919382 	0.99902513 	0.99993799 	0.99967222 	0.99759787 	0.98181866 	0.99948626 	0.95863967 	0.99722590 	
0.97866541 	0.99848576 	0.99135539 	0.99850070 	0.98128126 	0.97971708 	0.99747463 	0.99919382 	0.99902513 	0.99993799 	0.99976026 	0.99759787 	0.98181866 	0.99948626 	0.95863967 	0.99722590 	
0.97866541 	0.99848576 	0.99135539 	0.99850070 	0.98128126 	0.97971708 	0.99747463 	0.99919382 	0.99902513 	0.99993799 	0.99976026 	0.99870332 	0.98181866 	0.99948626 	0.95863967 	0.99722590 	
0.97866541 	0.99848576 	0.99135539 	0.99850070 	0.98128126 	0.97971708 	0.99747463 	0.99919382 	0.99902513 	0.99993799 	0.99976026 	0.99870332 	0.98181866 	0.99948626 	0.95863967 	0.99722590 	
0.97866541 	0.99848576 	0.99135539 	0.99850070 	0.98128126 	0.97971708 	0.99747463 	0.99919382 	0.99902513 	0.99993799 	0.99976026 	0.99870332 	0.98181866 	0.99976208 	0.95863967 	0.99722590 	
0.97866541 	0.99848576 	0.99135539 	0.99850070 	0.98128126 	0.97971708 	0.99747463 	0.99919382 	0.99902513 	0.99993799 	0.99976026 	0.99870332 	0.98181866 	0.99976208 	0.95863967 	0.99722590 	
0.97866541 	0.99848576 	0.99135539 	0.99850070 	0.98128126 	0.97971708 	0.99747463 	0.99919382 	0.99902513 	0.99993799 	0.99976026 	0.99870332 	0.98181866 	0.99976208 	0.95863967 	0.99800289 	
0.98834707 	0.99848576 	0.99135539 	0.99850070 	0.98128126 	0.97971708 	0.99747463 	0.99919382 	0.99902513 	0.99993799 	0.99976026 	0.99870332 	0.98181866 	0.99976208 	0.95863967 	0.99800289 	
0.98834707 	0.99877793 	0.99135539 	0.99850070 	0.98128126 	0.97971708 	0.99747463 	0.99919382 	0.99902513 	0.99993799 	0.99976026 	0.99870332 	0.98181866 	0.99976208 	0.95863967 	0.99800289 	
0.98834707 	0.99877793 	0.99586781 	0.99850070 	0.98128126 	0.97971708 	0.99747463 	0.99919382 	0.99902513 	0.99993799 	0.99976026 	0.99870332 	0.98181866 	0.99976208 	0.95863967 	0.99800289 	
0.98834707 	0.99877793 	0.99586781 	0.99969236 	0.98128126 	0.97971708 	0.99747463 	0.99919382 	0.99902513 	0.99993799 	0.99976026 	0.99870332 	0.98181866 	0.99976208 	0.95863967 	0.99800289 	
0.98834707 	0.99877793 	0.99586781 	0.99969236 	0.98137993 	0.97971708 	0.99747463 	0.99919382 	0.99902513 	0.99993799 	0.99976026 	0.99870332 	0.98181866 	0.99976208 	0.95863967 	0.99800289 	
0.98834707 	0.99877793 	0.99586781 	0.99969236 	0.98137993 	0.98323751 	0.99747463 	0.99919382 	0.99902513 	0.99993799 	0.99976026 	0.99870332 	0.98181866 	0.99976208 	0.95863967 	0.99800289 	
0.98834707 	0.99877793 	0.99586781 	0.99969236 	0.98137993 	0.98323751 	0.99967069 	0.99919382 	0.99902513 	0.99993799 	0.99976026 	0.99870332 	0.98181866 	0.99976208 	0.95863967 	0.99800289 	
0.98834707 	0.99877793 	0.99586781 	0.99969236 	0.98137993 	0.98323751 	0.99967069 	0.99954713 	0.99902513 	0.99993799 	0.99976026 	0.99870332 	0.98181866 	0.99976208 	0.95863967 	0.99800289 	
0.98834707 	0.99877793 	0.99586781 	0.99969236 	0.98137993 	0.98323751 	0.99967069 	0.99954713 	0.99959750 	0.99993799 	0.99976026 	0.99870332 	0.98181866 	0.99976208 	0.95863967 	0.99800289 	
0.98834707 	0.99877793 	0.99586781 	0.99969236 	0.98137993 	0.98323751 	0.99967069 	0.99954713 	0.99959750 	0.99993799 	0.99976026 	0.99870332 	0.98181866 	0.99976208 	0.95863967 	0.99800289 	
0.98834707 	0.99877793 	0.99586781 	0.99969236 	0.98137993 	0.98323751 	0.99967069 	0.99954713 	0.99959750 	0.99993799 	0.99979136 	0.99870332 	0.98181866 	0.99976208 	0.95863967 	0.99800289 	
0.98834707 	0.99877793 	0.99586781 	0.99969236 	0.98137993 	0.98323751 	0.99967069 	0.99954713 	0.99959750 	0.99993799 	0.99979136 	0.99928637 	0.98181866 	0.99976208 	0.95863967 	0.99800289 	
0.98834707 	0.99877793 	0.99586781 	0.99969236 	0.98137993 	0.98323751 	0.99967069 	0.99954713 	0.99959750 	0.99993799 	0.99979136 	0.99928637 	0.98912765 	0.99976208 	0.95863967 	0.99800289 	
0.98834707 	0.99877793 	0.99586781 	0.99969236 	0.98137993 	0.98323751 	0.99967069 	0.99954713 	0.99959750 	0.99993799 	0.99979136 	0.99928637 	0.98912765 	0.99990893 	0.95863967 	0.99800289 	
0.98834707 	0.99877793 	0.99586781 	0.99969236 	0.98137993 	0.98323751 	0.99967069 	0.99954713 	0.99959750 	0.99993799 	0.99979136 	0.99928637 	0.98912765 	0.99990893 	0.95863967 	0.99800289 	
0.98834707 	0.99877793 	0.99586781 	0.99969236 	0.98137993 	0.98323751 	0.99967069 	0.99954713 	0.99959750 	0.99993799 	0.99979136 	0.99928637 	0.98912765 	0.99990893 	0.95863967 	0.99979388 	
0.98940515 	0.99877793 	0.99586781 	0.99969236 	0.98137993 	0.98323751 	0.99967069 	0.99954713 	0.99959750 	0.99993799 	0.99979136 	0.99928637 	0.98912765 	0.99990893 	0.95863967 	0.99979388 	
0.98940515 	0.99996484 	0.99586781 	0.99969236 	0.98137993 	0.98323751 	0.99967069 	0.99954713 	0.99959750 	0.99993799 	0.99979136 	0.99928637 	0.98912765 	0.99990893 	0.95863967 	0.99979388 	
0.98940515 	0.99996484 	0.99640306 	0.99969236 	0.98137993 	0.98323751 	0.99967069 	0.99954713 	0.99959750 	0.99993799 	0.99979136 	0.99928637 	0.98912765 	0.99990893 	0.95863967 	0.99979388 	
0.98940515 	0.99996484 	0.99640306 	0.99997480 	0.98137993 	0.98323751 	0.99967069 	0.99954713 	0.99959750 	0.99993799 	0.99979136 	0.99928637 	0.98912765 	0.99990893 	0.95863967 	0.99979388 	
0.98940515 	0.99996484 	0.99640306 	0.99997480 	0.98360913 	0.98323751 	0.99967069 	0.99954713 	0.99959750 	0.99993799 	0.99979136 	0.99928637 	0.98912765 	0.99990893 	0.95863967 	0.99979388 	
0.98940515 	0.99996484 	0.99640306 	0.99997480 	0.98360913 	0.99174773 	0.99967069 	0.99954713 	0.99959750 	0.99993799 	0.99979136 	0.99928637 	0.98912765 	0.99990893 	0.95863967 	0.99979388 	
0.98940515 	0.99996484 	0.99640306 	0.99997480 	0.98360913 	0.99174773 	0.99967069 	0.99954713 	0.99959750 	0.99993799 	0.99979136 	0.99928637 	0.98912765 	0.99990893 	0.95863967 	0.99979388 	
0.98940515 	0.99996484 	0.99640306 	0.99997480 	0.98360913 	0.99174773 	0.99967069 	0.99954713 	0.99959750 	0.99993799 	0.99979136 	0.99928637 	0.98912765 	0.99990893 	0.95863967 	0.99979388 	
0.98940515 	0.99996484 	0.99640306 	0.99997480 	0.98360913 	0.99174773 	0.99967069 	0.99954713 	0.99992703 	0.99993799 	0.99979136 	0.99928637 	0.98912765 	0.99990893 	0.95863967 	0.99979388 	
0.98940515 	0.99996484 	0.99640306 	0.99997480 	0.98360913 	0.99174773 	0.99967069 	0.99954713 	0.99992703 	0.99993799 	0.99979136 	0.99928637 	0.98912765 	0.99990893 	0.95863967 	0.99979388 	
0.98940515 	0.99996484 	0.99640306 	0.99997480 	0.98360913 	0.99174773 	0.99967069 	0.99954713 	0.99992703 	0.99993799 	0.99983749 	0.99928637 	0.98912765 	0.99990893 	0.95863967 	0.99979388 	
0.98940515 	0.99996484 	0.99640306 	0.99997480 	0.98360913 	0.99174773 	0.99967069 	0.99954713 	0.99992703 	0.99993799 	0.99983749 	0.99928637 	0.98912765 	0.99990893 	0.95863967 	0.99979388 	
0.98940515 	0.99996484 	0.99640306 	0.99997480 	0.98360913 	0.99174773 	0.99967069 	0.99954713 	0.99992703 	0.99993799 	0.99983749 	0.99928637 	0.98912765 	0.99990893 	0.95863967 	0.99979388 	
0.98940515 	0.99996484 	0.99640306 	0.99997480 	0.98360913 	0.99174773 	0.99967069 	0.99954713 	0.99992703 	0.99993799 	0.99983749 	0.99928637 	0.98912765 	0.99990893 	0.95863967 	0.99979388 	
0.98940515 	0.99996484 	0.99640306 	0.99997480 	0.98360913 	0.99174773 	0.99967069 	0.99954713 	0.99992703 	0.99993799 	0.99983749 	0.99928637 	0.98912765 	0.99990893 	0.95912641 	0.99979388 	
0.98940515 	0.99996484 	0.99640306 	0.99997480 	0.98360913 	0.99174773 	0.99967069 	0.99954713 	0.99992703 	0.99993799 	0.99983749 	0.99928637 	0.98912765 	0.99990893 	0.95912641 	0.99979388 	
0.99402812 	0.99996484 	0.99640306 	0.99997480 	0.98360913 	0.99174773 	0.99967069 	0.99954713 	0.99992703 	0.99993799 	0.99983749 	0.99928637 	0.98912765 	0.99990893 	0.95912641 	0.99979388 	
0.99402812 	0.99998009 	0.99640306 	0.99997480 	0.98360913 	0.99174773 	0.99967069 	0.99954713 	0.99992703 	0.99993799 	0.99983749 	0.99928637 	0.98912765 	0.99990893 	0.95912641 	0.99979388 	
0.99402812 	0.99998009 	0.99872846 	0.99997480 	0.98360913 	0.99174773 	0.99967069 	0.99954713 	0.99992703 	0.99993799 	0.99983749 	0.99928637 	0.98912765 	0.99990893 	0.95912641 	0.99979388 	
0.99402812 	0.99998009 	0.99872846 	0.99997480 	0.98360913 	0.99174773 	0.99967069 	0.99954713 	0.99992703 	0.99993799 	0.99983749 	0.99928637 	0.98912765 	0.99990893 	0.95912641 	0.99979388 	
0.99402812 	0.99998009 	0.99872846 	0.99997480 	0.98360913 	0.99174773 	0.99967069 	0.99954713 	0.99992703 	0.99993799 	0.99983749 	0.99928637 	0.98912765 	0.99990893 	0.95912641 	0.99979388 	
0.99402812 	0.99998009 	0.99872846 	0.99997480 	0.98360913 	0.99215039 	0.99967069 	0.99954713 	0.99992703 	0.99993799 	0.99983749 	0.99928637 	0.98912765 	0.99990893 	0.95912641 	0.99979388 	
0.99402812 	0.99998009 	0.99872846 	0.99997480 	0.98360913 	0.99215039 	0.99999456 	0.99954713 	0.99992703 	0.99993799 	0.99983749 	0.99928637 	0.98912765 	0.99990893 	0.95912641 	0.99979388 	
0.99402812 	0.99998009 	0.99872846 	0.99997480 	0.98360913 	0.99215039 	0.99999456 	0.99954713 	0.99992703 	0.99993799 	0.99983749 	0.99928637 	0.98912765 	0.99990893 	0.95912641 	0.99979388 	
0.99402812 	0.99998009 	0.99872846 	0.99997480 	0.98360913 	0.99215039 	0.99999456 	0.99954713 	0.99992703 	0.99993799 	0.99983749 	0.99928637 	0.98912765 	0.99990893 	0.95912641 	0.99979388 	
0.99402812 	0.99998009 	0.99872846 	0.99997480 	0.98360913 	0.99215039 	0.99999456 	0.99954713 	0.99992703 	0.99999353 	0.99983749 	0.99928637 	0.98912765 	0.99990893 	0.95912641 	0.99979388 	
0.99402812 	0.99998009 	0.99872846 	0.99997480 	0.98360913 	0.99215039 	0.99999456 	0.99954713 	0.99992703 	0.99999353 	0.99988496 	0.99928637 	0.98912765 	0.99990893 	0.95912641 	0.99979388 	
0.99402812 	0.99998009 	0.99872846 	0.99997480 	0.98360913 	0.99215039 	0.99999456 	0.99954713 	0.99992703 	0.99999353 	0.99988496 	0.99943834 	0.98912765 	0.99990893 	0.95912641 	0.99979388 	
0.99402812 	0.99998009 	0.99872846 	0.99997480 	0.98360913 	0.99215039 	0.99999456 	0.99954713 	0.99992703 	0.99999353 	0.99988496 	0.99943834 	0.98950503 	0.99990893 	0.95912641 	0.99979388 	
0.99402812 	0.99998009 	0.99872846 	0.99997480 	0.98360913 	0.99215039 	0.99999456 	0.99954713 	0.99992703 	0.99999353 	0.99988496 	0.99943834 	0.98950503 	0.99992739 	0.95912641 	0.99979388 	
0.99402812 	0.99998009 	0.99872846 	0.99997480 	0.98360913 	0.99215039 	0.99999456 	0.99954713 	0.99992703 	0.99999353 	0.99988496 	0.99943834 	0.98950503 	0.99992739 	0.95912641 	0.99979388 	
0.99402812 	0.99998009 	0.99872846 	0.99997480 	0.98360913 	0.99215039 	0.99999456 	0.99954713 	0.99992703 	0.99999353 	0.99988496 	0.99943834 	0.98950503 	0.99992739 	0.95912641 	0.99990515 	
0.99802488 	0.99998009 	0.99872846 	0.99997480 	0.98360913 	0.99215039 	0.99999456 	0.99954713 	0.99992703 	0.99999353 	0.99988496 	0.99943834 	0.98950503 	0.99992739 	0.95912641 	0.99990515 	
0.99802488 	0.99998703 	0.99872846 	0.99997480 	0.98360913 	0.99215039 	0.99999456 	0.99954713 	0.99992703 	0.99999353 	0.99988496 	0.99943834 	0.98950503 	0.99992739 	0.95912641 	0.99990515 	
0.99802488 	0.99998703 	0.99872846 	0.99997480 	0.98360913 	0.99215039 	0.99999456 	0.99954713 	0.99992703 	0.99999353 	0.99988496 	0.99943834 	0.98950503 	0.99992739 	0.95912641 	0.99990515 	
0.99802488 	0.99998703 	0.99872846 	0.99997480 	0.98360913 	0.99215039 	0.99999456 	0.99954713 	0.99992703 	0.99999353 	0.99988496 	0.99943834 	0.98950503 	0.99992739 	0.95912641 	0.99990515 	
0.99802488 	0.99998703 	0.99872846 	0.99997480 	0.99404063 	0.99215039 	0.99999456 	0.99954713 	0.99992703 	0.99999353 	0.99988496 	0.99943834 	0.98950503 	0.99992739 	0.95912641 	0.99990515 	
0.99802488 	0.99998703 	0.99872846 	0.99997480 	0.99404063 	0.99976446 	0.99999456 	0.99954713 	0.99992703 	0.99999353 	0.99988496 	0.99943834 	0.98950503 	0.99992739 	0.95912641 	0.99990515 	
0.99802488 	0.99998703 	0.99872846 	0.99997480 	0.99404063 	0.99976446 	0.99999565 	0.99954713 	0.99992703 	0.99999353 	0.99988496 	0.99943834 	0.98950503 	0.99992739 	0.95912641 	0.99990515 	
0.99802488 	0.99998703 	0.99872846 	0.99997480 	0.99404063 	0.99976446 	0.99999565 	0.99999683 	0.99992703 	0.99999353 	0.99988496 	0.99943834 	0.98950503 	0.99992739 	0.95912641 	0.99990515 	
0.99802488 	0.99998703 	0.99872846 	0.99997480 	0.99404063 	0.99976446 	0.99999565 	0.99999683 	0.99998307 	0.99999353 	0.99988496 	0.99943834 	0.98950503 	0.99992739 	0.95912641 	0.99990515 	
0.99802488 	0.99998703 	0.99872846 	0.99997480 	0.99404063 	0.99976446 	0.99999565 	0.99999683 	0.99998307 	0.99999353 	0.99988496 	0.99943834 	0.98950503 	0.99992739 	0.95912641 	0.99990515 	
0.99802488 	0.99998703 	0.99872846 	0.99997480 	0.99404063 	0.99976446 	0.99999565 	0.99999683 	0.99998307 	0.99999353 	0.99988496 	0.99943834 	0.98950503 	0.99992739 	0.95912641 	0.99990515 	
0.99802488 	0.99998703 	0.99872846 	0.99997480 	0.99404063 	0.99976446 	0.99999565 	0.99999683 	0.99998307 	0.99999353 	0.99988496 	0.99955876 	0.98950503 	0.99992739 	0.95912641 	0.99990515 	
0.99802488 	0.99998703 	0.99872846 	0.99997480 	0.99404063 	0.99976446 	0.99999565 	0.99999683 	0.99998307 	0.99999353 	0.99988496 	0.99955876 	0.99892602 	0.99992739 	0.95912641 	0.99990515 	
0.99802488 	0.99998703 	0.99872846 	0.99997480 	0.99404063 	0.99976446 	0.99999565 	0.99999683 	0.99998307 	0.99999353 	0.99988496 	0.99955876 	0.99892602 	0.99992739 	0.95912641 	0.99990515 	
0.99802488 	0.99998703 	0.99872846 	0.99997480 	0.99404063 	0.99976446 	0.99999565 	0.99999683 	0.99998307 	0.99999353 	0.99988496 	0.99955876 	0.99892602 	0.99992739 	0.96994602 	0.99990515 	
0.99802488 	0.99998703 	0.99872846 	0.99997480 	0.99404063 	0.99976446 	0.99999565 	0.99999683 	0.99998307 	0.99999353 	0.99988496 	0.99955876 	0.99892602 	0.99992739 	0.96994602 	0.99990515 	
0.99802488 	0.99998703 	0.99872846 	0.99997480 	0.99404063 	0.99976446 	0.99999565 	0.99999683 	0.99998307 	0.99999353 	0.99988496 	0.99955876 	0.99892602 	0.99992739 	0.96994602 	0.99990515 	
0.99802488 	0.99998747 	0.99872846 	0.99997480 	0.99404063 	0.99976446 	0.99999565 	0.99999683 	0.99998307 	0.99999353 	0.99988496 	0.99955876 	0.99892602 	0.99992739 	0.96994602 	0.99990515 	
0.99802488 	0.99998747 	0.99978564 	0.99997480 	0.99404063 	0.99976446 	0.99999565 	0.99999683 	0.99998307 	0.99999353 	0.99988496 	0.99955876 	0.99892602 	0.99992739 	0.96994602 	0.99990515 	
0.99802488 	0.99998747 	0.99978564 	0.99997501 	0.99404063 	0.99976446 	0.99999565 	0.99999683 	0.99998307 	0.99999353 	0.99988496 	0.99955876 	0.99892602 	0.99992739 	0.96994602 	0.99990515 	
0.99802488 	0.99998747 	0.99978564 	0.99997501 	0.99900408 	0.99976446 	0.99999565 	0.99999683 	0.99998307 	0.99999353 	0.99988496 	0.99955876 	0.99892602 	0.99992739 	0.96994602 	0.99990515 	
0.99802488 	0.99998747 	0.99978564 	0.99997501 	0.99900408 	0.99976446 	0.99999565 	0.99999683 	0.99998307 	0.99999353 	0.99988496 	0.99955876 	0.99892602 	0.99992739 	0.96994602 	0.99990515 	
0.99802488 	0.99998747 	0.99978564 	0.99997501 	0.99900408 	0.99976446 	0.99999565 	0.99999683 	0.99998307 	0.99999353 	0.99988496 	0.99955876 	0.99892602 	0.99992739 	0.96994602 	0.99990515 	
0.99802488 	0.99998747 	0.99978564 	0.99997501 	0.99900408 	0.99976446 	0.99999565 	0.99999683 	0.99998307 	0.99999353 	0.99988496 	0.99955876 	0.99892602 	0.99992739 	0.96994602 	0.99990515 	
0.99802488 	0.99998747 	0.99978564 	0.99997501 	0.99900408 	0.99976446 	0.99999565 	0.99999683 	0.99999627 	0.99999353 	0.99988496 	0.99955876 	0.99892602 	0.99992739 	0.96994602 	0.99990515 	
0.99802488 	0.99998747 	0.99978564 	0.99997501 	0.99900408 	0.99976446 	0.99999565 	0.99999683 	0.99999627 	0.99999925 	0.99988496 	0.99955876 	0.99892602 	0.99992739 	0.96994602 	0.99990515 	
0.99802488 	0.99998747 	0.99978564 	0.99997501 	0.99900408 	0.99976446 	0.99999565 	0.99999683 	0.99999627 	0.99999925 	0.99997253 	0.99955876 	0.99892602 	0.99992739 	0.96994602 	0.99990515 	
0.99802488 	0.99998747 	0.99978564 	0.99997501 	0.99900408 	0.99976446 	0.99999565 	0.99999683 	0.99999627 	0.99999925 	0.99997253 	0.99984202 	0.99892602 	0.99992739 	0.96994602 	0.99990515 	
0.99802488 	0.99998747 	0.99978564 	0.99997501 	0.99900408 	0.99976446 	0.99999565 	0.99999683 	0.99999627 	0.99999925 	0.99997253 	0.99984202 	0.99981514 	0.99992739 	0.96994602 	0.99990515 	
0.99802488 	0.99998747 	0.99978564 	0.99997501 	0.99900408 	0.99976446 	0.99999565 	0.99999683 	0.99999627 	0.99999925 	0.99997253 	0.99984202 	0.99981514 	0.99999870 	0.96994602 	0.99990515 	
0.99802488 	0.99998747 	0.99978564 	0.99997501 	0.99900408 	0.99976446 	0.99999565 	0.99999683 	0.99999627 	0.99999925 	0.99997253 	0.99984202 	0.99981514 	0.99999870 	0.99704064 	0.99990515 	
0.99802488 	0.99998747 	0.99978564 	0.99997501 	0.99900408 	0.99976446 	0.99999565 	0.99999683 	0.99999627 	0.99999925 	0.99997253 	0.99984202 	0.99981514 	0.99999870 	0.99704064 	0.99997124 	
0.99803142 	0.99998747 	0.99978564 	0.99997501 	0.99900408 	0.99976446 	0.99999565 	0.99999683 	0.99999627 	0.99999925 	0.99997253 	0.99984202 	0.99981514 	0.99999870 	0.99704064 	0.99997124 	
0.99803142 	0.99999721 	0.99978564 	0.99997501 	0.99900408 	0.99976446 	0.99999565 	0.99999683 	0.99999627 	0.99999925 	0.99997253 	0.99984202 	0.99981514 	0.99999870 	0.99704064 	0.99997124 	
0.99803142 	0.99999721 	0.99985905 	0.99997501 	0.99900408 	0.99976446 	0.99999565 	0.99999683 	0.99999627 	0.99999925 	0.99997253 	0.99984202 	0.99981514 	0.99999870 	0.99704064 	0.99997124 	
0.99803142 	0.99999721 	0.99985905 	0.99998542 	0.99900408 	0.99976446 	0.99999565 	0.99999683 	0.99999627 	0.99999925 	0.99997253 	0.99984202 	0.99981514 	0.99999870 	0.99704064 	0.99997124 	
0.99803142 	0.99999721 	0.99985905 	0.99998542 	0.99900408 	0.99976446 	0.99999565 	0.99999683 	0.99999627 	0.99999925 	0.99997253 	0.99984202 	0.99981514 	0.99999870 	0.99704064 	0.99997124 	
0.99803142 	0.99999721 	0.99985905 	0.99998542 	0.99900408 	0.99976446 	0.99999565 	0.99999683 	0.99999627 	0.99999925 	0.99997253 	0.99984202 	0.99981514 	0.99999870 	0.99704064 	0.99997124 	
0.99803142 	0.99999721 	0.99985905 	0.99998542 	0.99900408 	0.99976446 	0.99999565 	0.99999683 	0.99999627 	0.99999925 	0.99997253 	0.99984202 	0.99981514 	0.99999870 	0.99704064 	0.99997124 	
0.99803142 	0.99999721 	0.99985905 	0.99998542 	0.99900408 	0.99976446 	0.99999565 	0.99999683 	0.99999627 	0.99999925 	0.99997253 	0.99984202 	0.99981514 	0.99999870 	0.99704064 	0.99997124 	
0.99803142 	0.99999721 	0.99985905 	0.99998542 	0.99900408 	0.99976446 	0.99999565 	0.99999683 	0.99999627 	0.99999925 	0.99997253 	0.99984202 	0.99981514 	0.99999870 	0.99704064 	0.99997124 	
0.99803142 	0.99999721 	0.99985905 	0.99998542 	0.99900408 	0.99976446 	0.99999565 	0.99999683 	0.99999627 	0.99999925 	0.99997253 	0.99984202 	0.99981514 	0.99999870 	0.99704064 	0.99997124 	
0.99803142 	0.99999721 	0.99985905 	0.99998542 	0.99900408 	0.99976446 	0.99999565 	0.99999683 	0.99999627 	0.99999925 	0.99997253 	0.99984202 	0.99981514 	0.99999870 	0.99704064 	0.99997124 	
0.99803142 	0.99999721 	0.99985905 	0.99998542 	0.99900408 	0.99976446 	0.99999565 	0.99999683 	0.99999627 	0.99999925 	0.99997253 	0.99984202 	0.99981514 	0.99999870 	0.99704064 	0.99997124 	
0.99803142 	0.99999721 	0.99985905 	0.99998542 	0.99900408 	0.99976446 	0.99999565 	0.99999683 	0.99999627 	0.99999925 	0.99997253 	0.99984202 	0.99981514 	0.99999870 	0.99704064 	0.99997124 	
0.99803142 	0.99999721 	0.99985905 	0.99998542 	0.99900408 	0.99976446 	0.99999565 	0.99999683 	0.99999627 	0.99999925 	0.99997253 	0.99984202 	0.99981514 	0.99999870 	0.99704064 	0.99997124 	
0.99803142 	0.99999721 	0.99985905 	0.99998542 	0.99900408 	0.99976446 	0.99999565 	0.99999683 	0.99999627 	0.99999925 	0.99997253 	0.99984202 	0.99981514 	0.99999870 	0.99723292 	0.99997124 	
0.99803142 	0.99999721 	0.99985905 	0.99998542 	0.99900408 	0.99976446 	0.99999565 	0.99999683 	0.99999627 	0.99999925 	0.99997253 	0.99984202 	0.99981514 	0.99999870 	0.99723292 	0.99999413 	
0.99950271 	0.99999721 	0.99985905 	0.99998542 	0.99900408 	0.99976446 	0.99999565 	0.99999683 	0.99999627 	0.99999925 	0.99997253 	0.99984202 	0.99981514 	0.99999870 	0.99723292 	0.99999413 	
0.99950271 	0.99999721 	0.99985905 	0.99998542 	0.99900408 	0.99976446 	0.99999565 	0.99999683 	0.99999627 	0.99999925 	0.99997253 	0.99984202 	0.99981514 	0.99999870 	0.99723292 	0.99999413 	
0.99950271 	0.99999721 	0.99985905 	0.99998542 	0.99900408 	0.99976446 	0.99999565 	0.99999683 	0.99999627 	0.99999925 	0.99997253 	0.99984202 	0.99981514 	0.99999870 	0.99723292 	0.99999413 	
0.99950271 	0.99999721 	0.99985905 	0.99998542 	0.99900408 	0.99976446 	0.99999565 	0.99999683 	0.99999627 	0.99999925 	0.99997253 	0.99984202 	0.99981514 	0.99999870 	0.99723292 	0.99999413 	
0.99950271 	0.99999721 	0.99985905 	0.99998542 	0.99949810 	0.99976446 	0.99999565 	0.99999683 	0.99999627 	0.99999925 	0.99997253 	0.99984202 	0.99981514 	0.99999870 	0.99723292 	0.99999413 	
0.99950271 	0.99999721 	0.99985905 	0.99998542 	0.99949810 	0.99976446 	0.99999565 	0.99999683 	0.99999627 	0.99999925 	0.99997253 	0.99984202 	0.99981514 	0.99999870 	0.99723292 	0.99999413 	
0.99950271 	0.99999721 	0.99985905 	0.99998542 	0.99949810 	0.99976446 	0.99999565 	0.99999683 	0.99999627 	0.99999925 	0.99997253 	0.99984202 	0.99981514 	0.99999870 	0.99723292 	0.99999413 	
0.99950271 	0.99999721 	0.99985905 	0.99998542 	0.99949810 	0.99976446 	0.99999565 	0.99999683 	0.99999627 	0.99999925 	0.99997253 	0.99984202 	0.99981514 	0.99999870 	0.99723292 	0.99999413 	
0.99950271 	0.99999721 	0.99985905 	0.99998542 	0.99949810 	0.99976446 	0.99999565 	0.99999683 	0.99999657 	0.99999925 	0.99997253 	0.99984202 	0.99981514 	0.99999870 	0.99723292 	0.99999413 	
0.99950271 	0.99999721 	0.99985905 	0.99998542 	0.99949810 	0.99976446 	0.99999565 	0.99999683 	0.99999657 	0.99999935 	0.99997253 	0.99984202 	0.99981514 	0.99999870 	0.99723292 	0.99999413 	
0.99950271 	0.99999721 	0.99985905 	0.99998542 	0.99949810 	0.99976446 	0.99999565 	0.99999683 	0.99999657 	0.99999935 	0.99997300 	0.99984202 	0.99981514 	0.99999870 	0.99723292 	0.99999413 	
0.99950271 	0.99999721 	0.99985905 	0.99998542 	0.99949810 	0.99976446 	0.99999565 	0.99999683 	0.99999657 	0.99999935 	0.99997300 	0.99990893 	0.99981514 	0.99999870 	0.99723292 	0.99999413 	
0.99950271 	0.99999721 	0.99985905 	0.99998542 	0.99949810 	0.99976446 	0.99999565 	0.99999683 	0.99999657 	0.99999935 	0.99997300 	0.99990893 	0.99981514 	0.99999870 	0.99723292 	0.99999413 	
0.99950271 	0.99999721 	0.99985905 	0.99998542 	0.99949810 	0.99976446 	0.99999565 	0.99999683 	0.99999657 	0.99999935 	0.99997300 	0.99990893 	0.99981514 	0.99999870 	0.99723292 	0.99999413 	
0.99950271 	0.99999721 	0.99985905 	0.99998542 	0.99949810 	0.99976446 	0.99999565 	0.99999683 	0.99999657 	0.99999935 	0.99997300 	0.99990893 	0.99981514 	0.99999870 	0.99884183 	0.99999413 	
0.99950271 	0.99999721 	0.99985905 	0.99998542 	0.99949810 	0.99976446 	0.99999565 	0.99999683 	0.99999657 	0.99999935 	0.99997300 	0.99990893 	0.99981514 	0.99999870 	0.99884183 	0.99999413 	
0.99950271 	0.99999721 	0.99985905 	0.99998542 	0.99949810 	0.99976446 	0.99999565 	0.99999683 	0.99999657 	0.99999935 	0.99997300 	0.99990893 	0.99981514 	0.99999870 	0.99884183 	0.99999413 	
0.99950271 	0.99999721 	0.99985905 	0.99998542 	0.99949810 	0.99976446 	0.99999565 	0.99999683 	0.99999657 	0.99999935 	0.99997300 	0.99990893 	0.99981514 	0.99999870 	0.99884183 	0.99999413 	
0.99950271 	0.99999721 	0.99995309 	0.99998542 	0.99949810 	0.99976446 	0.99999565 	0.99999683 	0.99999657 	0.99999935 	0.99997300 	0.99990893 	0.99981514 	0.99999870 	0.99884183 	0.99999413 	
0.99950271 	0.99999721 	0.99995309 	0.99998542 	0.99949810 	0.99976446 	0.99999565 	0.99999683 	0.99999657 	0.99999935 	0.99997300 	0.99990893 	0.99981514 	0.99999870 	0.99884183 	0.99999413 	
0.99950271 	0.99999721 	0.99995309 	0.99998542 	0.99949810 	0.99976446 	0.99999565 	0.99999683 	0.99999657 	0.99999935 	0.99997300 	0.99990893 	0.99981514 	0.99999870 	0.99884183 	0.99999413 	
0.99950271 	0.99999721 	0.99995309 	0.99998542 	0.99949810 	0.99976446 	0.99999565 	0.99999683 	0.99999657 	0.99999935 	0.99997300 	0.99990893 	0.99981514 	0.99999870 	0.99884183 	0.99999413 	
0.99950271 	0.99999721 	0.99995309 	0.99998542 	0.99949810 	0.99976446 	0.99999565 	0.99999683 	0.99999657 	0.99999935 	0.99997300 	0.99990893 	0.99981514 	0.99999870 	0.99884183 	0.99999413 	
0.99950271 	0.99999721 	0.99995309 	0.99998542 	0.99949810 	0.99976446 	0.99999565 	0.99999683 	0.99999657 	0.99999935 	0.99997300 	0.99990893 	0.99981514 	0.99999870 	0.99884183 	0.99999413 	
0.99950271 	0.99999721 	0.99995309 	0.99998542 	0.99949810 	0.99976446 	0.99999565 	0.99999683 	0.99999657 	0.99999935 	0.99997300 	0.99990893 	0.99981514 	0.99999870 	0.99884183 	0.99999413 	
0.99950271 	0.99999721 	0.99995309 	0.99998542 	0.99949810 	0.99976446 	0.99999565 	0.99999683 	0.99999657 	0.99999935 	0.99997300 	0.99990893 	0.99981514 	0.99999870 	0.99884183 	0.99999413 	
0.99950271 	0.99999721 	0.99995309 	0.99998542 	0.99949810 	0.99976446 	0.99999565 	0.99999683 	0.99999657 	0.99999935 	0.99997769 	0.99990893 	0.99981514 	0.99999870 	0.99884183 	0.99999413 	
0.99950271 	0.99999721 	0.99995309 	0.99998542 	0.99949810 	0.99976446 	0.99999565 	0.99999683 	0.99999657 	0.99999935 	0.99997769 	0.99995430 	0.99981514 	0.99999870 	0.99884183 	0.99999413 	
0.99950271 	0.99999721 	0.99995309 	0.99998542 	0.99949810 	0.99976446 	0.99999565 	0.99999683 	0.99999657 	0.99999935 	0.99997769 	0.99995430 	0.99981514 	0.99999870 	0.99884183 	0.99999413 	
0.99950271 	0.99999721 	0.99995309 	0.99998542 	0.99949810 	0.99976446 	0.99999565 	0.99999683 	0.99999657 	0.99999935 	0.99997769 	0.99995430 	0.99981514 	0.99999870 	0.99884183 	0.99999413 	
0.99950271 	0.99999721 	0.99995309 	0.99998542 	0.99949810 	0.99976446 	0.99999565 	0.99999683 	0.99999657 	0.99999935 	0.99997769 	0.99995430 	0.99981514 	0.99999870 	0.99884183 	0.99999413 	
0.99950271 	0.99999721 	0.99995309 	0.99998542 	0.99949810 	0.99976446 	0.99999565 	0.99999683 	0.99999657 	0.99999935 	0.99997769 	0.99995430 	0.99981514 	0.99999870 	0.99884183 	0.99999413 	
0.99962069 	0.99999721 	0.99995309 	0.99998542 	0.99949810 	0.99976446 	0.99999565 	0.99999683 	0.99999657 	0.99999935 	0.99997769 	0.99995430 	0.99981514 	0.99999870 	0.99884183 	0.99999413 	
0.99962069 	0.99999832 	0.99995309 	0.99998542 	0.99949810 	0.99976446 	0.99999565 	0.99999683 	0.99999657 	0.99999935 	0.99997769 	0.99995430 	0.99981514 	0.99999870 	0.99884183 	0.99999413 	
0.99962069 	0.99999832 	0.99996658 	0.99998542 	0.99949810 	0.99976446 	0.99999565 	0.99999683 	0.99999657 	0.99999935 	0.99997769 	0.99995430 	0.99981514 	0.99999870 	0.99884183 	0.99999413 	
0.99962069 	0.99999832 	0.99996658 	0.99999491 	0.99949810 	0.99976446 	0.99999565 	0.99999683 	0.99999657 	0.99999935 	0.99997769 	0.99995430 	0.99981514 	0.99999870 	0.99884183 	0.99999413 	
0.99962069 	0.99999832 	0.99996658 	0.99999491 	0.99986207 	0.99976446 	0.99999565 	0.99999683 	0.99999657 	0.99999935 	0.99997769 	0.99995430 	0.99981514 	0.99999870 	0.99884183 	0.99999413 	
0.99962069 	0.99999832 	0.99996658 	0.99999491 	0.99986207 	0.99994277 	0.99999565 	0.99999683 	0.99999657 	0.99999935 	0.99997769 	0.99995430 	0.99981514 	0.99999870 	0.99884183 	0.99999413 	
0.99962069 	0.99999832 	0.99996658 	0.99999491 	0.99986207 	0.99994277 	0.99999565 	0.99999683 	0.99999657 	0.99999935 	0.99997769 	0.99995430 	0.99981514 	0.99999870 	0.99884183 	0.99999413 	
0.99962069 	0.99999832 	0.99996658 	0.99999491 	0.99986207 	0.99994277 	0.99999565 	0.99999683 	0.99999657 	0.99999935 	0.99997769 	0.99995430 	0.99981514 	0.99999870 	0.99884183 	0.99999413 	
0.99962069 	0.99999832 	0.99996658 	0.99999491 	0.99986207 	0.99994277 	0.99999565 	0.99999683 	0.99999973 	0.99999935 	0.99997769 	0.99995430 	0.99981514 	0.99999870 	0.99884183 	0.99999413 	
0.99962069 	0.99999832 	0.99996658 	0.99999491 	0.99986207 	0.99994277 	0.99999565 	0.99999683 	0.99999973 	0.99999935 	0.99997769 	0.99995430 	0.99981514 	0.99999870 	0.99884183 	0.99999413 	
0.99962069 	0.99999832 	0.99996658 	0.99999491 	0.99986207 	0.99994277 	0.99999565 	0.99999683 	0.99999973 	0.99999935 	0.99999230 	0.99995430 	0.99981514 	0.99999870 	0.99884183 	0.99999413 	
0.99962069 	0.99999832 	0.99996658 	0.99999491 	0.99986207 	0.99994277 	0.99999565 	0.99999683 	0.99999973 	0.99999935 	0.99999230 	0.99995430 	0.99981514 	0.99999870 	0.99884183 	0.99999413 	
0.99962069 	0.99999832 	0.99996658 	0.99999491 	0.99986207 	0.99994277 	0.99999565 	0.99999683 	0.99999973 	0.99999935 	0.99999230 	0.99995430 	0.99989856 	0.99999870 	0.99884183 	0.99999413 	
0.99962069 	0.99999832 	0.99996658 	0.99999491 	0.99986207 	0.99994277 	0.99999565 	0.99999683 	0.99999973 	0.99999935 	0.99999230 	0.99995430 	0.99989856 	0.99999870 	0.99884183 	0.99999413 	
0.99962069 	0.99999832 	0.99996658 	0.99999491 	0.99986207 	0.99994277 	0.99999565 	0.99999683 	0.99999973 	0.99999935 	0.99999230 	0.99995430 	0.99989856 	0.99999870 	0.99963996 	0.99999413 	
0.99962069 	0.99999832 	0.99996658 	0.99999491 	0.99986207 	0.99994277 	0.99999565 	0.99999683 	0.99999973 	0.99999935 	0.99999230 	0.99995430 	0.99989856 	0.99999870 	0.99963996 	0.99999981 	
0.99988694 	0.99999832 	0.99996658 	0.99999491 	0.99986207 	0.99994277 	0.99999565 	0.99999683 	0.99999973 	0.99999935 	0.99999230 	0.99995430 	0.99989856 	0.99999870 	0.99963996 	0.99999981 	
0.99988694 	0.99999832 	0.99996658 	0.99999491 	0.99986207 	0.99994277 	0.99999565 	0.99999683 	0.99999973 	0.99999935 	0.99999230 	0.99995430 	0.99989856 	0.99999870 	0.99963996 	0.99999981 	
0.99988694 	0.99999832 	0.99996658 	0.99999491 	0.99986207 	0.99994277 	0.99999565 	0.99999683 	0.99999973 	0.99999935 	0.99999230 	0.99995430 	0.99989856 	0.99999870 	0.99963996 	0.99999981 	
0.99988694 	0.99999832 	0.99996658 	0.99999491 	0.99986207 	0.99994277 	0.99999565 	0.99999683 	0.99999973 	0.99999935 	0.99999230 	0.99995430 	0.99989856 	0.99999870 	0.99963996 	0.99999981 	
0.99988694 	0.99999832 	0.99996658 	0.99999491 	0.99986207 	0.99994277 	0.99999565 	0.99999683 	0.99999973 	0.99999935 	0.99999230 	0.99995430 	0.99989856 	0.99999870 	0.99963996 	0.99999981 	
0.99988694 	0.99999832 	0.99996658 	0.99999491 	0.99986207 	0.99994277 	0.99999565 	0.99999683 	0.99999973 	0.99999935 	0.99999230 	0.99995430 	0.99989856 	0.99999870 	0.99963996 	0.99999981 	
0.99988694 	0.99999832 	0.99996658 	0.99999491 	0.99986207 	0.99994277 	0.99999565 	0.99999683 	0.99999973 	0.99999935 	0.99999230 	0.99995430 	0.99989856 	0.99999870 	0.99963996 	0.99999981 	
0.99988694 	0.99999832 	0.99996658 	0.99999491 	0.99986207 	0.99994277 	0.99999565 	0.99999683 	0.99999973 	0.99999935 	0.99999230 	0.99995430 	0.99989856 	0.99999870 	0.99963996 	0.99999981 	
0.99988694 	0.99999832 	0.99996658 	0.99999491 	0.99986207 	0.99994277 	0.99999565 	0.99999683 	0.99999973 	0.99999935 	0.99999230 	0.99995430 	0.99989856 	0.99999870 	0.99963996 	0.99999981 	
0.99988694 	0.99999832 	0.99996658 	0.99999491 	0.99986207 	0.99994277 	0.99999565 	0.99999683 	0.99999973 	0.99999935 	0.99999230 	0.99995430 	0.99989856 	0.99999870 	0.99963996 	0.99999981 	
0.99988694 	0.99999832 	0.99996658 	0.99999491 	0.99986207 	0.99994277 	0.99999565 	0.99999683 	0.99999973 	0.99999935 	0.99999991 	0.99995430 	0.99989856 	0.99999870 	0.99963996 	0.99999981 	
0.99988694 	0.99999832 	0.99996658 	0.99999491 	0.99986207 	0.99994277 	0.99999565 	0.99999683 	0.99999973 	0.99999935 	0.99999991 	0.99998312 	0.99989856 	0.99999870 	0.99963996 	0.99999981 	
0.99988694 	0.99999832 	0.99996658 	0.99999491 	0.99986207 	0.99994277 	0.99999565 	0.99999683 	0.99999973 	0.99999935 	0.99999991 	0.99998312 	0.99995327 	0.99999870 	0.99963996 	0.99999981 	
0.99988694 	0.99999832 	0.99996658 	0.99999491 	0.99986207 	0.99994277 	0.99999565 	0.99999683 	0.99999973 	0.99999935 	0.99999991 	0.99998312 	0.99995327 	0.99999870 	0.99963996 	0.99999981 	
0.99988694 	0.99999832 	0.99996658 	0.99999491 	0.99986207 	0.99994277 	0.99999565 	0.99999683 	0.99999973 	0.99999935 	0.99999991 	0.99998312 	0.99995327 	0.99999870 	0.99963996 	0.99999981 	
0.99988694 	0.99999832 	0.99996658 	0.99999491 	0.99986207 	0.99994277 	0.99999565 	0.99999683 	0.99999973 	0.99999935 	0.99999991 	0.99998312 	0.99995327 	0.99999870 	0.99963996 	0.99999981 	
0.99990281 	0.99999832 	0.99996658 	0.99999491 	0.99986207 	0.99994277 	0.99999565 	0.99999683 	0.99999973 	0.99999935 	0.99999991 	0.99998312 	0.99995327 	0.99999870 	0.99963996 	0.99999981 	
0.99990281 	0.99999832 	0.99996658 	0.99999491 	0.99986207 	0.99994277 	0.99999565 	0.99999683 	0.99999973 	0.99999935 	0.99999991 	0.99998312 	0.99995327 	0.99999870 	0.99963996 	0.99999981 	
0.99990281 	0.99999832 	0.99996658 	0.99999491 	0.99986207 	0.99994277 	0.99999565 	0.99999683 	0.99999973 	0.99999935 	0.99999991 	0.99998312 	0.99995327 	0.99999870 	0.99963996 	0.99999981 	
0.99990281 	0.99999832 	0.99996658 	0.99999496 	0.99986207 	0.99994277 	0.99999565 	0.99999683 	0.99999973 	0.99999935 	0.99999991 	0.99998312 	0.99995327 	0.99999870 	0.99963996 	0.99999981 	
0.99990281 	0.99999832 	0.99996658 	0.99999496 	0.99986207 	0.99994277 	0.99999565 	0.99999683 	0.99999973 	0.99999935 	0.99999991 	0.99998312 	0.99995327 	0.99999870 	0.99963996 	0.99999981 	
0.99990281 	0.99999832 	0.99996658 	0.99999496 	0.99986207 	0.99995936 	0.99999565 	0.99999683 	0.99999973 	0.99999935 	0.99999991 	0.99998312 	0.99995327 	0.99999870 	0.99963996 	0.99999981 	
0.99990281 	0.99999832 	0.99996658 	0.99999496 	0.99986207 	0.99995936 	0.99999565 	0.99999683 	0.99999973 	0.99999935 	0.99999991 	0.99998312 	0.99995327 	0.99999870 	0.99963996 	0.99999981 	
0.99990281 	0.99999832 	0.99996658 	0.99999496 	0.99986207 	0.99995936 	0.99999565 	0.99999683 	0.99999973 	0.99999935 	0.99999991 	0.99998312 	0.99995327 	0.99999870 	0.99963996 	0.99999981 	
0.99990281 	0.99999832 	0.99996658 	0.99999496 	0.99986207 	0.99995936 	0.99999565 	0.99999683 	0.99999973 	0.99999935 	0.99999991 	0.99998312 	0.99995327 	0.99999870 	0.99963996 	0.99999981 	
0.99990281 	0.99999832 	0.99996658 	0.99999496 	0.99986207 	0.99995936 	0.99999565 	0.99999683 	0.99999973 	0.99999935 	0.99999991 	0.99998312 	0.99995327 	0.99999870 	0.99963996 	0.99999981 	
0.99990281 	0.99999832 	0.99996658 	0.99999496 	0.99986207 	0.99995936 	0.99999565 	0.99999683 	0.99999973 	0.99999935 	0.99999991 	0.99998312 	0.99995327 	0.99999870 	0.99963996 	0.99999981 	
0.99990281 	0.99999832 	0.99996658 	0.99999496 	0.99986207 	0.99995936 	0.99999565 	0.99999683 	0.99999973 	0.99999935 	0.99999991 	0.99998312 	0.99995327 	0.99999870 	0.99963996 	0.99999981 	
0.99990281 	0.99999832 	0.99996658 	0.99999496 	0.99986207 	0.99995936 	0.99999565 	0.99999683 	0.99999973 	0.99999935 	0.99999991 	0.99998312 	0.99998264 	0.99999870 	0.99963996 	0.99999981 	
0.99990281 	0.99999832 	0.99996658 	0.99999496 	0.99986207 	0.99995936 	0.99999565 	0.99999683 	0.99999973 	0.99999935 	0.99999991 	0.99998312 	0.99998264 	0.99999870 	0.99963996 	0.99999981 	
0.99990281 	0.99999832 	0.99996658 	0.99999496 	0.99986207 	0.99995936 	0.99999565 	0.99999683 	0.99999973 	0.99999935 	0.99999991 	0.99998312 	0.99998264 	0.99999870 	0.99968836 	0.99999981 	
0.99990281 	0.99999832 	0.99996658 	0.99999496 	0.99986207 	0.99995936 	0.99999565 	0.99999683 	0.99999973 	0.99999935 	0.99999991 	0.99998312 	0.99998264 	0.99999870 	0.99968836 	0.99999981 	
0.99990281 	0.99999832 	0.99996658 	0.99999496 	0.99986207 	0.99995936 	0.99999565 	0.99999683 	0.99999973 	0.99999935 	0.99999991 	0.99998312 	0.99998264 	0.99999870 	0.99968836 	0.99999981 	
0.99990281 	0.99999961 	0.99996658 	0.99999496 	0.99986207 	0.99995936 	0.99999565 	0.99999683 	0.99999973 	0.99999935 	0.99999991 	0.99998312 	0.99998264 	0.99999870 	0.99968836 	0.99999981 	
0.99990281 	0.99999961 	0.99999267 	0.99999496 	0.99986207 	0.99995936 	0.99999565 	0.99999683 	0.99999973 	0.99999935 	0.99999991 	0.99998312 	0.99998264 	0.99999870 	0.99968836 	0.99999981 	
0.99990281 	0.99999961 	0.99999267 	0.99999496 	0.99986207 	0.99995936 	0.99999565 	0.99999683 	0.99999973 	0.99999935 	0.99999991 	0.99998312 	0.99998264 	0.99999870 	0.99968836 	0.99999981 	
0.99990281 	0.99999961 	0.99999267 	0.99999496 	0.99986676 	0.99995936 	0.99999565 	0.99999683 	0.99999973 	0.99999935 	0.99999991 	0.99998312 	0.99998264 	0.99999870 	0.99968836 	0.99999981 	
0.99990281 	0.99999961 	0.99999267 	0.99999496 	0.99986676 	0.99995936 	0.99999565 	0.99999683 	0.99999973 	0.99999935 	0.99999991 	0.99998312 	0.99998264 	0.99999870 	0.99968836 	0.99999981 	
0.99990281 	0.99999961 	0.99999267 	0.99999496 	0.99986676 	0.99995936 	0.99999967 	0.99999683 	0.99999973 	0.99999935 	0.99999991 	0.99998312 	0.99998264 	0.99999870 	0.99968836 	0.99999981 	
0.99990281 	0.99999961 	0.99999267 	0.99999496 	0.99986676 	0.99995936 	0.99999967 	0.99999961 	0.99999973 	0.99999935 	0.99999991 	0.99998312 	0.99998264 	0.99999870 	0.99968836 	0.99999981 	
0.99990281 	0.99999961 	0.99999267 	0.99999496 	0.99986676 	0.99995936 	0.99999967 	0.99999961 	0.99999973 	0.99999935 	0.99999991 	0.99998312 	0.99998264 	0.99999870 	0.99968836 	0.99999981 	
0.99990281 	0.99999961 	0.99999267 	0.99999496 	0.99986676 	0.99995936 	0.99999967 	0.99999961 	0.99999973 	0.99999935 	0.99999991 	0.99998312 	0.99998264 	0.99999870 	0.99968836 	0.99999981 	
0.99990281 	0.99999961 	0.99999267 	0.99999496 	0.99986676 	0.99995936 	0.99999967 	0.99999961 	0.99999973 	0.99999935 	0.99999991 	0.99998312 	0.99998264 	0.99999870 	0.99968836 	0.99999981 	
0.99990281 	0.99999961 	0.99999267 	0.99999496 	0.99986676 	0.99995936 	0.99999967 	0.99999961 	0.99999973 	0.99999935 	0.99999991 	0.99998312 	0.99998264 	0.99999870 	0.99968836 	0.99999981 	
0.99990281 	0.99999961 	0.99999267 	0.99999496 	0.99986676 	0.99995936 	0.99999967 	0.99999961 	0.99999973 	0.99999935 	0.99999991 	0.99998312 	0.99998264 	0.99999870 	0.99968836 	0.99999981 	
0.99990281 	0.99999961 	0.99999267 	0.99999496 	0.99986676 	0.99995936 	0.99999967 	0.99999961 	0.99999973 	0.99999935 	0.99999991 	0.99998312 	0.99998264 	0.99999980 	0.99968836 	0.99999981 	
0.99990281 	0.99999961 	0.99999267 	0.99999496 	0.99986676 	0.99995936 	0.99999967 	0.99999961 	0.99999973 	0.99999935 	0.99999991 	0.99998312 	0.99998264 	0.99999980 	0.99988488 	0.99999981 	
0.99990281 	0.99999961 	0.99999267 	0.99999496 	0.99986676 	0.99995936 	0.99999967 	0.99999961 	0.99999973 	0.99999935 	0.99999991 	0.99998312 	0.99998264 	0.99999980 	0.99988488 	0.99999981 	
0.99994467 	0.99999961 	0.99999267 	0.99999496 	0.99986676 	0.99995936 	0.99999967 	0.99999961 	0.99999973 	0.99999935 	0.99999991 	0.99998312 	0.99998264 	0.99999980 	0.99988488 	0.99999981 	
0.99994467 	0.99999961 	0.99999267 	0.99999496 	0.99986676 	0.99995936 	0.99999967 	0.99999961 	0.99999973 	0.99999935 	0.99999991 	0.99998312 	0.99998264 	0.99999980 	0.99988488 	0.99999981 	
0.99994467 	0.99999961 	0.99999267 	0.99999496 	0.99986676 	0.99995936 	0.99999967 	0.99999961 	0.99999973 	0.99999935 	0.99999991 	0.99998312 	0.99998264 	0.99999980 	0.99988488 	0.99999981 	
0.99994467 	0.99999961 	0.99999267 	0.99999496 	0.99986676 	0.99995936 	0.99999967 	0.99999961 	0.99999973 	0.99999935 	0.99999991 	0.99998312 	0.99998264 	0.99999980 	0.99988488 	0.99999981 	
0.99994467 	0.99999961 	0.99999267 	0.99999496 	0.99999672 	0.99995936 	0.99999967 	0.99999961 	0.99999973 	0.99999935 	0.99999991 	0.99998312 	0.99998264 	0.99999980 	0.99988488 	0.99999981 	
0.99994467 	0.99999961 	0.99999267 	0.99999496 	0.99999672 	0.99995936 	0.99999967 	0.99999961 	0.99999973 	0.99999935 	0.99999991 	0.99998312 	0.99998264 	0.99999980 	0.99988488 	0.99999981 	
0.99994467 	0.99999961 	0.99999267 	0.99999496 	0.99999672 	0.99995936 	0.99999967 	0.99999961 	0.99999973 	0.99999935 	0.99999991 	0.99998312 	0.99998264 	0.99999980 	0.99988488 	0.99999981 	
0.99994467 	0.99999961 	0.99999267 	0.99999496 	0.99999672 	0.99995936 	0.99999967 	0.99999961 	0.99999973 	0.99999935 	0.99999991 	0.99998312 	0.99998264 	0.99999980 	0.99988488 	0.99999981 	
0.99994467 	0.99999961 	0.99999267 	0.99999496 	0.99999672 	0.99995936 	0.99999967 	0.99999961 	0.99999973 	0.99999935 	0.99999991 	0.99998312 	0.99998264 	0.99999980 	0.99988488 	0.99999981 	
0.99994467 	0.99999961 	0.99999267 	0.99999496 	0.99999672 	0.99995936 	0.99999967 	0.99999961 	0.99999973 	0.99999990 	0.99999991 	0.99998312 	0.99998264 	0.99999980 	0.99988488 	0.99999981 	
0.99994467 	0.99999961 	0.99999267 	0.99999496 	0.99999672 	0.99995936 	0.99999967 	0.99999961 	0.99999973 	0.99999990 	0.99999991 	0.99998312 	0.99998264 	0.99999980 	0.99988488 	0.99999981 	
0.99994467 	0.99999961 	0.99999267 	0.99999496 	0.99999672 	0.99995936 	0.99999967 	0.99999961 	0.99999973 	0.99999990 	0.99999991 	0.99998709 	0.99998264 	0.99999980 	0.99988488 	0.99999981 	
0.99994467 	0.99999961 	0.99999267 	0.99999496 	0.99999672 	0.99995936 	0.99999967 	0.99999961 	0.99999973 	0.99999990 	0.99999991 	0.99998709 	0.99998264 	0.99999980 	0.99988488 	0.99999981 	
0.99994467 	0.99999961 	0.99999267 	0.99999496 	0.99999672 	0.99995936 	0.99999967 	0.99999961 	0.99999973 	0.99999990 	0.99999991 	0.99998709 	0.99998264 	0.99999980 	0.99988488 	0.99999981 	
0.99994467 	0.99999961 	0.99999267 	0.99999496 	0.99999672 	0.99995936 	0.99999967 	0.99999961 	0.99999973 	0.99999990 	0.99999991 	0.99998709 	0.99998264 	0.99999980 	0.99988488 	0.99999981 	
0.99994467 	0.99999961 	0.99999267 	0.99999496 	0.99999672 	0.99995936 	0.99999967 	0.99999961 	0.99999973 	0.99999990 	0.99999991 	0.99998709 	0.99998264 	0.99999980 	0.99988488 	0.99999981 	
0.99994816 	0.99999961 	0.99999267 	0.99999496 	0.99999672 	0.99995936 	0.99999967 	0.99999961 	0.99999973 	0.99999990 	0.99999991 	0.99998709 	0.99998264 	0.99999980 	0.99988488 	0.99999981 	
0.99994816 	0.99999961 	0.99999267 	0.99999496 	0.99999672 	0.99995936 	0.99999967 	0.99999961 	0.99999973 	0.99999990 	0.99999991 	0.99998709 	0.99998264 	0.99999980 	0.99988488 	0.99999981 	
0.99994816 	0.99999961 	0.99999337 	0.99999496 	0.99999672 	0.99995936 	0.99999967 	0.99999961 	0.99999973 	0.99999990 	0.99999991 	0.99998709 	0.99998264 	0.99999980 	0.99988488 	0.99999981 	
0.99994816 	0.99999961 	0.99999337 	0.99999496 	0.99999672 	0.99995936 	0.99999967 	0.99999961 	0.99999973 	0.99999990 	0.99999991 	0.99998709 	0.99998264 	0.99999980 	0.99988488 	0.99999981 	
0.99994816 	0.99999961 	0.99999337 	0.99999496 	0.99999672 	0.99995936 	0.99999967 	0.99999961 	0.99999973 	0.99999990 	0.99999991 	0.99998709 	0.99998264 	0.99999980 	0.99988488 	0.99999981 	
0.99994816 	0.99999961 	0.99999337 	0.99999496 	0.99999672 	0.99998663 	0.99999967 	0.99999961 	0.99999973 	0.99999990 	0.99999991 	0.99998709 	0.99998264 	0.99999980 	0.99988488 	0.99999981 	
0.99994816 	0.99999961 	0.99999337 	0.99999496 	0.99999672 	0.99998663 	0.99999967 	0.99999961 	0.99999973 	0.99999990 	0.99999991 	0.99998709 	0.99998264 	0.99999980 	0.99988488 	0.99999981 	
0.99994816 	0.99999961 	0.99999337 	0.99999496 	0.99999672 	0.99998663 	0.99999967 	0.99999961 	0.99999973 	0.99999990 	0.99999991 	0.99998709 	0.99998264 	0.99999980 	0.99988488 	0.99999981 	
0.99994816 	0.99999961 	0.99999337 	0.99999496 	0.99999672 	0.99998663 	0.99999967 	0.99999961 	0.99999983 	0.99999990 	0.99999991 	0.99998709 	0.99998264 	0.99999980 	0.99988488 	0.99999981 	
0.99994816 	0.99999961 	0.99999337 	0.99999496 	0.99999672 	0.99998663 	0.99999967 	0.99999961 	0.99999983 	0.99999990 	0.99999991 	0.99998709 	0.99998264 	0.99999980 	0.99988488 	0.99999981 	
0.99994816 	0.99999961 	0.99999337 	0.99999496 	0.99999672 	0.99998663 	0.99999967 	0.99999961 	0.99999983 	0.99999990 	0.99999998 	0.99998709 	0.99998264 	0.99999980 	0.99988488 	0.99999981 	
0.99994816 	0.99999961 	0.99999337 	0.99999496 	0.99999672 	0.99998663 	0.99999967 	0.99999961 	0.99999983 	0.99999990 	0.99999998 	0.99999593 	0.99998264 	0.99999980 	0.99988488 	0.99999981 	
0.99994816 	0.99999961 	0.99999337 	0.99999496 	0.99999672 	0.99998663 	0.99999967 	0.99999961 	0.99999983 	0.99999990 	0.99999998 	0.99999593 	0.99998378 	0.99999980 	0.99988488 	0.99999981 	
0.99994816 	0.99999961 	0.99999337 	0.99999496 	0.99999672 	0.99998663 	0.99999967 	0.99999961 	0.99999983 	0.99999990 	0.99999998 	0.99999593 	0.99998378 	0.99999980 	0.99988488 	0.99999981 	
0.99994816 	0.99999961 	0.99999337 	0.99999496 	0.99999672 	0.99998663 	0.99999967 	0.99999961 	0.99999983 	0.99999990 	0.99999998 	0.99999593 	0.99998378 	0.99999980 	0.99988488 	0.99999981 	
0.99994816 	0.99999961 	0.99999337 	0.99999496 	0.99999672 	0.99998663 	0.99999967 	0.99999961 	0.99999983 	0.99999990 	0.99999998 	0.99999593 	0.99998378 	0.99999980 	0.99988488 	0.99999981 	
0.99999644 	0.99999961 	0.99999337 	0.99999496 	0.99999672 	0.99998663 	0.99999967 	0.99999961 	0.99999983 	0.99999990 	0.99999998 	0.99999593 	0.99998378 	0.99999980 	0.99988488 	0.99999981 	
0.99999644 	0.99999961 	0.99999337 	0.99999496 	0.99999672 	0.99998663 	0.99999967 	0.99999961 	0.99999983 	0.99999990 	0.99999998 	0.99999593 	0.99998378 	0.99999980 	0.99988488 	0.99999981 	
0.99999644 	0.99999961 	0.99999572 	0.99999496 	0.99999672 	0.99998663 	0.99999967 	0.99999961 	0.99999983 	0.99999990 	0.99999998 	0.99999593 	0.99998378 	0.99999980 	0.99988488 	0.99999981 	
0.99999644 	0.99999961 	0.99999572 	0.99999496 	0.99999672 	0.99998663 	0.99999967 	0.99999961 	0.99999983 	0.99999990 	0.99999998 	0.99999593 	0.99998378 	0.99999980 	0.99988488 	0.99999981 	
0.99999644 	0.99999961 	0.99999572 	0.99999496 	0.99999672 	0.99998663 	0.99999967 	0.99999961 	0.99999983 	0.99999990 	0.99999998 	0.99999593 	0.99998378 	0.99999980 	0.99988488 	0.99999981 	
0.99999644 	0.99999961 	0.99999572 	0.99999496 	0.99999672 	0.99998912 	0.99999967 	0.99999961 	0.99999983 	0.99999990 	0.99999998 	0.99999593 	0.99998378 	0.99999980 	0.99988488 	0.99999981 	
0.99999644 	0.99999961 	0.99999572 	0.99999496 	0.99999672 	0.99998912 	0.99999967 	0.99999961 	0.99999983 	0.99999990 	0.99999998 	0.99999593 	0.99998378 	0.99999980 	0.99988488 	0.99999981 	
0.99999644 	0.99999961 	0.99999572 	0.99999496 	0.99999672 	0.99998912 	0.99999967 	0.99999999 	0.99999983 	0.99999990 	0.99999998 	0.99999593 	0.99998378 	0.99999980 	0.99988488 	0.99999981 	
0.99999644 	0.99999961 	0.99999572 	0.99999496 	0.99999672 	0.99998912 	0.99999967 	0.99999999 	0.99999989 	0.99999990 	0.99999998 	0.99999593 	0.99998378 	0.99999980 	0.99988488 	0.99999981 	
0.99999644 	0.99999961 	0.99999572 	0.99999496 	0.99999672 	0.99998912 	0.99999967 	0.99999999 	0.99999989 	0.99999990 	0.99999998 	0.99999593 	0.99998378 	0.99999980 	0.99988488 	0.99999981 	
0.99999644 	0.99999961 	0.99999572 	0.99999496 	0.99999672 	0.99998912 	0.99999967 	0.99999999 	0.99999989 	0.99999990 	0.99999999 	0.99999593 	0.99998378 	0.99999980 	0.99988488 	0.99999981 	
0.99999644 	0.99999961 	0.99999572 	0.99999496 	0.99999672 	0.99998912 	0.99999967 	0.99999999 	0.99999989 	0.99999990 	0.99999999 	0.99999655 	0.99998378 	0.99999980 	0.99988488 	0.99999981 	
0.99999644 	0.99999961 	0.99999572 	0.99999496 	0.99999672 	0.99998912 	0.99999967 	0.99999999 	0.99999989 	0.99999990 	0.99999999 	0.99999655 	0.99998378 	0.99999980 	0.99988488 	0.99999981 	
0.99999644 	0.99999961 	0.99999572 	0.99999496 	0.99999672 	0.99998912 	0.99999967 	0.99999999 	0.99999989 	0.99999990 	0.99999999 	0.99999655 	0.99998378 	0.99999980 	0.99988488 	0.99999981 	
0.99999644 	0.99999961 	0.99999572 	0.99999496 	0.99999672 	0.99998912 	0.99999967 	0.99999999 	0.99999989 	0.99999990 	0.99999999 	0.99999655 	0.99998378 	0.99999980 	0.99996486 	0.99999981 	
0.99999644 	0.99999961 	0.99999572 	0.99999496 	0.99999672 	0.99998912 	0.99999967 	0.99999999 	0.99999989 	0.99999990 	0.99999999 	0.99999655 	0.99998378 	0.99999980 	0.99996486 	0.99999981 	
0.99999903 	0.99999961 	0.99999572 	0.99999496 	0.99999672 	0.99998912 	0.99999967 	0.99999999 	0.99999989 	0.99999990 	0.99999999 	0.99999655 	0.99998378 	0.99999980 	0.99996486 	0.99999981 	
0.99999903 	0.99999961 	0.99999572 	0.99999496 	0.99999672 	0.99998912 	0.99999967 	0.99999999 	0.99999989 	0.99999990 	0.99999999 	0.99999655 	0.99998378 	0.99999980 	0.99996486 	0.99999981 	
0.99999903 	0.99999961 	0.99999888 	0.99999496 	0.99999672 	0.99998912 	0.99999967 	0.99999999 	0.99999989 	0.99999990 	0.99999999 	0.99999655 	0.99998378 	0.99999980 	0.99996486 	0.99999981 	
0.99999903 	0.99999961 	0.99999888 	0.99999901 	0.99999672 	0.99998912 	0.99999967 	0.99999999 	0.99999989 	0.99999990 	0.99999999 	0.99999655 	0.99998378 	0.99999980 	0.99996486 	0.99999981 	
0.99999903 	0.99999961 	0.99999888 	0.99999901 	0.99999672 	0.99998912 	0.99999967 	0.99999999 	0.99999989 	0.99999990 	0.99999999 	0.99999655 	0.99998378 	0.99999980 	0.99996486 	0.99999981 	
0.99999903 	0.99999961 	0.99999888 	0.99999901 	0.99999672 	0.99999480 	0.99999967 	0.99999999 	0.99999989 	0.99999990 	0.99999999 	0.99999655 	0.99998378 	0.99999980 	0.99996486 	0.99999981 	
0.99999903 	0.99999961 	0.99999888 	0.99999901 	0.99999672 	0.99999480 	0.99999967 	0.99999999 	0.99999989 	0.99999990 	0.99999999 	0.99999655 	0.99998378 	0.99999980 	0.99996486 	0.99999981 	
0.99999903 	0.99999961 	0.99999888 	0.99999901 	0.99999672 	0.99999480 	0.99999967 	0.99999999 	0.99999989 	0.99999990 	0.99999999 	0.99999655 	0.99998378 	0.99999980 	0.99996486 	0.99999981 	
0.99999903 	0.99999961 	0.99999888 	0.99999901 	0.99999672 	0.99999480 	0.99999967 	0.99999999 	0.99999989 	0.99999990 	0.99999999 	0.99999655 	0.99998378 	0.99999980 	0.99996486 	0.99999981 	
0.99999903 	0.99999961 	0.99999888 	0.99999901 	0.99999672 	0.99999480 	0.99999967 	0.99999999 	0.99999989 	0.99999990 	0.99999999 	0.99999655 	0.99998378 	0.99999980 	0.99996486 	0.99999981 	
0.99999903 	0.99999961 	0.99999888 	0.99999901 	0.99999672 	0.99999480 	0.99999967 	0.99999999 	0.99999989 	0.99999990 	0.99999999 	0.99999655 	0.99998378 	0.99999980 	0.99996486 	0.99999981 	
0.99999903 	0.99999961 	0.99999888 	0.99999901 	0.99999672 	0.99999480 	0.99999967 	0.99999999 	0.99999989 	0.99999990 	0.99999999 	0.99999655 	0.99998378 	0.99999980 	0.99996486 	0.99999981 	
0.99999903 	0.99999961 	0.99999888 	0.99999901 	0.99999672 	0.99999480 	0.99999967 	0.99999999 	0.99999989 	0.99999990 	0.99999999 	0.99999655 	0.99998378 	0.99999980 	0.99996486 	0.99999981 	
0.99999903 	0.99999961 	0.99999888 	0.99999901 	0.99999672 	0.99999480 	0.99999967 	0.99999999 	0.99999989 	0.99999990 	0.99999999 	0.99999655 	0.99998378 	0.99999980 	0.99996486 	0.99999981 	
0.99999903 	0.99999961 	0.99999888 	0.99999901 	0.99999672 	0.99999480 	0.99999967 	0.99999999 	0.99999989 	0.99999990 	0.99999999 	0.99999655 	0.99998378 	0.99999980 	0.99996486 	0.99999981 	
0.99999903 	0.99999961 	0.99999888 	0.99999901 	0.99999672 	0.99999480 	0.99999967 	0.99999999 	0.99999989 	0.99999990 	0.99999999 	0.99999655 	0.99998378 	0.99999980 	0.99996486 	0.99999981 	
0.99999903 	0.99999961 	0.99999888 	0.99999901 	0.99999672 	0.99999480 	0.99999967 	0.99999999 	0.99999989 	0.99999990 	0.99999999 	0.99999655 	0.99998378 	0.99999980 	0.99996486 	0.99999981 	
0.99999903 	0.99999961 	0.99999888 	0.99999901 	0.99999672 	0.99999480 	0.99999967 	0.99999999 	0.99999989 	0.99999990 	0.99999999 	0.99999655 	0.99998378 	0.99999980 	0.99996486 	0.99999981 	
0.99999903 	0.99999961 	0.99999993 	0.99999901 	0.99999672 	0.99999480 	0.99999967 	0.99999999 	0.99999989 	0.99999990 	0.99999999 	0.99999655 	0.99998378 	0.99999980 	0.99996486 	0.99999981 	
0.99999903 	0.99999961 	0.99999993 	0.99999901 	0.99999672 	0.99999480 	0.99999967 	0.99999999 	0.99999989 	0.99999990 	0.99999999 	0.99999655 	0.99998378 	0.99999980 	0.99996486 	0.99999981 	
0.99999903 	0.99999961 	0.99999993 	0.99999901 	0.99999776 	0.99999480 	0.99999967 	0.99999999 	0.99999989 	0.99999990 	0.99999999 	0.99999655 	0.99998378 	0.99999980 	0.99996486 	0.99999981 	
0.99999903 	0.99999961 	0.99999993 	0.99999901 	0.99999776 	0.99999549 	0.99999967 	0.99999999 	0.99999989 	0.99999990 	0.99999999 	0.99999655 	0.99998378 	0.99999980 	0.99996486 	0.99999981 	
0.99999903 	0.99999961 	0.99999993 	0.99999901 	0.99999776 	0.99999549 	0.99999967 	0.99999999 	0.99999989 	0.99999990 	0.99999999 	0.99999655 	0.99998378 	0.99999980 	0.99996486 	0.99999981 	
0.99999903 	0.99999961 	0.99999993 	0.99999901 	0.99999776 	0.99999549 	0.99999967 	0.99999999 	0.99999989 	0.99999990 	0.99999999 	0.99999655 	0.99998378 	0.99999980 	0.99996486 	0.99999981 	
0.99999903 	0.99999961 	0.99999993 	0.99999901 	0.99999776 	0.99999549 	0.99999967 	0.99999999 	0.99999989 	0.99999990 	0.99999999 	0.99999655 	0.99998378 	0.99999980 	0.99996486 	0.99999981 	
0.99999903 	0.99999961 	0.99999993 	0.99999901 	0.99999776 	0.99999549 	0.99999967 	0.99999999 	0.99999989 	0.99999990 	0.99999999 	0.99999655 	0.99998378 	0.99999980 	0.99996486 	0.99999981 	
0.99999903 	0.99999961 	0.99999993 	0.99999901 	0.99999776 	0.99999549 	0.99999967 	0.99999999 	0.99999989 	0.99999990 	0.99999999 	0.99999655 	0.99998378 	0.99999980 	0.99996486 	0.99999981 	
0.99999903 	0.99999961 	0.99999993 	0.99999901 	0.99999776 	0.99999549 	0.99999967 	0.99999999 	0.99999989 	0.99999990 	0.99999999 	0.99999751 	0.99998378 	0.99999980 	0.99996486 	0.99999981 	
0.99999903 	0.99999961 	0.99999993 	0.99999901 	0.99999776 	0.99999549 	0.99999967 	0.99999999 	0.99999989 	0.99999990 	0.99999999 	0.99999751 	0.99999990 	0.99999980 	0.99996486 	0.99999981 	
0.99999903 	0.99999961 	0.99999993 	0.99999901 	0.99999776 	0.99999549 	0.99999967 	0.99999999 	0.99999989 	0.99999990 	0.99999999 	0.99999751 	0.99999990 	0.99999997 	0.99996486 	0.99999981 	
0.99999903 	0.99999961 	0.99999993 	0.99999901 	0.99999776 	0.99999549 	0.99999967 	0.99999999 	0.99999989 	0.99999990 	0.99999999 	0.99999751 	0.99999990 	0.99999997 	0.99996486 	0.99999981 	
0.99999903 	0.99999961 	0.99999993 	0.99999901 	0.99999776 	0.99999549 	0.99999967 	0.99999999 	0.99999989 	0.99999990 	0.99999999 	0.99999751 	0.99999990 	0.99999997 	0.99996486 	0.99999981 	
0.99999967 	0.99999961 	0.99999993 	0.99999901 	0.99999776 	0.99999549 	0.99999967 	0.99999999 	0.99999989 	0.99999990 	0.99999999 	0.99999751 	0.99999990 	0.99999997 	0.99996486 	0.99999981 	
0.99999967 	0.99999961 	0.99999993 	0.99999901 	0.99999776 	0.99999549 	0.99999967 	0.99999999 	0.99999989 	0.99999990 	0.99999999 	0.99999751 	0.99999990 	0.99999997 	0.99996486 	0.99999981 	
0.99999967 	0.99999961 	0.99999994 	0.99999901 	0.99999776 	0.99999549 	0.99999967 	0.99999999 	0.99999989 	0.99999990 	0.99999999 	0.99999751 	0.99999990 	0.99999997 	0.99996486 	0.99999981 	
0.99999967 	0.99999961 	0.99999994 	0.99999914 	0.99999776 	0.99999549 	0.99999967 	0.99999999 	0.99999989 	0.99999990 	0.99999999 	0.99999751 	0.99999990 	0.99999997 	0.99996486 	0.99999981 	
0.99999967 	0.99999961 	0.99999994 	0.99999914 	0.99999808 	0.99999549 	0.99999967 	0.99999999 	0.99999989 	0.99999990 	0.99999999 	0.99999751 	0.99999990 	0.99999997 	0.99996486 	0.99999981 	
0.99999967 	0.99999961 	0.99999994 	0.99999914 	0.99999808 	0.99999743 	0.99999967 	0.99999999 	0.99999989 	0.99999990 	0.99999999 	0.99999751 	0.99999990 	0.99999997 	0.99996486 	0.99999981 	
0.99999967 	0.99999961 	0.99999994 	0.99999914 	0.99999808 	0.99999743 	0.99999967 	0.99999999 	0.99999989 	0.99999990 	0.99999999 	0.99999751 	0.99999990 	0.99999997 	0.99996486 	0.99999981 	
0.99999967 	0.99999961 	0.99999994 	0.99999914 	0.99999808 	0.99999743 	0.99999967 	0.99999999 	0.99999989 	0.99999990 	0.99999999 	0.99999751 	0.99999990 	0.99999997 	0.99996486 	0.99999981 	
0.99999967 	0.99999961 	0.99999994 	0.99999914 	0.99999808 	0.99999743 	0.99999967 	0.99999999 	0.99999989 	0.99999990 	0.99999999 	0.99999751 	0.99999990 	0.99999997 	0.99996486 	0.99999981 	
0.99999967 	0.99999961 	0.99999994 	0.99999914 	0.99999808 	0.99999743 	0.99999967 	0.99999999 	0.99999989 	0.99999990 	0.99999999 	0.99999751 	0.99999990 	0.99999997 	0.99996486 	0.99999981 	
0.99999967 	0.99999961 	0.99999994 	0.99999914 	0.99999808 	0.99999743 	0.99999967 	0.99999999 	0.99999989 	0.99999990 	0.99999999 	0.99999751 	0.99999990 	0.99999997 	0.99996486 	0.99999981 	
0.99999967 	0.99999961 	0.99999994 	0.99999914 	0.99999808 	0.99999743 	0.99999967 	0.99999999 	0.99999989 	0.99999990 	0.99999999 	0.99999751 	0.99999990 	0.99999997 	0.99996486 	0.99999981 	
0.99999967 	0.99999961 	0.99999994 	0.99999914 	0.99999808 	0.99999743 	0.99999967 	0.99999999 	0.99999989 	0.99999990 	0.99999999 	0.99999751 	0.99999990 	0.99999997 	0.99996486 	0.99999981 	
0.99999967 	0.99999961 	0.99999994 	0.99999914 	0.99999808 	0.99999743 	0.99999967 	0.99999999 	0.99999989 	0.99999990 	0.99999999 	0.99999751 	0.99999990 	0.99999997 	0.99996486 	0.99999981 	
0.99999967 	0.99999961 	0.99999994 	0.99999914 	0.99999808 	0.99999743 	0.99999967 	0.99999999 	0.99999989 	0.99999990 	0.99999999 	0.99999751 	0.99999990 	0.99999997 	0.99998202 	0.99999981 	
0.99999967 	0.99999961 	0.99999994 	0.99999914 	0.99999808 	0.99999743 	0.99999967 	0.99999999 	0.99999989 	0.99999990 	0.99999999 	0.99999751 	0.99999990 	0.99999997 	0.99998202 	0.99999981 	
0.99999967 	0.99999961 	0.99999994 	0.99999914 	0.99999808 	0.99999743 	0.99999967 	0.99999999 	0.99999989 	0.99999990 	0.99999999 	0.99999751 	0.99999990 	0.99999997 	0.99998202 	0.99999981 	
0.99999967 	0.99999961 	0.99999994 	0.99999914 	0.99999808 	0.99999743 	0.99999967 	0.99999999 	0.99999989 	0.99999990 	0.99999999 	0.99999751 	0.99999990 	0.99999997 	0.99998202 	0.99999981 	
0.99999967 	0.99999961 	0.99999996 	0.99999914 	0.99999808 	0.99999743 	0.99999967 	0.99999999 	0.99999989 	0.99999990 	0.99999999 	0.99999751 	0.99999990 	0.99999997 	0.99998202 	0.99999981 	
0.99999967 	0.99999961 	0.99999996 	0.99999962 	0.99999808 	0.99999743 	0.99999967 	0.99999999 	0.99999989 	0.99999990 	0.99999999 	0.99999751 	0.99999990 	0.99999997 	0.99998202 	0.99999981 	
0.99999967 	0.99999961 	0.99999996 	0.99999962 	0.99999808 	0.99999743 	0.99999967 	0.99999999 	0.99999989 	0.99999990 	0.99999999 	0.99999751 	0.99999990 	0.99999997 	0.99998202 	0.99999981 	
0.99999967 	0.99999961 	0.99999996 	0.99999962 	0.99999808 	0.99999965 	0.99999967 	0.99999999 	0.99999989 	0.99999990 	0.99999999 	0.99999751 	0.99999990 	0.99999997 	0.99998202 	0.99999981 	
0.99999967 	0.99999961 	0.99999996 	0.99999962 	0.99999808 	0.99999965 	0.99999967 	0.99999999 	0.99999989 	0.99999990 	0.99999999 	0.99999751 	0.99999990 	0.99999997 	0.99998202 	0.99999981 	
0.99999967 	0.99999961 	0.99999996 	0.99999962 	0.99999808 	0.99999965 	0.99999967 	0.99999999 	0.99999989 	0.99999990 	0.99999999 	0.99999751 	0.99999990 	0.99999997 	0.99998202 	0.99999981 	
0.99999967 	0.99999961 	0.99999996 	0.99999962 	0.99999808 	0.99999965 	0.99999967 	0.99999999 	0.99999989 	0.99999990 	0.99999999 	0.99999751 	0.99999990 	0.99999997 	0.99998202 	0.99999981 	
0.99999967 	0.99999961 	0.99999996 	0.99999962 	0.99999808 	0.99999965 	0.99999967 	0.99999999 	0.99999989 	0.99999990 	0.99999999 	0.99999751 	0.99999990 	0.99999997 	0.99998202 	0.99999981 	
0.99999967 	0.99999961 	0.99999996 	0.99999962 	0.99999808 	0.99999965 	0.99999967 	0.99999999 	0.99999989 	0.99999990 	0.99999999 	0.99999751 	0.99999990 	0.99999997 	0.99998202 	0.99999981 	
0.99999967 	0.99999961 	0.99999996 	0.99999962 	0.99999808 	0.99999965 	0.99999967 	0.99999999 	0.99999989 	0.99999990 	0.99999999 	0.99999766 	0.99999990 	0.99999997 	0.99998202 	0.99999981 	
0.99999967 	0.99999961 	0.99999996 	0.99999962 	0.99999808 	0.99999965 	0.99999967 	0.99999999 	0.99999989 	0.99999990 	0.99999999 	0.99999766 	0.99999990 	0.99999997 	0.99998202 	0.99999981 	
0.99999967 	0.99999961 	0.99999996 	0.99999962 	0.99999808 	0.99999965 	0.99999967 	0.99999999 	0.99999989 	0.99999990 	0.99999999 	0.99999766 	0.99999990 	0.99999997 	0.99998202 	0.99999981 	
0.99999967 	0.99999961 	0.99999996 	0.99999962 	0.99999808 	0.99999965 	0.99999967 	0.99999999 	0.99999989 	0.99999990 	0.99999999 	0.99999766 	0.99999990 	0.99999997 	0.99998890 	0.99999981 	
0.99999967 	0.99999961 	0.99999996 	0.99999962 	0.99999808 	0.99999965 	0.99999967 	0.99999999 	0.99999989 	0.99999990 	0.99999999 	0.99999766 	0.99999990 	0.99999997 	0.99998890 	0.99999981 	
