-1513740.31086498 
-1443585.75079613 
-1400132.63076031 
-1392003.45694846 
-1390342.75981936 
-1331767.23809088 
-1288218.56057324 
-1286799.22779338 
-1260402.03009616 
-1260314.60770997 
-1250383.42324884 
-1158331.03153063 
-1158331.03153063 
-1148875.65684721 
-1129505.90724050 
-1065633.20122161 
-1061290.65526138 
-1030107.21804303 
-1010875.34001001 
-1002263.30418350 
-969632.87085846 
-964025.21667598 
-929575.55132057 
-920733.36020789 
-876323.09561121 
-851607.47794467 
-834528.53917066 
-823031.39339417 
-808335.05142684 
-720780.35554236 
-678459.39043302 
-559502.18214198 
-502310.25340549 
-428562.36960923 
-339497.91684347 
-271783.22286302 
-271681.75175497 
-271681.75175497 
-271681.75175497 
-271681.75175497 
-271623.18263589 
-271623.18263589 
-268824.88536075 
-268489.96304713 
-268489.01749739 
-268453.36650549 
-267591.76778002 
-266661.84172169 
-266196.18700393 
-266196.18700393 
-266196.18700393 
-264598.01748010 
-264598.01748010 
-264379.34004882 
-260053.46864039 
-259950.13074972 
-255841.32179250 
-255841.32179250 
-255834.59994074 
-249694.60738204 
-249184.43219363 
-248648.12108777 
-248648.12108777 
-248340.27514449 
-248335.22403970 
-242729.68376508 
-242729.68376508 
-242729.68376508 
-238194.50086237 
-236021.02714559 
-235469.41710590 
-235469.41710590 
-235453.12938416 
-235185.75481463 
-235025.97736520 
-235001.02656108 
-235001.02656108 
-234993.08396760 
-234993.08396760 
-234947.09199553 
-234498.26042779 
-234498.26042779 
-234478.01019687 
-234478.01019687 
-234224.49027458 
-234081.77055401 
-232976.26731082 
-231470.94533829 
-231354.75879005 
-227249.88511541 
-201823.03733975 
-201757.46306495 
-201757.46306495 
-201519.99575049 
-201386.50344383 
-201386.50344383 
-201375.81742050 
-201375.81742050 
-201375.81742050 
-201375.81742050 
-201375.65788439 
-199225.29244012 
-199225.29244012 
-199225.29244012 
-191147.53315814 
-191139.58802573 
-190584.61125252 
-190584.61125252 
-190584.61125252 
-189815.08141182 
-176768.19233055 
-173848.02731363 
-173109.72214685 
-173109.72214685 
-172500.17056242 
-172355.68069679 
-171621.32907978 
-171621.14056800 
-165807.46795857 
-165807.46795857 
-165559.46773796 
-164065.64671359 
-164065.64671359 
-164065.64671359 
-164027.99379666 
-161337.64844070 
-161285.84289988 
-161072.72345676 
-155523.59069601 
-155085.64487146 
-155002.72234406 
-154503.30037041 
-154141.56859899 
-153920.29726338 
-153920.29726338 
-152421.07529903 
-152420.02046458 
-145985.93269889 
-145596.51296288 
-145596.51296288 
-145541.73564370 
-145541.73564370 
-145541.73564370 
-145417.60733639 
-145417.60733639 
-145417.60733639 
-138753.72542609 
-138753.72542609 
-135570.29340984 
-135570.29340984 
-135490.42356795 
-135490.12680920 
-135338.53626131 
-135013.66272538 
-119481.99652789 
-119307.63142099 
-119095.77374379 
-119095.77374379 
-115199.73490457 
-115050.12660776 
-115050.12660776 
-114222.65373393 
-114222.65373393 
-114195.33395477 
-113687.99269375 
-113633.31851102 
-113623.69357463 
-113623.69357463 
-112616.56842002 
-112254.33207119 
-112254.33207119 
-112242.12236689 
-112242.12236689 
-112157.72958364 
-112157.72958364 
-112072.50965261 
-112046.74198863 
-111904.41043384 
-111866.90358335 
-111866.90358335 
-111866.90358335 
-111866.90358335 
-111657.87430116 
-111603.15732721 
-111603.15732721 
-111603.15732721 
-111419.84959557 
-111416.13759356 
-111250.51895598 
-111159.37417136 
-108533.96738201 
-108473.94202503 
-108473.94202503 
-108470.80184762 
-107539.25452420 
-104265.86050708 
-104133.59012812 
-104133.59012812 
-93369.35249124 
-93369.35249124 
-93369.35249124 
-93351.20588112 
-93342.06645080 
-93342.06645080 
-93342.06645080 
-93342.06645080 
-93218.97190691 
-93194.80850313 
-93186.24184773 
-93186.24184773 
-93186.24184773 
-93182.09751470 
-93180.59855950 
-93179.52411463 
-93178.27548873 
-92870.11785157 
-92870.11785157 
-92866.24971337 
-92133.06799856 
-92119.73800879 
-92035.55937195 
-92035.55937195 
-92035.55937195 
-92035.55937195 
-92035.55937195 
-92035.55937195 
-92029.28626710 
-91995.38415030 
-91993.11059415 
-91993.05182505 
-91993.05182505 
-91959.03480637 
-91932.99793789 
-91865.47142231 
-58934.26410378 
-58934.26410378 
-58727.16995223 
-58663.38893267 
-58663.38893267 
-54769.31135344 
-54742.39231525 
-54592.65688537 
-54592.65688537 
-54573.75996592 
-54567.76130877 
-53639.02494109 
-53588.13105943 
-53588.13105943 
-53582.56015988 
-53568.86636138 
-53567.91906020 
-53555.01919887 
-53554.74519888 
-53554.74519888 
-50716.55440280 
-50688.07410915 
-50490.32091000 
-50490.32091000 
-50479.19833476 
-50474.57683165 
-50469.27622500 
-50339.55799277 
-35561.80806583 
-35561.80806583 
-35558.70415656 
-35556.75734302 
-34515.13673557 
-34515.13673557 
-34498.03150319 
-33781.10887177 
-30680.76091241 
-30680.76091241 
-30680.76091241 
-30648.10538973 
-30648.10538973 
-30613.61772031 
-30613.61772031 
-30613.61772031 
-30608.28229821 
-30594.44425950 
-30594.37715049 
-30271.34524227 
-30269.58799897 
-30269.58799897 
-30269.58799897 
-30263.58916429 
-30263.37395169 
-30261.14511448 
-30261.14511448 
-30261.10481886 
-29636.51324503 
-29636.51324503 
-29634.74541921 
-29634.69718016 
-29621.99967417 
-29616.65981234 
-29604.42542971 
-29597.56918617 
-29406.42809844 
-29378.42998363 
-29374.51930762 
-29374.51930762 
-29081.74677302 
-26407.49171428 
-26407.49171428 
-26407.49171428 
-25633.15087817 
-25633.15087817 
-25309.33366939 
-25309.33366939 
-25309.06705636 
-25082.92466012 
-25078.83678599 
-25050.58796660 
-25021.69822790 
-25018.24681458 
-25018.24681458 
-24746.70465090 
-24746.16282197 
-24739.70535296 
-24739.53217344 
-24739.53217344 
-24739.32160329 
-24739.32160329 
-24739.32160329 
-24739.32160329 
-24638.54625318 
-24633.88483908 
-24629.69972986 
-24629.69972986 
-24629.69972986 
-24629.69972986 
-24629.69972986 
-24608.16289817 
-21947.08308322 
-21947.08308322 
-21946.93546651 
-21946.93546651 
-21935.26833105 
-21935.26833105 
-21933.74428610 
-21913.84807942 
-21912.79264715 
-21912.76403366 
-21542.07758688 
-21525.51545807 
-21525.51545807 
-21521.21574352 
-21521.00041948 
-21521.00041948 
-21519.93671264 
-21519.93671264 
-21519.92765512 
-21519.92765512 
-21519.92765512 
-21519.92765512 
-21519.92403937 
-21519.92403937 
-21519.90876013 
-21519.90876013 
-21519.90876013 
-21519.34577351 
-21519.34577351 
-21519.34577351 
-21512.24829665 
-21512.24829665 
-21512.24829665 
-21512.24829665 
-21512.18331232 
-21508.73672536 
-11647.24692414 
-11643.84107925 
-11643.74021907 
-11642.72572362 
-11619.84619203 
-11228.54822967 
-11227.20324349 
-11158.54420238 
-11151.53481069 
-11151.53481069 
-11146.79939373 
-11146.79939373 
-11146.79939373 
-11144.43438849 
-11140.77184909 
-11137.88823261 
-11135.98688538 
-11134.70653433 
-11134.70644948 
-11051.58693906 
-11051.58693906 
-11051.58693906 
-11051.58693906 
-11044.47549514 
-11044.47549514 
-11044.45745118 
-11044.45745118 
-11044.44867240 
-11033.50419593 
-11033.32756503 
-11033.32756503 
-11033.32756503 
-11033.24922955 
-11033.24922955 
-11033.21435630 
-11030.99847219 
-8160.92775202 
-8160.92775202 
-8160.92775202 
-8160.92775202 
-8157.53845546 
-7370.24643945 
-7370.24643945 
-7370.24643945 
-7369.66553182 
-7369.56134396 
-7340.19869640 
-7340.19869640 
-7340.19869640 
-7339.90973668 
-7339.71827674 
-7337.49676966 
-7337.34295165 
-7337.34295165 
-7337.34295165 
-7334.45972616 
-7333.91754581 
-7333.87537439 
-7333.87486934 
-7333.57238203 
-7333.56318673 
-7333.30190512 
-7333.30190512 
-7333.30190512 
-7333.09561217 
-7333.09561217 
-7333.09561217 
-7333.09561217 
-7333.09561217 
-7333.08413878 
-7333.02250678 
-7333.02250678 
-7281.30094939 
-7281.26521039 
-7281.21276595 
-7281.21276595 
-7280.88212391 
-7260.35909468 
-7260.35909468 
-7260.35909468 
-7260.35909468 
-7260.35559234 
-7259.84349512 
-7258.78563421 
-7258.78563421 
-7258.64884426 
-7258.21517101 
-7258.13780218 
-7258.13780218 
-7258.13780218 
-7258.13780218 
-7236.60235758 
-7236.60235758 
-7236.60235758 
-7236.58815453 
-7236.10461160 
-7236.10461160 
-7236.10461160 
-7236.10461160 
-7236.10461160 
-7236.10461160 
-7236.10461160 
-7233.75349807 
-7233.75349807 
-7232.84491615 
-7232.81075483 
-7232.81075483 
-7232.60832435 
-4127.24179433 
-4127.24179433 
-4127.24179433 
-4127.24179433 
-4127.24179433 
-4127.24179433 
-4127.24179433 
-4126.32338360 
-4126.32338360 
-4126.28493067 
-4125.20934212 
-4125.20934212 
-4125.20934212 
-4125.20934212 
-4125.20934212 
-4122.52384022 
-4122.50525712 
-4122.32299178 
-4122.32299178 
-4113.45889669 
-4113.45889669 
-4113.34840308 
-4113.34840308 
-4112.41028780 
-4112.41028780 
-4112.17861366 
-4112.17861366 
-4112.17861366 
-4112.12310233 
-4112.12310233 
-4112.12310233 
-4112.05702121 
-4111.96683485 
-4111.96683485 
-4111.96505924 
-4111.96505924 
-3726.88781000 
-3726.88781000 
-3726.85480255 
-3726.85480255 
-3726.85458688 
-3726.85458688 
-3726.85330229 
-3726.79918029 
-3726.79918029 
-3726.79918029 
-3726.79918029 
-3726.70453499 
-3726.70453499 
-3726.61413173 
-3726.58461490 
-3726.19519322 
-3726.08770617 
-3726.07104975 
-3726.07104975 
-3726.07104975 
-3726.07104975 
-3725.94201584 
-3725.94201584 
-3725.94201584 
-3725.94201584 
-3725.94201584 
-3725.94201584 
-3725.94201584 
-3725.94201584 
-3725.71239020 
-3725.57594855 
-3725.52894512 
-3725.52517454 
-3725.52517454 
-3725.52517454 
-3725.52517454 
-3404.13548197 
-3404.13430258 
-3404.13430258 
-3404.13430258 
-3404.08702439 
-3403.67882645 
-3403.67882645 
-3403.60375236 
-3403.60375236 
-3403.59004185 
-3403.58006673 
-3403.58006673 
-3403.58006673 
-3403.55594238 
-3403.55594238 
-3403.55594238 
-3403.47304717 
-3403.47064033 
-3403.47064033 
-3403.42247314 
-3403.42247314 
-3403.40725544 
-3403.40725544 
-3403.38996249 
-3403.38996249 
-3403.33788910 
-3403.33788910 
-3403.33788910 
-3403.33788910 
-3403.33788910 
-3403.32613852 
-3403.32613852 
-3403.32613852 
-3403.31703862 
-3403.31661116 
-3403.31661116 
-1686.40558573 
-1686.40558573 
-1686.36750080 
-1686.34921410 
-1686.33130191 
-1686.33130191 
-1686.33130191 
-1686.33130191 
-1686.33130191 
-1686.33130191 
-1686.33130191 
-1685.91791487 
-1685.88055327 
-1685.88055327 
-1685.86395827 
-1685.86186970 
-1685.86107981 
-1685.84872759 
-1685.84872759 
-1683.88834162 
-1683.88834162 
-1683.85949714 
-1683.85949714 
-1683.85949714 
-1683.85949714 
-1683.79102855 
-1683.79102855 
-1683.79102855 
-1683.79102855 
-1683.74454610 
-1683.74454610 
-1683.74454610 
-1683.74228483 
-1683.74228483 
-1683.74228483 
-1683.73988586 
-1683.73988586 
-1683.73988586 
-1683.73988586 
-1683.73152839 
-1683.71715259 
-1682.54810477 
-1682.54810477 
-1682.54810477 
-1682.53985314 
-1682.52974630 
-1682.52974630 
-1682.52974630 
-1682.52893084 
-1682.51762240 
-1682.51727837 
-1682.50535455 
-1682.50535455 
-1682.50407027 
-1682.50407027 
-1682.50407027 
-1682.50249140 
-1682.50249140 
-1682.50249140 
-1682.41450748 
-1682.41450748 
-1682.41450748 
-1682.41450748 
-1682.41450748 
-1682.41450748 
-1682.33339816 
-1682.25440905 
-1682.25440905 
-1682.25058712 
-1682.25058712 
-1682.25058712 
-1682.25058712 
-453.80246035 
-453.80246035 
-453.80246035 
-453.80246035 
-453.79040672 
-453.79040672 
-453.79040672 
-453.78160922 
-453.78160922 
-453.61826485 
-453.61826485 
-453.61826485 
-453.61826485 
-453.61826485 
-453.61826485 
-452.34136645 
-452.34136645 
-452.34136645 
-452.34136645 
-452.29400306 
-452.29264528 
-452.29214906 
-452.29212464 
-452.29212464 
-452.29212464 
-452.25791487 
-452.25791487 
-452.25791487 
-452.25791487 
-452.25791487 
-452.25465012 
-452.25465012 
-452.25465012 
-452.25463524 
-452.25463524 
-452.25463524 
-452.25463524 
-452.25463524 
-452.25463524 
-452.25463524 
-452.25463524 
-452.25463524 
-452.25463524 
-452.25463524 
-452.25463524 
-452.24131535 
-452.24131535 
-452.24131535 
-452.24097773 
-452.24097773 
-452.24097773 
-452.23871718 
-452.23171852 
-452.23171852 
-452.23171852 
-452.23171852 
-452.23171852 
-452.23171852 
-452.23171852 
-452.23171852 
-452.23171852 
-452.23015835 
-452.23015835 
-452.23015835 
-452.23015835 
-452.22718182 
-452.22718182 
-452.21938700 
-452.21917209 
-452.21917209 
-452.21917209 
-452.21917209 
-364.98960434 
-364.98960434 
-364.98960434 
-364.98948950 
-364.98948950 
-364.98948950 
-364.98948950 
-364.98903266 
-364.98903266 
-364.98903266 
-364.98903266 
-364.98903266 
-364.98778970 
-364.98778970 
-364.98778970 
-364.98702584 
-364.98702584 
-364.98702584 
-364.98702584 
-364.98702584 
-364.98702584 
-364.98702584 
-364.98702584 
-364.98515280 
-364.98465472 
-364.98188543 
-364.98188543 
-364.98188543 
-364.98188543 
-364.98188543 
-364.98188543 
-364.97620424 
-364.97620424 
-364.97620424 
-364.97620424 
-364.97620424 
-202.17854763 
-202.17854763 
-202.17750476 
-202.17750476 
-202.17750476 
-202.17750476 
-201.85076576 
-201.84892761 
-201.52573443 
-201.52573443 
-201.52548821 
-201.52548821 
-201.52548821 
-201.52548821 
-201.52548821 
-201.52257307 
-201.52157597 
-201.52157597 
-201.52118883 
-201.52118883 
-201.52118883 
-201.52115688 
-201.52115688 
-201.52115688 
-201.52115688 
-201.52115688 
-201.52115688 
-201.52115688 
-201.52115688 
-201.52115688 
-201.52115688 
-201.52115688 
-201.52115688 
-201.52115688 
-201.52115688 
-201.52115688 
-40.82996455 
-40.82996455 
-40.82996455 
-40.82996455 
-40.82996455 
-40.82996455 
-40.81559489 
-40.81559489 
-40.76310010 
-40.76310010 
-40.73701091 
-40.73701091 
-40.73701091 
-40.73701091 
-40.73701091 
-40.73636237 
-40.73636237 
-40.73487914 
-40.73487914 
-40.73487914 
-40.73487914 
-40.73364786 
-40.73364786 
-40.73259346 
-40.73250882 
-40.72706889 
-40.72706889 
-40.72696707 
-40.72696707 
-40.72695194 
-40.72695194 
-40.72695194 
-40.72695194 
-40.72695194 
-40.72695194 
-40.72695194 
-30.25902131 
-30.25902131 
-30.25851522 
-30.25851522 
-30.25851522 
-30.25767046 
-30.25767046 
-30.25767046 
-30.25767046 
-30.25767046 
-30.25767046 
-30.25767046 
-30.25767046 
-30.25767046 
-30.25767046 
-30.25767046 
-30.25767046 
-30.25746122 
-30.25746122 
-30.25746122 
-30.25746122 
-30.25746122 
-30.25746122 
-30.25746122 
-30.25746122 
-30.25466080 
-30.23841405 
-30.23841405 
-30.23841405 
-30.23841405 
-30.23841405 
-30.23841405 
-30.22049649 
-30.20870141 
-30.20870141 
-30.20870141 
-30.15184875 
-30.15184875 
-30.15184875 
-30.15184875 
-30.15184875 
-30.15184875 
-30.15184875 
-30.14372678 
-30.14372678 
-30.14372678 
-30.14371448 
-30.14371448 
-30.14371448 
-30.14371448 
-30.14371448 
-30.14371448 
-30.14365464 
-30.14012887 
-30.14003325 
-30.13644906 
-30.13644906 
-30.13644906 
-30.13644906 
-30.13644906 
-30.13644906 
-30.13644906 
