-1572804.42047828 
-1550737.14922920 
-1535162.39823164 
-1419922.76605972 
-1366149.32268974 
-1360546.37485999 
-1346103.17277481 
-1122428.56083596 
-1023383.10193737 
-819289.70761926 
-777072.10268532 
-766755.97210539 
-738669.95883253 
-498614.06948760 
-331675.15286918 
-220133.94708192 
-220133.94708192 
-219782.05601176 
-218842.94118655 
-218642.62624959 
-213608.51327144 
-212220.86493450 
-208000.32438133 
-208000.32438133 
-205233.05324354 
-204025.28531150 
-203120.93345208 
-203120.93345208 
-199428.37177260 
-199428.37177260 
-199428.37177260 
-198323.90905744 
-198323.90905744 
-192868.06691683 
-189134.41865119 
-186850.10194090 
-186850.10194090 
-171285.26635433 
-164639.97822421 
-154494.73864385 
-154494.73864385 
-154430.12411196 
-154430.12411196 
-152838.49433143 
-152838.49433143 
-152838.49433143 
-132933.56285139 
-132933.56285139 
-132933.56285139 
-132933.56285139 
-128762.05701323 
-128394.41209160 
-125780.55258481 
-125780.55258481 
-120258.08191796 
-116638.20899784 
-99677.88132586 
-99033.60937705 
-99033.60937705 
-98988.02087598 
-98284.70447876 
-98048.80419570 
-98048.80419570 
-97524.80896190 
-96005.65005680 
-95305.98811567 
-94596.30686209 
-94596.30686209 
-94596.30686209 
-92791.74151833 
-92754.81200312 
-92601.90125675 
-88502.15075481 
-88468.66682315 
-88443.19444758 
-88443.19444758 
-88213.36981459 
-88213.36981459 
-57796.31908329 
-57796.31908329 
-53898.63573485 
-51949.12309610 
-51877.54226898 
-51698.80070517 
-50389.86075974 
-47872.52225075 
-47853.48733298 
-47827.55500985 
-43006.93664122 
-43006.93664122 
-43004.95474747 
-42951.67103505 
-42951.67103505 
-42942.43398032 
-42942.43398032 
-42872.82243440 
-42115.67534467 
-42072.97586692 
-41255.29066099 
-41166.50114584 
-41136.45999657 
-39296.03335276 
-39268.11722856 
-39253.54093999 
-39187.47831697 
-39187.47831697 
-39186.77634557 
-39171.36749906 
-37918.34699711 
-37914.19285354 
-37914.19285354 
-37782.75631635 
-37721.28658782 
-37571.53983310 
-37494.98328805 
-37476.81425465 
-36811.29478876 
-33000.27600571 
-33000.27600571 
-33000.27600571 
-32963.65795737 
-32963.65795737 
-32962.57941508 
-32962.57941508 
-32962.57941508 
-32962.57941508 
-32700.95639380 
-32700.95639380 
-32464.83921062 
-32463.06212783 
-32156.40503374 
-32156.40503374 
-32156.40503374 
-32005.02827546 
-32004.03853334 
-32004.03853334 
-32004.03853334 
-31997.93963564 
-31996.80165521 
-31994.24207151 
-31939.39642809 
-31938.95685030 
-31938.95685030 
-31933.53436063 
-31800.86424070 
-31800.21661507 
-31800.21661507 
-31800.21661507 
-29458.96846738 
-27424.91912685 
-27424.91751794 
-27411.42355262 
-27404.34283405 
-27404.34283405 
-27404.34283405 
-27403.12430710 
-26642.57157847 
-26642.57157847 
-19873.90518192 
-19873.90518192 
-19873.90518192 
-19873.86053060 
-19748.96761387 
-19748.95921437 
-19292.61599719 
-19292.61599719 
-19292.61599719 
-19292.61599719 
-19291.12391436 
-19290.36596222 
-19290.13510379 
-19287.14907537 
-19271.35190930 
-19271.12237120 
-2246.66906787 
-2243.37262812 
-2242.54771187 
-2240.63112781 
-2230.43634139 
-2229.74682658 
-2229.74682658 
-2229.74682658 
-2229.74682658 
-2229.74682658 
-2229.74682658 
-2229.74682658 
-2229.74682658 
-2229.74682658 
-2229.74682658 
-2229.74682658 
-2124.22991020 
-2123.26805159 
-1993.06170189 
-1993.06170189 
-1993.06170189 
-1993.06170189 
-1889.52728915 
-1889.52728915 
-1889.52728915 
-1889.52728915 
-1889.49386598 
-1889.48110058 
-1889.47482205 
-1886.98765790 
-1886.98765790 
-1886.98765790 
-947.39634366 
-947.39634366 
-947.39634366 
-947.39634366 
-933.42134569 
-933.42134569 
-933.42134569 
-933.42134569 
-933.42134569 
-933.42134569 
-933.42134569 
-933.42134569 
-933.29599348 
-930.88014960 
-930.88014960 
-930.88014960 
-930.88014960 
-930.88014960 
-921.95042562 
-921.80218484 
-920.34953639 
-919.60624723 
-838.89049570 
-787.81738474 
-787.81738474 
-787.81738474 
-787.44604586 
-787.44604586 
-787.30341316 
-787.30341316 
-779.71801297 
-779.71801297 
-321.45619057 
-321.19184814 
-285.93177975 
-285.93177975 
-285.93177975 
-285.93177975 
-285.93177975 
-285.93177975 
-285.93177975 
-285.93177975 
-285.93177975 
-285.93177975 
-285.74962473 
-283.96683948 
-276.80116788 
-276.80116788 
-276.80116788 
-276.80116788 
-275.80632013 
-275.80632013 
-275.80632013 
-275.80214501 
-275.80214501 
-270.56588440 
-270.56588440 
-270.56588440 
-270.56588440 
-270.56588440 
-270.56588440 
-270.56588440 
-268.16420462 
-268.16420462 
-241.12388466 
-241.12388466 
-241.12388466 
-240.94091429 
-237.25248210 
-237.25248210 
-235.80845440 
-235.80845440 
-235.77689558 
-235.73667262 
-235.73667262 
-235.73667262 
-235.73667262 
-235.73667262 
-235.73667262 
-235.70840915 
-141.00510136 
-141.00510136 
-137.42675522 
-137.42675522 
-137.42675522 
-137.42675522 
-92.49937170 
-92.49937170 
-92.49937170 
-92.49937170 
-92.49937170 
-92.43917448 
-92.43917448 
-92.07528489 
-92.07528489 
-92.07528489 
-92.07528489 
-92.07528489 
-91.74628397 
-91.74628397 
-91.65391261 
-91.65391261 
-91.65391261 
-81.67889793 
-81.67889793 
-81.67889793 
-81.66741434 
-81.66741434 
-81.66712483 
-81.02083841 
-80.90198936 
-80.90198936 
-80.90198936 
-80.90198936 
-78.03107659 
-78.03107659 
-77.70027425 
-77.70027425 
-77.70027425 
-77.06177330 
-77.06177330 
-77.05518842 
-77.04826768 
-77.04826768 
-77.04819602 
-77.03228337 
-77.03228337 
-77.03228337 
-29.14795786 
-29.14795786 
-29.03414135 
-29.03414135 
-28.57607932 
-28.13318674 
-28.13318674 
-25.99345303 
-25.99345303 
-25.99345303 
-25.99345303 
-25.99345303 
-25.99345303 
-25.99345303 
-25.99345303 
-25.99345303 
-25.99345303 
-25.99345303 
-25.99345303 
-25.99345303 
-25.88945186 
-25.88945186 
-25.77772950 
-25.57579058 
-25.57579058 
-25.57579058 
-25.57579058 
-25.57579058 
-25.57579058 
-25.52871049 
-23.61841110 
-23.61699113 
-23.61699113 
-23.61699113 
-23.61012623 
-23.61012623 
-23.60847097 
-23.60218731 
-23.57912955 
-23.08996759 
-23.08996759 
-23.08996759 
-23.08996759 
-23.08996759 
-23.08996759 
-23.08996759 
-23.08996759 
-23.08996759 
-12.37291765 
-12.37291765 
-12.37291765 
-12.37291765 
-12.37126081 
-12.33503173 
-12.33503173 
-11.81129378 
-11.81129378 
-11.81129378 
-11.81129378 
-11.81129378 
-11.81129378 
-11.79903886 
-11.79903886 
-11.79903886 
-7.53538730 
-7.53538730 
