-661929095.10077620 
-527940032.67862368 
-524251808.36538428 
-489080634.28858441 
-382786912.02849346 
-273145031.45857072 
-222841127.11885983 
-210216296.86173987 
-171296494.17744517 
-171296494.17744517 
-144552663.52397239 
-144552663.52397239 
-139968473.59947851 
-139849371.91401628 
-139849371.91401628 
-139849371.91401628 
-139568743.13737112 
-139300587.56198484 
-127268933.96857798 
-127268933.96857798 
-127268933.96857798 
-126979137.27616414 
-124908778.26522379 
-124908778.26522379 
-124650430.87565194 
-116862589.41976258 
-114267052.32645687 
-114267052.32645687 
-114207684.96214305 
-112998973.66148043 
-103442318.55557282 
-102763445.00269151 
-102763445.00269151 
-102203040.99124886 
-102203040.99124886 
-102097720.39468345 
-97671696.47900988 
-80371130.53230587 
-80371130.53230587 
-80371130.53230587 
-72859421.75506760 
-70917706.30091696 
-70294950.13882428 
-70266545.02726372 
-70266545.02726372 
-70266545.02726372 
-70181591.96729258 
-70181591.96729258 
-70181591.96729258 
-70116690.72710222 
-70116690.72710222 
-67441369.16693074 
-63518325.98286361 
-62199138.45505121 
-62058884.08848333 
-57224817.64946169 
-57224817.64946169 
-56703632.52492443 
-56568008.65157215 
-42302561.73985028 
-42302561.73985028 
-42261125.41876954 
-32923534.42096102 
-27241560.12271689 
-26108517.34133903 
-26089557.00365416 
-19432531.44566278 
-19432531.44566278 
-19009295.20951318 
-18875882.39112669 
-4224405.97728435 
-4149660.10543934 
-4149660.10543934 
-4075219.00000248 
-3598500.57521631 
-3301825.72862622 
-3301825.72862622 
-3176915.62169377 
-3176915.62169377 
-3176915.62169377 
-3176915.62169377 
-3176915.62169377 
-3176915.62169377 
-3173420.44570575 
-3050900.90353011 
-2968110.84966717 
-2968110.84966717 
-2966950.07350522 
-2564553.72778301 
-2564553.72778301 
-2529333.86109507 
-2524454.16425029 
-2524454.16425029 
-2524454.16425029 
-2524454.16425029 
-2496159.26070306 
-2475211.45164851 
-2183805.49462825 
-2177843.19915656 
-2177843.19915656 
-2177843.19915656 
-2172538.80781400 
-2168868.24085905 
-1475047.57203599 
-1475047.57203599 
-1475047.57203599 
-1475047.57203599 
-1475047.57203599 
-793669.95622229 
-788606.46922116 
-787321.79944308 
-787321.79944308 
-741275.94144132 
-740684.87287874 
-669858.84422473 
-669642.46053034 
-669642.46053034 
-669642.46053034 
-669642.46053034 
-251015.59868148 
-244368.44803451 
-244368.44803451 
-244368.44803451 
-223355.31014994 
-214436.43243038 
-214436.43243038 
-214436.43243038 
-214436.43243038 
-213676.74815883 
-208487.01226112 
-171924.90703854 
-171685.88994410 
-171683.84562362 
-171683.84562362 
-136090.37619380 
-123006.20266712 
-122561.73554146 
-122561.73554146 
-122561.73554146 
-119419.67964936 
-119283.38280844 
-119283.38280844 
-119283.38280844 
-119263.63562561 
-119263.63562561 
-119263.63562561 
-119263.63562561 
-119263.63562561 
-119240.53753037 
-119240.53753037 
-116542.81330724 
-116542.81330724 
-116542.81330724 
-116542.81330724 
-116542.81330724 
-116518.89225240 
-115993.80744185 
-115993.80744185 
-115993.80744185 
-115993.58401561 
-115960.12620388 
-115960.12620388 
-115960.12620388 
-78261.72427663 
-78176.19188346 
-78090.41495731 
-78090.41495731 
-49049.31506844 
-49049.31506844 
-49049.31506844 
-48982.09276691 
-48982.09276691 
-48982.09276691 
-48982.09276691 
-24472.82784406 
-22732.36561324 
-22732.36561324 
-22732.36561324 
-18590.24608815 
-18590.24608815 
-18590.24608815 
-18590.24608815 
-18590.24608815 
-18590.24608815 
-18590.24608815 
-18590.24608815 
-18571.49642199 
-18571.49642199 
-18549.77799437 
-11626.59559899 
-11626.59559899 
-11626.59559899 
-11626.59559899 
-11626.59559899 
-11619.54918585 
-11619.54918585 
-11306.46267486 
-11306.46267486 
-11306.46267486 
-11274.34200511 
-10185.88000014 
-10185.88000014 
-10185.88000014 
-10185.88000014 
-10157.71510905 
-10147.93432239 
-10147.93432239 
-10147.93432239 
-10147.93432239 
-10147.93432239 
-10147.93432239 
-10147.93432239 
-10147.93432239 
-10147.93432239 
-10093.25142338 
-9939.02431942 
-9939.02431942 
-7559.02107244 
-7442.93382480 
-7422.03940077 
-7422.03940077 
-7422.03940077 
-7422.03940077 
-7422.03940077 
-7422.03940077 
-7395.07000528 
-7395.07000528 
-7395.07000528 
-7395.07000528 
-7395.07000528 
-7395.07000528 
-7395.07000528 
-7395.07000528 
-7363.83784897 
-7363.83784897 
-7363.83784897 
-7363.82076672 
-7363.82076672 
-7363.82076672 
-7363.82076672 
-7363.82076672 
-7363.82076672 
-7362.63532702 
-7362.63532702 
-7362.63532702 
-5787.16783830 
-5785.19998423 
-5785.19998423 
-5785.19998423 
-5785.19998423 
-5716.72271169 
-5714.82440971 
-5714.82440971 
-5714.82440971 
-5714.82440971 
-5714.82440971 
-3564.14232201 
-3564.14232201 
-3564.14232201 
-3563.97726286 
-3563.29578032 
-3563.29578032 
-3563.29578032 
-3563.29578032 
-3550.93518647 
-3550.93518647 
-3480.26206702 
-1226.97553353 
-1226.97553353 
-1226.97553353 
-1226.97553353 
-1226.97553353 
-1215.40095971 
-1209.62824046 
-1209.62824046 
