0.96194376 	0.95931658 	0.54283848 	0.80478686 	0.86696500 	0.39227855 	0.13411524 	0.74515354 	0.68012222 	0.55625321 	0.80042582 	
0.96194376 	0.95931658 	0.54283848 	0.80478686 	0.86696500 	0.39227855 	0.13411524 	0.74515354 	0.68012222 	0.55625321 	0.80042582 	
0.96194376 	0.95931658 	0.41275209 	0.80478686 	0.86696500 	0.39227855 	0.13411524 	0.74515354 	0.68012222 	0.55625321 	0.80042582 	
0.96194376 	0.95931658 	0.41275209 	0.91726998 	0.86696500 	0.39227855 	0.13411524 	0.74515354 	0.68012222 	0.55625321 	0.80042582 	
0.96194376 	0.95931658 	0.41275209 	0.91726998 	0.99981785 	0.39227855 	0.13411524 	0.74515354 	0.68012222 	0.55625321 	0.80042582 	
0.96194376 	0.95931658 	0.41275209 	0.91726998 	0.99981785 	0.70658916 	0.13411524 	0.74515354 	0.68012222 	0.55625321 	0.80042582 	
0.96194376 	0.95931658 	0.41275209 	0.91726998 	0.99981785 	0.70658916 	0.96857793 	0.74515354 	0.68012222 	0.55625321 	0.80042582 	
0.96194376 	0.95931658 	0.41275209 	0.91726998 	0.99981785 	0.70658916 	0.96857793 	0.94529372 	0.68012222 	0.55625321 	0.80042582 	
0.96194376 	0.95931658 	0.41275209 	0.91726998 	0.99981785 	0.70658916 	0.96857793 	0.94529372 	0.98355818 	0.55625321 	0.80042582 	
0.96194376 	0.95931658 	0.41275209 	0.91726998 	0.99981785 	0.70658916 	0.96857793 	0.94529372 	0.98355818 	0.99197100 	0.80042582 	
0.96194376 	0.95931658 	0.41275209 	0.91726998 	0.99981785 	0.70658916 	0.96857793 	0.94529372 	0.98355818 	0.99197100 	0.97383237 	
0.99643233 	0.95931658 	0.41275209 	0.91726998 	0.99981785 	0.70658916 	0.96857793 	0.94529372 	0.98355818 	0.99197100 	0.97383237 	
0.99643233 	0.98204327 	0.41275209 	0.91726998 	0.99981785 	0.70658916 	0.96857793 	0.94529372 	0.98355818 	0.99197100 	0.97383237 	
0.99643233 	0.98204327 	0.34097092 	0.91726998 	0.99981785 	0.70658916 	0.96857793 	0.94529372 	0.98355818 	0.99197100 	0.97383237 	
0.99643233 	0.98204327 	0.34097092 	0.98407696 	0.99981785 	0.70658916 	0.96857793 	0.94529372 	0.98355818 	0.99197100 	0.97383237 	
0.99643233 	0.98204327 	0.34097092 	0.98407696 	0.99981785 	0.70658916 	0.96857793 	0.94529372 	0.98355818 	0.99197100 	0.97383237 	
0.99643233 	0.98204327 	0.34097092 	0.98407696 	0.99981785 	0.69325924 	0.96857793 	0.94529372 	0.98355818 	0.99197100 	0.97383237 	
0.99643233 	0.98204327 	0.34097092 	0.98407696 	0.99981785 	0.69325924 	0.96468206 	0.94529372 	0.98355818 	0.99197100 	0.97383237 	
0.99643233 	0.98204327 	0.34097092 	0.98407696 	0.99981785 	0.69325924 	0.96468206 	0.94859834 	0.98355818 	0.99197100 	0.97383237 	
0.99643233 	0.98204327 	0.34097092 	0.98407696 	0.99981785 	0.69325924 	0.96468206 	0.94859834 	0.98403668 	0.99197100 	0.97383237 	
0.99643233 	0.98204327 	0.34097092 	0.98407696 	0.99981785 	0.69325924 	0.96468206 	0.94859834 	0.98403668 	0.99879252 	0.97383237 	
0.99643233 	0.98204327 	0.34097092 	0.98407696 	0.99981785 	0.69325924 	0.96468206 	0.94859834 	0.98403668 	0.99879252 	0.97522994 	
0.99643233 	0.98204327 	0.34097092 	0.98407696 	0.99981785 	0.69325924 	0.96468206 	0.94859834 	0.98403668 	0.99879252 	0.97522994 	
0.99643233 	0.99141043 	0.34097092 	0.98407696 	0.99981785 	0.69325924 	0.96468206 	0.94859834 	0.98403668 	0.99879252 	0.97522994 	
0.99643233 	0.99141043 	0.34030493 	0.98407696 	0.99981785 	0.69325924 	0.96468206 	0.94859834 	0.98403668 	0.99879252 	0.97522994 	
0.99643233 	0.99141043 	0.34030493 	0.98409611 	0.99981785 	0.69325924 	0.96468206 	0.94859834 	0.98403668 	0.99879252 	0.97522994 	
0.99643233 	0.99141043 	0.34030493 	0.98409611 	0.99981785 	0.69325924 	0.96468206 	0.94859834 	0.98403668 	0.99879252 	0.97522994 	
0.99643233 	0.99141043 	0.34030493 	0.98409611 	0.99981785 	0.69325924 	0.96468206 	0.94859834 	0.98403668 	0.99879252 	0.97522994 	
0.99643233 	0.99141043 	0.34030493 	0.98409611 	0.99981785 	0.69325924 	0.96280875 	0.94859834 	0.98403668 	0.99879252 	0.97522994 	
0.99643233 	0.99141043 	0.34030493 	0.98409611 	0.99981785 	0.69325924 	0.96280875 	0.95568229 	0.98403668 	0.99879252 	0.97522994 	
0.99643233 	0.99141043 	0.34030493 	0.98409611 	0.99981785 	0.69325924 	0.96280875 	0.95568229 	0.99685514 	0.99879252 	0.97522994 	
0.99643233 	0.99141043 	0.34030493 	0.98409611 	0.99981785 	0.69325924 	0.96280875 	0.95568229 	0.99685514 	0.99879252 	0.97522994 	
0.99643233 	0.99141043 	0.34030493 	0.98409611 	0.99981785 	0.69325924 	0.96280875 	0.95568229 	0.99685514 	0.99879252 	0.97383237 	
0.99858824 	0.99141043 	0.34030493 	0.98409611 	0.99981785 	0.69325924 	0.96280875 	0.95568229 	0.99685514 	0.99879252 	0.97383237 	
0.99858824 	0.99235577 	0.34030493 	0.98409611 	0.99981785 	0.69325924 	0.96280875 	0.95568229 	0.99685514 	0.99879252 	0.97383237 	
0.99858824 	0.99235577 	0.28045669 	0.98409611 	0.99981785 	0.69325924 	0.96280875 	0.95568229 	0.99685514 	0.99879252 	0.97383237 	
0.99858824 	0.99235577 	0.28045669 	0.99503094 	0.99981785 	0.69325924 	0.96280875 	0.95568229 	0.99685514 	0.99879252 	0.97383237 	
0.99858824 	0.99235577 	0.28045669 	0.99503094 	0.99981785 	0.69325924 	0.96280875 	0.95568229 	0.99685514 	0.99879252 	0.97383237 	
0.99858824 	0.99235577 	0.28045669 	0.99503094 	0.99981785 	0.69325924 	0.96280875 	0.95568229 	0.99685514 	0.99879252 	0.97383237 	
0.99858824 	0.99235577 	0.28045669 	0.99503094 	0.99981785 	0.69325924 	0.94962190 	0.95568229 	0.99685514 	0.99879252 	0.97383237 	
0.99858824 	0.99235577 	0.28045669 	0.99503094 	0.99981785 	0.69325924 	0.94962190 	0.99143309 	0.99685514 	0.99879252 	0.97383237 	
0.99858824 	0.99235577 	0.28045669 	0.99503094 	0.99981785 	0.69325924 	0.94962190 	0.99143309 	0.99930338 	0.99879252 	0.97383237 	
0.99858824 	0.99235577 	0.28045669 	0.99503094 	0.99981785 	0.69325924 	0.94962190 	0.99143309 	0.99930338 	0.99985086 	0.97383237 	
0.99858824 	0.99235577 	0.28045669 	0.99503094 	0.99981785 	0.69325924 	0.94962190 	0.99143309 	0.99930338 	0.99985086 	0.97036780 	
0.99858824 	0.99235577 	0.28045669 	0.99503094 	0.99981785 	0.69325924 	0.94962190 	0.99143309 	0.99930338 	0.99985086 	0.97036780 	
0.99858824 	0.99591041 	0.28045669 	0.99503094 	0.99981785 	0.69325924 	0.94962190 	0.99143309 	0.99930338 	0.99985086 	0.97036780 	
0.99858824 	0.99591041 	0.31183767 	0.99503094 	0.99981785 	0.69325924 	0.94962190 	0.99143309 	0.99930338 	0.99985086 	0.97036780 	
0.99858824 	0.99591041 	0.31183767 	0.99503094 	0.99981785 	0.69325924 	0.94962190 	0.99143309 	0.99930338 	0.99985086 	0.97036780 	
0.99858824 	0.99591041 	0.31183767 	0.99503094 	0.99981785 	0.69325924 	0.94962190 	0.99143309 	0.99930338 	0.99985086 	0.97036780 	
0.99858824 	0.99591041 	0.31183767 	0.99503094 	0.99981785 	0.68487225 	0.94962190 	0.99143309 	0.99930338 	0.99985086 	0.97036780 	
0.99858824 	0.99591041 	0.31183767 	0.99503094 	0.99981785 	0.68487225 	0.93572814 	0.99143309 	0.99930338 	0.99985086 	0.97036780 	
0.99858824 	0.99591041 	0.31183767 	0.99503094 	0.99981785 	0.68487225 	0.93572814 	0.99143309 	0.99930338 	0.99985086 	0.97036780 	
0.99858824 	0.99591041 	0.31183767 	0.99503094 	0.99981785 	0.68487225 	0.93572814 	0.99143309 	0.99995367 	0.99985086 	0.97036780 	
0.99858824 	0.99591041 	0.31183767 	0.99503094 	0.99981785 	0.68487225 	0.93572814 	0.99143309 	0.99995367 	0.99985086 	0.97036780 	
0.99858824 	0.99591041 	0.31183767 	0.99503094 	0.99981785 	0.68487225 	0.93572814 	0.99143309 	0.99995367 	0.99985086 	0.96993366 	
0.99996195 	0.99591041 	0.31183767 	0.99503094 	0.99981785 	0.68487225 	0.93572814 	0.99143309 	0.99995367 	0.99985086 	0.96993366 	
0.99996195 	0.99656046 	0.31183767 	0.99503094 	0.99981785 	0.68487225 	0.93572814 	0.99143309 	0.99995367 	0.99985086 	0.96993366 	
0.99996195 	0.99656046 	0.28980345 	0.99503094 	0.99981785 	0.68487225 	0.93572814 	0.99143309 	0.99995367 	0.99985086 	0.96993366 	
0.99996195 	0.99656046 	0.28980345 	0.99932081 	0.99981785 	0.68487225 	0.93572814 	0.99143309 	0.99995367 	0.99985086 	0.96993366 	
0.99996195 	0.99656046 	0.28980345 	0.99932081 	0.99988011 	0.68487225 	0.93572814 	0.99143309 	0.99995367 	0.99985086 	0.96993366 	
0.99996195 	0.99656046 	0.28980345 	0.99932081 	0.99988011 	0.68487225 	0.93572814 	0.99143309 	0.99995367 	0.99985086 	0.96993366 	
0.99996195 	0.99656046 	0.28980345 	0.99932081 	0.99988011 	0.68487225 	0.93584801 	0.99143309 	0.99995367 	0.99985086 	0.96993366 	
0.99996195 	0.99656046 	0.28980345 	0.99932081 	0.99988011 	0.68487225 	0.93584801 	0.99987576 	0.99995367 	0.99985086 	0.96993366 	
0.99996195 	0.99656046 	0.28980345 	0.99932081 	0.99988011 	0.68487225 	0.93584801 	0.99987576 	0.99995367 	0.99985086 	0.96993366 	
0.99996195 	0.99656046 	0.28980345 	0.99932081 	0.99988011 	0.68487225 	0.93584801 	0.99987576 	0.99995367 	0.99985086 	0.96993366 	
0.99996195 	0.99656046 	0.28980345 	0.99932081 	0.99988011 	0.68487225 	0.93584801 	0.99987576 	0.99995367 	0.99985086 	0.96488554 	
0.99996195 	0.99656046 	0.28980345 	0.99932081 	0.99988011 	0.68487225 	0.93584801 	0.99987576 	0.99995367 	0.99985086 	0.96488554 	
0.99996195 	0.99777317 	0.28980345 	0.99932081 	0.99988011 	0.68487225 	0.93584801 	0.99987576 	0.99995367 	0.99985086 	0.96488554 	
0.99996195 	0.99777317 	0.29213930 	0.99932081 	0.99988011 	0.68487225 	0.93584801 	0.99987576 	0.99995367 	0.99985086 	0.96488554 	
0.99996195 	0.99777317 	0.29213930 	0.99936591 	0.99988011 	0.68487225 	0.93584801 	0.99987576 	0.99995367 	0.99985086 	0.96488554 	
0.99996195 	0.99777317 	0.29213930 	0.99936591 	0.99995133 	0.68487225 	0.93584801 	0.99987576 	0.99995367 	0.99985086 	0.96488554 	
0.99996195 	0.99777317 	0.29213930 	0.99936591 	0.99995133 	0.68472296 	0.93584801 	0.99987576 	0.99995367 	0.99985086 	0.96488554 	
0.99996195 	0.99777317 	0.29213930 	0.99936591 	0.99995133 	0.68472296 	0.93721939 	0.99987576 	0.99995367 	0.99985086 	0.96488554 	
0.99996195 	0.99777317 	0.29213930 	0.99936591 	0.99995133 	0.68472296 	0.93721939 	0.99994884 	0.99995367 	0.99985086 	0.96488554 	
0.99996195 	0.99777317 	0.29213930 	0.99936591 	0.99995133 	0.68472296 	0.93721939 	0.99994884 	0.99997260 	0.99985086 	0.96488554 	
0.99996195 	0.99777317 	0.29213930 	0.99936591 	0.99995133 	0.68472296 	0.93721939 	0.99994884 	0.99997260 	0.99990384 	0.96488554 	
0.99996195 	0.99777317 	0.29213930 	0.99936591 	0.99995133 	0.68472296 	0.93721939 	0.99994884 	0.99997260 	0.99990384 	0.96617967 	
0.99999992 	0.99777317 	0.29213930 	0.99936591 	0.99995133 	0.68472296 	0.93721939 	0.99994884 	0.99997260 	0.99990384 	0.96617967 	
0.99999992 	0.99777317 	0.29213930 	0.99936591 	0.99995133 	0.68472296 	0.93721939 	0.99994884 	0.99997260 	0.99990384 	0.96617967 	
0.99999992 	0.99777317 	0.29444503 	0.99936591 	0.99995133 	0.68472296 	0.93721939 	0.99994884 	0.99997260 	0.99990384 	0.96617967 	
0.99999992 	0.99777317 	0.29444503 	0.99942068 	0.99995133 	0.68472296 	0.93721939 	0.99994884 	0.99997260 	0.99990384 	0.96617967 	
0.99999992 	0.99777317 	0.29444503 	0.99942068 	0.99999614 	0.68472296 	0.93721939 	0.99994884 	0.99997260 	0.99990384 	0.96617967 	
0.99999992 	0.99777317 	0.29444503 	0.99942068 	0.99999614 	0.68399074 	0.93721939 	0.99994884 	0.99997260 	0.99990384 	0.96617967 	
0.99999992 	0.99777317 	0.29444503 	0.99942068 	0.99999614 	0.68399074 	0.93804712 	0.99994884 	0.99997260 	0.99990384 	0.96617967 	
0.99999992 	0.99777317 	0.29444503 	0.99942068 	0.99999614 	0.68399074 	0.93804712 	0.99994884 	0.99997260 	0.99990384 	0.96617967 	
0.99999992 	0.99777317 	0.29444503 	0.99942068 	0.99999614 	0.68399074 	0.93804712 	0.99994884 	0.99997260 	0.99990384 	0.96617967 	
0.99999992 	0.99777317 	0.29444503 	0.99942068 	0.99999614 	0.68399074 	0.93804712 	0.99994884 	0.99997260 	0.99990384 	0.96617967 	
0.99999992 	0.99777317 	0.29444503 	0.99942068 	0.99999614 	0.68399074 	0.93804712 	0.99994884 	0.99997260 	0.99990384 	0.96517800 	
0.99999992 	0.99777317 	0.29444503 	0.99942068 	0.99999614 	0.68399074 	0.93804712 	0.99994884 	0.99997260 	0.99990384 	0.96517800 	
0.99999992 	0.99830641 	0.29444503 	0.99942068 	0.99999614 	0.68399074 	0.93804712 	0.99994884 	0.99997260 	0.99990384 	0.96517800 	
0.99999992 	0.99830641 	0.29990993 	0.99942068 	0.99999614 	0.68399074 	0.93804712 	0.99994884 	0.99997260 	0.99990384 	0.96517800 	
0.99999992 	0.99830641 	0.29990993 	0.99997550 	0.99999614 	0.68399074 	0.93804712 	0.99994884 	0.99997260 	0.99990384 	0.96517800 	
0.99999992 	0.99830641 	0.29990993 	0.99997550 	0.99999927 	0.68399074 	0.93804712 	0.99994884 	0.99997260 	0.99990384 	0.96517800 	
0.99999992 	0.99830641 	0.29990993 	0.99997550 	0.99999927 	0.68399046 	0.93804712 	0.99994884 	0.99997260 	0.99990384 	0.96517800 	
0.99999992 	0.99830641 	0.29990993 	0.99997550 	0.99999927 	0.68399046 	0.93804712 	0.99994884 	0.99997260 	0.99990384 	0.96517800 	
0.99999992 	0.99830641 	0.29990993 	0.99997550 	0.99999927 	0.68399046 	0.93804712 	0.99994884 	0.99997260 	0.99990384 	0.96517800 	
0.99999992 	0.99830641 	0.29990993 	0.99997550 	0.99999927 	0.68399046 	0.93804712 	0.99994884 	0.99999595 	0.99990384 	0.96517800 	
0.99999992 	0.99830641 	0.29990993 	0.99997550 	0.99999927 	0.68399046 	0.93804712 	0.99994884 	0.99999595 	0.99995348 	0.96517800 	
0.99999992 	0.99830641 	0.29990993 	0.99997550 	0.99999927 	0.68399046 	0.93804712 	0.99994884 	0.99999595 	0.99995348 	0.96517800 	
0.99999992 	0.99830641 	0.29990993 	0.99997550 	0.99999927 	0.68399046 	0.93804712 	0.99994884 	0.99999595 	0.99995348 	0.96517800 	
0.99999992 	0.99982028 	0.29990993 	0.99997550 	0.99999927 	0.68399046 	0.93804712 	0.99994884 	0.99999595 	0.99995348 	0.96517800 	
0.99999992 	0.99982028 	0.29672987 	0.99997550 	0.99999927 	0.68399046 	0.93804712 	0.99994884 	0.99999595 	0.99995348 	0.96517800 	
0.99999992 	0.99982028 	0.29672987 	0.99997550 	0.99999927 	0.68399046 	0.93804712 	0.99994884 	0.99999595 	0.99995348 	0.96517800 	
0.99999992 	0.99982028 	0.29672987 	0.99997550 	0.99999927 	0.68399046 	0.93804712 	0.99994884 	0.99999595 	0.99995348 	0.96517800 	
0.99999992 	0.99982028 	0.29672987 	0.99997550 	0.99999927 	0.68399046 	0.93804712 	0.99994884 	0.99999595 	0.99995348 	0.96517800 	
0.99999992 	0.99982028 	0.29672987 	0.99997550 	0.99999927 	0.68399046 	0.93804712 	0.99994884 	0.99999595 	0.99995348 	0.96517800 	
0.99999992 	0.99982028 	0.29672987 	0.99997550 	0.99999927 	0.68399046 	0.93804712 	0.99994884 	0.99999595 	0.99995348 	0.96517800 	
0.99999992 	0.99982028 	0.29672987 	0.99997550 	0.99999927 	0.68399046 	0.93804712 	0.99994884 	0.99999595 	0.99995348 	0.96517800 	
0.99999992 	0.99982028 	0.29672987 	0.99997550 	0.99999927 	0.68399046 	0.93804712 	0.99994884 	0.99999595 	0.99995868 	0.96517800 	
0.99999992 	0.99982028 	0.29672987 	0.99997550 	0.99999927 	0.68399046 	0.93804712 	0.99994884 	0.99999595 	0.99995868 	0.96517800 	
0.99999992 	0.99982028 	0.29672987 	0.99997550 	0.99999927 	0.68399046 	0.93804712 	0.99994884 	0.99999595 	0.99995868 	0.96517800 	
0.99999992 	0.99992520 	0.29672987 	0.99997550 	0.99999927 	0.68399046 	0.93804712 	0.99994884 	0.99999595 	0.99995868 	0.96517800 	
0.99999992 	0.99992520 	0.29672987 	0.99997550 	0.99999927 	0.68399046 	0.93804712 	0.99994884 	0.99999595 	0.99995868 	0.96517800 	
0.99999992 	0.99992520 	0.29672987 	0.99997550 	0.99999927 	0.68399046 	0.93804712 	0.99994884 	0.99999595 	0.99995868 	0.96517800 	
0.99999992 	0.99992520 	0.29672987 	0.99997550 	0.99999927 	0.68399046 	0.93804712 	0.99994884 	0.99999595 	0.99995868 	0.96517800 	
0.99999992 	0.99992520 	0.29672987 	0.99997550 	0.99999927 	0.68399046 	0.93804712 	0.99994884 	0.99999595 	0.99995868 	0.96517800 	
0.99999992 	0.99992520 	0.29672987 	0.99997550 	0.99999927 	0.68399046 	0.93804712 	0.99994884 	0.99999595 	0.99995868 	0.96517800 	
0.99999992 	0.99992520 	0.29672987 	0.99997550 	0.99999927 	0.68399046 	0.93804712 	0.99998235 	0.99999595 	0.99995868 	0.96517800 	
0.99999992 	0.99992520 	0.29672987 	0.99997550 	0.99999927 	0.68399046 	0.93804712 	0.99998235 	0.99999983 	0.99995868 	0.96517800 	
0.99999992 	0.99992520 	0.29672987 	0.99997550 	0.99999927 	0.68399046 	0.93804712 	0.99998235 	0.99999983 	0.99996651 	0.96517800 	
0.99999992 	0.99992520 	0.29672987 	0.99997550 	0.99999927 	0.68399046 	0.93804712 	0.99998235 	0.99999983 	0.99996651 	0.96438564 	
0.99999992 	0.99992520 	0.29672987 	0.99997550 	0.99999927 	0.68399046 	0.93804712 	0.99998235 	0.99999983 	0.99996651 	0.96438564 	
0.99999992 	0.99992520 	0.29672987 	0.99997550 	0.99999927 	0.68399046 	0.93804712 	0.99998235 	0.99999983 	0.99996651 	0.96438564 	
0.99999992 	0.99992520 	0.29672987 	0.99997550 	0.99999927 	0.68399046 	0.93804712 	0.99998235 	0.99999983 	0.99996651 	0.96438564 	
0.99999992 	0.99992520 	0.29672987 	0.99997550 	0.99999927 	0.68399046 	0.93804712 	0.99998235 	0.99999983 	0.99996651 	0.96438564 	
0.99999992 	0.99992520 	0.29672987 	0.99997550 	0.99999927 	0.68399046 	0.93804712 	0.99998235 	0.99999983 	0.99996651 	0.96438564 	
0.99999992 	0.99992520 	0.29672987 	0.99997550 	0.99999927 	0.68390794 	0.93804712 	0.99998235 	0.99999983 	0.99996651 	0.96438564 	
0.99999992 	0.99992520 	0.29672987 	0.99997550 	0.99999927 	0.68390794 	0.93832574 	0.99998235 	0.99999983 	0.99996651 	0.96438564 	
0.99999992 	0.99992520 	0.29672987 	0.99997550 	0.99999927 	0.68390794 	0.93832574 	0.99998235 	0.99999983 	0.99996651 	0.96438564 	
0.99999992 	0.99992520 	0.29672987 	0.99997550 	0.99999927 	0.68390794 	0.93832574 	0.99998235 	0.99999983 	0.99996651 	0.96438564 	
0.99999992 	0.99992520 	0.29672987 	0.99997550 	0.99999927 	0.68390794 	0.93832574 	0.99998235 	0.99999983 	0.99999594 	0.96438564 	
0.99999992 	0.99992520 	0.29672987 	0.99997550 	0.99999927 	0.68390794 	0.93832574 	0.99998235 	0.99999983 	0.99999594 	0.96438564 	
0.99999992 	0.99992520 	0.29672987 	0.99997550 	0.99999927 	0.68390794 	0.93832574 	0.99998235 	0.99999983 	0.99999594 	0.96438564 	
0.99999992 	0.99993934 	0.29672987 	0.99997550 	0.99999927 	0.68390794 	0.93832574 	0.99998235 	0.99999983 	0.99999594 	0.96438564 	
0.99999992 	0.99993934 	0.29761773 	0.99997550 	0.99999927 	0.68390794 	0.93832574 	0.99998235 	0.99999983 	0.99999594 	0.96438564 	
0.99999992 	0.99993934 	0.29761773 	0.99999771 	0.99999927 	0.68390794 	0.93832574 	0.99998235 	0.99999983 	0.99999594 	0.96438564 	
0.99999992 	0.99993934 	0.29761773 	0.99999771 	0.99999927 	0.68390794 	0.93832574 	0.99998235 	0.99999983 	0.99999594 	0.96438564 	
0.99999992 	0.99993934 	0.29761773 	0.99999771 	0.99999927 	0.68390794 	0.93832574 	0.99998235 	0.99999983 	0.99999594 	0.96438564 	
0.99999992 	0.99993934 	0.29761773 	0.99999771 	0.99999927 	0.68390794 	0.93832574 	0.99998235 	0.99999983 	0.99999594 	0.96438564 	
0.99999992 	0.99993934 	0.29761773 	0.99999771 	0.99999927 	0.68390794 	0.93832574 	0.99998235 	0.99999983 	0.99999594 	0.96438564 	
0.99999992 	0.99993934 	0.29761773 	0.99999771 	0.99999927 	0.68390794 	0.93832574 	0.99998235 	0.99999983 	0.99999594 	0.96438564 	
0.99999992 	0.99993934 	0.29761773 	0.99999771 	0.99999927 	0.68390794 	0.93832574 	0.99998235 	0.99999983 	0.99999594 	0.96438564 	
0.99999992 	0.99993934 	0.29761773 	0.99999771 	0.99999927 	0.68390794 	0.93832574 	0.99998235 	0.99999983 	0.99999594 	0.96438564 	
0.99999992 	0.99993934 	0.29761773 	0.99999771 	0.99999927 	0.68390794 	0.93832574 	0.99998235 	0.99999983 	0.99999594 	0.96438564 	
0.99999992 	0.99993934 	0.29761773 	0.99999771 	0.99999927 	0.68390794 	0.93832574 	0.99998235 	0.99999983 	0.99999594 	0.96438564 	
0.99999992 	0.99993934 	0.29743648 	0.99999771 	0.99999927 	0.68390794 	0.93832574 	0.99998235 	0.99999983 	0.99999594 	0.96438564 	
0.99999992 	0.99993934 	0.29743648 	0.99999771 	0.99999927 	0.68390794 	0.93832574 	0.99998235 	0.99999983 	0.99999594 	0.96438564 	
0.99999992 	0.99993934 	0.29743648 	0.99999771 	0.99999927 	0.68390794 	0.93832574 	0.99998235 	0.99999983 	0.99999594 	0.96438564 	
0.99999992 	0.99993934 	0.29743648 	0.99999771 	0.99999927 	0.68390794 	0.93832574 	0.99998235 	0.99999983 	0.99999594 	0.96438564 	
0.99999992 	0.99993934 	0.29743648 	0.99999771 	0.99999927 	0.68390794 	0.93832574 	0.99998235 	0.99999983 	0.99999594 	0.96438564 	
0.99999992 	0.99993934 	0.29743648 	0.99999771 	0.99999927 	0.68390794 	0.93832574 	0.99998838 	0.99999983 	0.99999594 	0.96438564 	
0.99999992 	0.99993934 	0.29743648 	0.99999771 	0.99999927 	0.68390794 	0.93832574 	0.99998838 	0.99999983 	0.99999594 	0.96438564 	
0.99999992 	0.99993934 	0.29743648 	0.99999771 	0.99999927 	0.68390794 	0.93832574 	0.99998838 	0.99999983 	0.99999594 	0.96438564 	
0.99999992 	0.99993934 	0.29743648 	0.99999771 	0.99999927 	0.68390794 	0.93832574 	0.99998838 	0.99999983 	0.99999594 	0.96438564 	
0.99999992 	0.99993934 	0.29743648 	0.99999771 	0.99999927 	0.68390794 	0.93832574 	0.99998838 	0.99999983 	0.99999594 	0.96438564 	
0.99999992 	0.99994626 	0.29743648 	0.99999771 	0.99999927 	0.68390794 	0.93832574 	0.99998838 	0.99999983 	0.99999594 	0.96438564 	
0.99999992 	0.99994626 	0.29743648 	0.99999771 	0.99999927 	0.68390794 	0.93832574 	0.99998838 	0.99999983 	0.99999594 	0.96438564 	
0.99999992 	0.99994626 	0.29743648 	0.99999788 	0.99999927 	0.68390794 	0.93832574 	0.99998838 	0.99999983 	0.99999594 	0.96438564 	
0.99999992 	0.99994626 	0.29743648 	0.99999788 	0.99999927 	0.68390794 	0.93832574 	0.99998838 	0.99999983 	0.99999594 	0.96438564 	
0.99999992 	0.99994626 	0.29743648 	0.99999788 	0.99999927 	0.68390794 	0.93832574 	0.99998838 	0.99999983 	0.99999594 	0.96438564 	
0.99999992 	0.99994626 	0.29743648 	0.99999788 	0.99999927 	0.68390794 	0.93832574 	0.99998838 	0.99999983 	0.99999594 	0.96438564 	
0.99999992 	0.99994626 	0.29743648 	0.99999788 	0.99999927 	0.68390794 	0.93832574 	0.99999085 	0.99999983 	0.99999594 	0.96438564 	
0.99999992 	0.99994626 	0.29743648 	0.99999788 	0.99999927 	0.68390794 	0.93832574 	0.99999085 	0.99999983 	0.99999594 	0.96438564 	
0.99999992 	0.99994626 	0.29743648 	0.99999788 	0.99999927 	0.68390794 	0.93832574 	0.99999085 	0.99999983 	0.99999594 	0.96438564 	
0.99999992 	0.99994626 	0.29743648 	0.99999788 	0.99999927 	0.68390794 	0.93832574 	0.99999085 	0.99999983 	0.99999594 	0.96438564 	
0.99999992 	0.99994626 	0.29743648 	0.99999788 	0.99999927 	0.68390794 	0.93832574 	0.99999085 	0.99999983 	0.99999594 	0.96438564 	
0.99999992 	0.99997128 	0.29743648 	0.99999788 	0.99999927 	0.68390794 	0.93832574 	0.99999085 	0.99999983 	0.99999594 	0.96438564 	
0.99999992 	0.99997128 	0.29729003 	0.99999788 	0.99999927 	0.68390794 	0.93832574 	0.99999085 	0.99999983 	0.99999594 	0.96438564 	
0.99999992 	0.99997128 	0.29729003 	0.99999995 	0.99999927 	0.68390794 	0.93832574 	0.99999085 	0.99999983 	0.99999594 	0.96438564 	
0.99999992 	0.99997128 	0.29729003 	0.99999995 	0.99999927 	0.68390794 	0.93832574 	0.99999085 	0.99999983 	0.99999594 	0.96438564 	
0.99999992 	0.99997128 	0.29729003 	0.99999995 	0.99999927 	0.68390794 	0.93832574 	0.99999085 	0.99999983 	0.99999594 	0.96438564 	
0.99999992 	0.99997128 	0.29729003 	0.99999995 	0.99999927 	0.68390794 	0.93841483 	0.99999085 	0.99999983 	0.99999594 	0.96438564 	
0.99999992 	0.99997128 	0.29729003 	0.99999995 	0.99999927 	0.68390794 	0.93841483 	0.99999085 	0.99999983 	0.99999594 	0.96438564 	
0.99999992 	0.99997128 	0.29729003 	0.99999995 	0.99999927 	0.68390794 	0.93841483 	0.99999085 	0.99999983 	0.99999594 	0.96438564 	
0.99999992 	0.99997128 	0.29729003 	0.99999995 	0.99999927 	0.68390794 	0.93841483 	0.99999085 	0.99999983 	0.99999594 	0.96438564 	
0.99999992 	0.99997128 	0.29729003 	0.99999995 	0.99999927 	0.68390794 	0.93841483 	0.99999085 	0.99999983 	0.99999594 	0.96438564 	
0.99999992 	0.99997128 	0.29729003 	0.99999995 	0.99999927 	0.68390794 	0.93841483 	0.99999085 	0.99999983 	0.99999594 	0.96438564 	
0.99999992 	0.99997128 	0.29729003 	0.99999995 	0.99999927 	0.68390794 	0.93841483 	0.99999085 	0.99999983 	0.99999594 	0.96438564 	
0.99999992 	0.99997128 	0.29729003 	0.99999995 	0.99999927 	0.68390794 	0.93841483 	0.99999085 	0.99999983 	0.99999594 	0.96438564 	
0.99999992 	0.99997128 	0.29729003 	0.99999995 	0.99999927 	0.68390794 	0.93841483 	0.99999085 	0.99999983 	0.99999594 	0.96438564 	
0.99999992 	0.99997128 	0.29729003 	0.99999995 	0.99999927 	0.68390794 	0.93841483 	0.99999085 	0.99999983 	0.99999594 	0.96438564 	
0.99999992 	0.99997128 	0.29729003 	0.99999995 	0.99999927 	0.68390794 	0.93841483 	0.99999085 	0.99999983 	0.99999594 	0.96438564 	
0.99999992 	0.99997128 	0.29729003 	0.99999995 	0.99999927 	0.68390794 	0.93841483 	0.99999085 	0.99999983 	0.99999594 	0.96438564 	
0.99999992 	0.99997128 	0.29729003 	0.99999995 	0.99999927 	0.68390794 	0.93841483 	0.99999690 	0.99999983 	0.99999594 	0.96438564 	
0.99999992 	0.99997128 	0.29729003 	0.99999995 	0.99999927 	0.68390794 	0.93841483 	0.99999690 	0.99999983 	0.99999594 	0.96438564 	
0.99999992 	0.99997128 	0.29729003 	0.99999995 	0.99999927 	0.68390794 	0.93841483 	0.99999690 	0.99999983 	0.99999594 	0.96438564 	
0.99999992 	0.99997128 	0.29729003 	0.99999995 	0.99999927 	0.68390794 	0.93841483 	0.99999690 	0.99999983 	0.99999594 	0.96438564 	
0.99999992 	0.99997128 	0.29729003 	0.99999995 	0.99999927 	0.68390794 	0.93841483 	0.99999690 	0.99999983 	0.99999594 	0.96438564 	
0.99999992 	0.99997128 	0.29729003 	0.99999995 	0.99999927 	0.68390794 	0.93841483 	0.99999690 	0.99999983 	0.99999594 	0.96438564 	
0.99999992 	0.99997128 	0.29729003 	0.99999995 	0.99999927 	0.68390794 	0.93841483 	0.99999690 	0.99999983 	0.99999594 	0.96438564 	
0.99999992 	0.99997128 	0.29729003 	0.99999995 	0.99999927 	0.68390794 	0.93841483 	0.99999690 	0.99999983 	0.99999594 	0.96438564 	
0.99999992 	0.99997128 	0.29729003 	0.99999995 	0.99999946 	0.68390794 	0.93841483 	0.99999690 	0.99999983 	0.99999594 	0.96438564 	
0.99999992 	0.99997128 	0.29729003 	0.99999995 	0.99999946 	0.68390794 	0.93841483 	0.99999690 	0.99999983 	0.99999594 	0.96438564 	
0.99999992 	0.99997128 	0.29729003 	0.99999995 	0.99999946 	0.68390794 	0.93841483 	0.99999690 	0.99999983 	0.99999594 	0.96438564 	
0.99999992 	0.99997128 	0.29729003 	0.99999995 	0.99999946 	0.68390794 	0.93841483 	0.99999690 	0.99999983 	0.99999594 	0.96438564 	
0.99999992 	0.99997128 	0.29729003 	0.99999995 	0.99999946 	0.68390794 	0.93841483 	0.99999690 	0.99999983 	0.99999594 	0.96438564 	
0.99999992 	0.99997128 	0.29729003 	0.99999995 	0.99999946 	0.68390794 	0.93841483 	0.99999690 	0.99999983 	0.99999594 	0.96438564 	
0.99999992 	0.99997128 	0.29729003 	0.99999995 	0.99999946 	0.68390794 	0.93841483 	0.99999690 	0.99999983 	0.99999594 	0.96438564 	
0.99999992 	0.99997128 	0.29729003 	0.99999995 	0.99999946 	0.68390794 	0.93841483 	0.99999690 	0.99999983 	0.99999594 	0.96438564 	
0.99999992 	0.99997128 	0.29729003 	0.99999995 	0.99999946 	0.68390794 	0.93841483 	0.99999690 	0.99999983 	0.99999594 	0.96438564 	
0.99999992 	0.99997128 	0.29729003 	0.99999995 	0.99999946 	0.68390794 	0.93841483 	0.99999690 	0.99999983 	0.99999594 	0.96438564 	
0.99999992 	0.99997128 	0.29729003 	0.99999995 	0.99999946 	0.68390794 	0.93841483 	0.99999690 	0.99999983 	0.99999594 	0.96438564 	
0.99999992 	0.99997128 	0.29729003 	0.99999995 	0.99999946 	0.68390794 	0.93841483 	0.99999690 	0.99999983 	0.99999594 	0.96438564 	
0.99999992 	0.99997128 	0.29729003 	0.99999995 	0.99999946 	0.68390794 	0.93841483 	0.99999690 	0.99999983 	0.99999594 	0.96438564 	
0.99999992 	0.99997128 	0.29729003 	0.99999995 	0.99999946 	0.68390794 	0.93841483 	0.99999690 	0.99999983 	0.99999594 	0.96438564 	
0.99999992 	0.99997128 	0.29729003 	0.99999995 	0.99999946 	0.68390794 	0.93841483 	0.99999690 	0.99999983 	0.99999594 	0.96438564 	
0.99999992 	0.99997128 	0.29729003 	0.99999995 	0.99999946 	0.68390794 	0.93841483 	0.99999690 	0.99999983 	0.99999594 	0.96438564 	
0.99999992 	0.99997128 	0.29729003 	0.99999995 	0.99999946 	0.68390794 	0.93841483 	0.99999690 	0.99999983 	0.99999594 	0.96438564 	
0.99999992 	0.99997128 	0.29729003 	0.99999995 	0.99999946 	0.68390794 	0.93841483 	0.99999690 	0.99999983 	0.99999594 	0.96438564 	
0.99999992 	0.99997128 	0.29729003 	0.99999995 	0.99999946 	0.68390794 	0.93841483 	0.99999690 	0.99999983 	0.99999594 	0.96438564 	
0.99999992 	0.99997128 	0.29729003 	0.99999995 	0.99999946 	0.68390794 	0.93841483 	0.99999690 	0.99999983 	0.99999594 	0.96438564 	
0.99999992 	0.99997128 	0.29729003 	0.99999995 	0.99999946 	0.68390794 	0.93841483 	0.99999690 	0.99999983 	0.99999594 	0.96438564 	
0.99999992 	0.99997128 	0.29729003 	0.99999995 	0.99999946 	0.68390794 	0.93841483 	0.99999690 	0.99999983 	0.99999594 	0.96438564 	
0.99999992 	0.99997128 	0.29729003 	0.99999995 	0.99999946 	0.68390794 	0.93841483 	0.99999690 	0.99999983 	0.99999594 	0.96438564 	
0.99999992 	0.99997128 	0.29729003 	0.99999995 	0.99999946 	0.68390794 	0.93841483 	0.99999690 	0.99999983 	0.99999594 	0.96438564 	
0.99999992 	0.99997128 	0.29729003 	0.99999995 	0.99999946 	0.68390794 	0.93840275 	0.99999690 	0.99999983 	0.99999594 	0.96438564 	
0.99999992 	0.99997128 	0.29729003 	0.99999995 	0.99999946 	0.68390794 	0.93840275 	0.99999690 	0.99999983 	0.99999594 	0.96438564 	
0.99999992 	0.99997128 	0.29729003 	0.99999995 	0.99999946 	0.68390794 	0.93840275 	0.99999690 	0.99999983 	0.99999594 	0.96438564 	
0.99999992 	0.99997128 	0.29729003 	0.99999995 	0.99999946 	0.68390794 	0.93840275 	0.99999690 	0.99999983 	0.99999594 	0.96438564 	
0.99999992 	0.99997128 	0.29729003 	0.99999995 	0.99999946 	0.68390794 	0.93840275 	0.99999690 	0.99999983 	0.99999594 	0.96438564 	
0.99999992 	0.99997128 	0.29729003 	0.99999995 	0.99999946 	0.68390794 	0.93840275 	0.99999690 	0.99999983 	0.99999594 	0.96438564 	
0.99999992 	0.99997128 	0.29729003 	0.99999995 	0.99999946 	0.68390794 	0.93840275 	0.99999690 	0.99999983 	0.99999594 	0.96438564 	
0.99999992 	0.99997128 	0.29729003 	0.99999995 	0.99999946 	0.68390794 	0.93840275 	0.99999690 	0.99999983 	0.99999594 	0.96438564 	
0.99999992 	0.99997128 	0.29729003 	0.99999995 	0.99999946 	0.68390794 	0.93840275 	0.99999690 	0.99999983 	0.99999594 	0.96438564 	
0.99999992 	0.99997128 	0.29729003 	0.99999995 	0.99999946 	0.68390794 	0.93840275 	0.99999690 	0.99999983 	0.99999594 	0.96438564 	
0.99999992 	0.99997128 	0.29729003 	0.99999995 	0.99999946 	0.68390794 	0.93840275 	0.99999690 	0.99999983 	0.99999594 	0.96438564 	
0.99999992 	0.99997128 	0.29729003 	0.99999995 	0.99999946 	0.68390794 	0.93840275 	0.99999690 	0.99999983 	0.99999594 	0.96438564 	
0.99999992 	0.99997128 	0.29729003 	0.99999995 	0.99999946 	0.68390794 	0.93840275 	0.99999851 	0.99999983 	0.99999594 	0.96438564 	
0.99999992 	0.99997128 	0.29729003 	0.99999995 	0.99999946 	0.68390794 	0.93840275 	0.99999851 	0.99999983 	0.99999594 	0.96438564 	
0.99999992 	0.99997128 	0.29729003 	0.99999995 	0.99999946 	0.68390794 	0.93840275 	0.99999851 	0.99999983 	0.99999594 	0.96438564 	
0.99999992 	0.99997128 	0.29729003 	0.99999995 	0.99999946 	0.68390794 	0.93840275 	0.99999851 	0.99999983 	0.99999594 	0.96438564 	
0.99999992 	0.99997128 	0.29729003 	0.99999995 	0.99999946 	0.68390794 	0.93840275 	0.99999851 	0.99999983 	0.99999594 	0.96438564 	
0.99999992 	0.99997128 	0.29729003 	0.99999995 	0.99999946 	0.68390794 	0.93840275 	0.99999851 	0.99999983 	0.99999594 	0.96438564 	
0.99999992 	0.99997128 	0.29725325 	0.99999995 	0.99999946 	0.68390794 	0.93840275 	0.99999851 	0.99999983 	0.99999594 	0.96438564 	
0.99999992 	0.99997128 	0.29725325 	0.99999995 	0.99999946 	0.68390794 	0.93840275 	0.99999851 	0.99999983 	0.99999594 	0.96438564 	
0.99999992 	0.99997128 	0.29725325 	0.99999995 	0.99999946 	0.68390794 	0.93840275 	0.99999851 	0.99999983 	0.99999594 	0.96438564 	
0.99999992 	0.99997128 	0.29725325 	0.99999995 	0.99999946 	0.68390794 	0.93840275 	0.99999851 	0.99999983 	0.99999594 	0.96438564 	
0.99999992 	0.99997128 	0.29725325 	0.99999995 	0.99999946 	0.68390794 	0.93840275 	0.99999851 	0.99999983 	0.99999594 	0.96438564 	
0.99999992 	0.99997128 	0.29725325 	0.99999995 	0.99999946 	0.68390794 	0.93840275 	0.99999851 	0.99999983 	0.99999594 	0.96438564 	
0.99999992 	0.99997128 	0.29725325 	0.99999995 	0.99999946 	0.68390794 	0.93840275 	0.99999851 	0.99999983 	0.99999594 	0.96438564 	
0.99999992 	0.99997128 	0.29725325 	0.99999995 	0.99999946 	0.68390794 	0.93840275 	0.99999851 	0.99999983 	0.99999594 	0.96438564 	
0.99999992 	0.99997128 	0.29725325 	0.99999995 	0.99999946 	0.68390794 	0.93840275 	0.99999851 	0.99999983 	0.99999594 	0.96438564 	
0.99999992 	0.99997128 	0.29725325 	0.99999995 	0.99999946 	0.68390794 	0.93840275 	0.99999851 	0.99999983 	0.99999594 	0.96438564 	
0.99999992 	0.99997128 	0.29725325 	0.99999995 	0.99999946 	0.68390794 	0.93840275 	0.99999851 	0.99999983 	0.99999594 	0.96438564 	
0.99999992 	0.99997128 	0.29716514 	0.99999995 	0.99999946 	0.68390794 	0.93840275 	0.99999851 	0.99999983 	0.99999594 	0.96438564 	
0.99999992 	0.99997128 	0.29716514 	0.99999995 	0.99999946 	0.68390794 	0.93840275 	0.99999851 	0.99999983 	0.99999594 	0.96438564 	
0.99999992 	0.99997128 	0.29716514 	0.99999995 	0.99999946 	0.68390794 	0.93840275 	0.99999851 	0.99999983 	0.99999594 	0.96438564 	
0.99999992 	0.99997128 	0.29716514 	0.99999995 	0.99999946 	0.68390794 	0.93840275 	0.99999851 	0.99999983 	0.99999594 	0.96438564 	
0.99999992 	0.99997128 	0.29716514 	0.99999995 	0.99999946 	0.68390794 	0.93840275 	0.99999851 	0.99999983 	0.99999594 	0.96438564 	
0.99999992 	0.99997128 	0.29716514 	0.99999995 	0.99999946 	0.68390794 	0.93840275 	0.99999851 	0.99999983 	0.99999594 	0.96438564 	
0.99999992 	0.99997128 	0.29716514 	0.99999995 	0.99999946 	0.68390794 	0.93840275 	0.99999851 	0.99999983 	0.99999594 	0.96438564 	
0.99999992 	0.99997128 	0.29716514 	0.99999995 	0.99999946 	0.68390794 	0.93840275 	0.99999851 	0.99999983 	0.99999594 	0.96438564 	
0.99999992 	0.99997128 	0.29716514 	0.99999995 	0.99999946 	0.68390794 	0.93840275 	0.99999851 	0.99999983 	0.99999594 	0.96438564 	
0.99999992 	0.99997128 	0.29716514 	0.99999995 	0.99999946 	0.68390794 	0.93840275 	0.99999851 	0.99999983 	0.99999594 	0.96438564 	
0.99999992 	0.99997251 	0.29716514 	0.99999995 	0.99999946 	0.68390794 	0.93840275 	0.99999851 	0.99999983 	0.99999594 	0.96438564 	
0.99999992 	0.99997251 	0.29716514 	0.99999995 	0.99999946 	0.68390794 	0.93840275 	0.99999851 	0.99999983 	0.99999594 	0.96438564 	
0.99999992 	0.99997251 	0.29716514 	0.99999995 	0.99999946 	0.68390794 	0.93840275 	0.99999851 	0.99999983 	0.99999594 	0.96438564 	
0.99999992 	0.99997251 	0.29716514 	0.99999995 	0.99999946 	0.68390794 	0.93840275 	0.99999851 	0.99999983 	0.99999594 	0.96438564 	
0.99999992 	0.99997251 	0.29716514 	0.99999995 	0.99999946 	0.68390794 	0.93840275 	0.99999851 	0.99999983 	0.99999594 	0.96438564 	
0.99999992 	0.99997251 	0.29716514 	0.99999995 	0.99999946 	0.68390794 	0.93840275 	0.99999851 	0.99999983 	0.99999594 	0.96438564 	
0.99999992 	0.99997251 	0.29716514 	0.99999995 	0.99999946 	0.68390794 	0.93840275 	0.99999883 	0.99999983 	0.99999594 	0.96438564 	
0.99999992 	0.99997251 	0.29716514 	0.99999995 	0.99999946 	0.68390794 	0.93840275 	0.99999883 	0.99999983 	0.99999594 	0.96438564 	
0.99999992 	0.99997251 	0.29716514 	0.99999995 	0.99999946 	0.68390794 	0.93840275 	0.99999883 	0.99999983 	0.99999594 	0.96438564 	
0.99999992 	0.99997251 	0.29716514 	0.99999995 	0.99999946 	0.68390794 	0.93840275 	0.99999883 	0.99999983 	0.99999594 	0.96438564 	
0.99999992 	0.99997251 	0.29716514 	0.99999995 	0.99999946 	0.68390794 	0.93840275 	0.99999883 	0.99999983 	0.99999594 	0.96438564 	
0.99999992 	0.99997251 	0.29716514 	0.99999995 	0.99999946 	0.68390794 	0.93840275 	0.99999883 	0.99999983 	0.99999594 	0.96438564 	
0.99999992 	0.99997251 	0.29716514 	0.99999995 	0.99999946 	0.68390794 	0.93840275 	0.99999883 	0.99999983 	0.99999594 	0.96438564 	
0.99999992 	0.99997251 	0.29716514 	0.99999995 	0.99999946 	0.68390794 	0.93840275 	0.99999883 	0.99999983 	0.99999594 	0.96438564 	
0.99999992 	0.99997251 	0.29716514 	0.99999995 	0.99999946 	0.68390794 	0.93840275 	0.99999883 	0.99999983 	0.99999594 	0.96438564 	
0.99999992 	0.99997251 	0.29716514 	0.99999995 	0.99999946 	0.68390794 	0.93840275 	0.99999883 	0.99999983 	0.99999594 	0.96438564 	
0.99999992 	0.99997251 	0.29716514 	0.99999995 	0.99999946 	0.68390794 	0.93840275 	0.99999883 	0.99999983 	0.99999594 	0.96438564 	
0.99999992 	0.99997251 	0.29716514 	0.99999995 	0.99999946 	0.68390794 	0.93840275 	0.99999910 	0.99999983 	0.99999594 	0.96438564 	
0.99999992 	0.99997251 	0.29716514 	0.99999995 	0.99999946 	0.68390794 	0.93840275 	0.99999910 	0.99999983 	0.99999594 	0.96438564 	
0.99999992 	0.99997251 	0.29716514 	0.99999995 	0.99999946 	0.68390794 	0.93840275 	0.99999910 	0.99999983 	0.99999594 	0.96438564 	
0.99999992 	0.99997251 	0.29716514 	0.99999995 	0.99999946 	0.68390794 	0.93840275 	0.99999910 	0.99999983 	0.99999594 	0.96438564 	
