0.99817806 	0.54849735 	0.17487570 	0.75700829 	0.98395171 	0.69598764 	0.16137478 	0.37089799 	0.79039531 	0.98590525 	0.96001637 	
0.99817806 	0.98407697 	0.17487570 	0.75700829 	0.98395171 	0.69598764 	0.16137478 	0.37089799 	0.79039531 	0.98590525 	0.96001637 	
0.99817806 	0.98407697 	0.30834817 	0.75700829 	0.98395171 	0.69598764 	0.16137478 	0.37089799 	0.79039531 	0.98590525 	0.96001637 	
0.99817806 	0.98407697 	0.30834817 	0.89409343 	0.98395171 	0.69598764 	0.16137478 	0.37089799 	0.79039531 	0.98590525 	0.96001637 	
0.99817806 	0.98407697 	0.30834817 	0.89409343 	0.98399112 	0.69598764 	0.16137478 	0.37089799 	0.79039531 	0.98590525 	0.96001637 	
0.99817806 	0.98407697 	0.30834817 	0.89409343 	0.98399112 	0.79387267 	0.16137478 	0.37089799 	0.79039531 	0.98590525 	0.96001637 	
0.99817806 	0.98407697 	0.30834817 	0.89409343 	0.98399112 	0.79387267 	0.98825142 	0.37089799 	0.79039531 	0.98590525 	0.96001637 	
0.99817806 	0.98407697 	0.30834817 	0.89409343 	0.98399112 	0.79387267 	0.98825142 	0.99230826 	0.79039531 	0.98590525 	0.96001637 	
0.99817806 	0.98407697 	0.30834817 	0.89409343 	0.98399112 	0.79387267 	0.98825142 	0.99230826 	0.93971172 	0.98590525 	0.96001637 	
0.99817806 	0.98407697 	0.30834817 	0.89409343 	0.98399112 	0.79387267 	0.98825142 	0.99230826 	0.93971172 	0.99295440 	0.96001637 	
0.99817806 	0.98407697 	0.30834817 	0.89409343 	0.98399112 	0.79387267 	0.98825142 	0.99230826 	0.93971172 	0.99295440 	0.96001637 	
0.99817806 	0.98407697 	0.30834817 	0.89409343 	0.98399112 	0.79387267 	0.98825142 	0.99230826 	0.93971172 	0.99295440 	0.96001637 	
0.99817806 	0.98407697 	0.30834817 	0.89409343 	0.98399112 	0.79387267 	0.98825142 	0.99230826 	0.93971172 	0.99295440 	0.96001637 	
0.99817806 	0.98407697 	0.30107723 	0.89409343 	0.98399112 	0.79387267 	0.98825142 	0.99230826 	0.93971172 	0.99295440 	0.96001637 	
0.99817806 	0.98407697 	0.30107723 	0.94069213 	0.98399112 	0.79387267 	0.98825142 	0.99230826 	0.93971172 	0.99295440 	0.96001637 	
0.99817806 	0.98407697 	0.30107723 	0.94069213 	0.98399112 	0.79387267 	0.98825142 	0.99230826 	0.93971172 	0.99295440 	0.96001637 	
0.99817806 	0.98407697 	0.30107723 	0.94069213 	0.98399112 	0.71556585 	0.98825142 	0.99230826 	0.93971172 	0.99295440 	0.96001637 	
0.99817806 	0.98407697 	0.30107723 	0.94069213 	0.98399112 	0.71556585 	0.99114624 	0.99230826 	0.93971172 	0.99295440 	0.96001637 	
0.99817806 	0.98407697 	0.30107723 	0.94069213 	0.98399112 	0.71556585 	0.99114624 	0.99978860 	0.93971172 	0.99295440 	0.96001637 	
0.99817806 	0.98407697 	0.30107723 	0.94069213 	0.98399112 	0.71556585 	0.99114624 	0.99978860 	0.94335843 	0.99295440 	0.96001637 	
0.99817806 	0.98407697 	0.30107723 	0.94069213 	0.98399112 	0.71556585 	0.99114624 	0.99978860 	0.94335843 	0.99318167 	0.96001637 	
0.99817806 	0.98407697 	0.30107723 	0.94069213 	0.98399112 	0.71556585 	0.99114624 	0.99978860 	0.94335843 	0.99318167 	0.97630471 	
0.99982090 	0.98407697 	0.30107723 	0.94069213 	0.98399112 	0.71556585 	0.99114624 	0.99978860 	0.94335843 	0.99318167 	0.97630471 	
0.99982090 	0.99935543 	0.30107723 	0.94069213 	0.98399112 	0.71556585 	0.99114624 	0.99978860 	0.94335843 	0.99318167 	0.97630471 	
0.99982090 	0.99935543 	0.30107723 	0.94069213 	0.98399112 	0.71556585 	0.99114624 	0.99978860 	0.94335843 	0.99318167 	0.97630471 	
0.99982090 	0.99935543 	0.30107723 	0.94576102 	0.98399112 	0.71556585 	0.99114624 	0.99978860 	0.94335843 	0.99318167 	0.97630471 	
0.99982090 	0.99935543 	0.30107723 	0.94576102 	0.99986849 	0.71556585 	0.99114624 	0.99978860 	0.94335843 	0.99318167 	0.97630471 	
0.99982090 	0.99935543 	0.30107723 	0.94576102 	0.99986849 	0.71556585 	0.99114624 	0.99978860 	0.94335843 	0.99318167 	0.97630471 	
0.99982090 	0.99935543 	0.30107723 	0.94576102 	0.99986849 	0.71556585 	0.99892774 	0.99978860 	0.94335843 	0.99318167 	0.97630471 	
0.99982090 	0.99935543 	0.30107723 	0.94576102 	0.99986849 	0.71556585 	0.99892774 	0.99978860 	0.94335843 	0.99318167 	0.97630471 	
0.99982090 	0.99935543 	0.30107723 	0.94576102 	0.99986849 	0.71556585 	0.99892774 	0.99978860 	0.95146115 	0.99318167 	0.97630471 	
0.99982090 	0.99935543 	0.30107723 	0.94576102 	0.99986849 	0.71556585 	0.99892774 	0.99978860 	0.95146115 	0.99318167 	0.97630471 	
0.99982090 	0.99935543 	0.30107723 	0.94576102 	0.99986849 	0.71556585 	0.99892774 	0.99978860 	0.95146115 	0.99318167 	0.97630471 	
0.99982090 	0.99935543 	0.30107723 	0.94576102 	0.99986849 	0.71556585 	0.99892774 	0.99978860 	0.95146115 	0.99318167 	0.97630471 	
0.99982090 	0.99957581 	0.30107723 	0.94576102 	0.99986849 	0.71556585 	0.99892774 	0.99978860 	0.95146115 	0.99318167 	0.97630471 	
0.99982090 	0.99957581 	0.30107723 	0.94576102 	0.99986849 	0.71556585 	0.99892774 	0.99978860 	0.95146115 	0.99318167 	0.97630471 	
0.99982090 	0.99957581 	0.30107723 	0.96940414 	0.99986849 	0.71556585 	0.99892774 	0.99978860 	0.95146115 	0.99318167 	0.97630471 	
0.99982090 	0.99957581 	0.30107723 	0.96940414 	0.99741318 	0.71556585 	0.99892774 	0.99978860 	0.95146115 	0.99318167 	0.97630471 	
0.99982090 	0.99957581 	0.30107723 	0.96940414 	0.99741318 	0.71545356 	0.99892774 	0.99978860 	0.95146115 	0.99318167 	0.97630471 	
0.99982090 	0.99957581 	0.30107723 	0.96940414 	0.99741318 	0.71545356 	0.99892774 	0.99978860 	0.95146115 	0.99318167 	0.97630471 	
0.99982090 	0.99957581 	0.30107723 	0.96940414 	0.99741318 	0.71545356 	0.99892774 	0.99978860 	0.95146115 	0.99318167 	0.97630471 	
0.99982090 	0.99957581 	0.30107723 	0.96940414 	0.99741318 	0.71545356 	0.99892774 	0.99978860 	0.98940264 	0.99318167 	0.97630471 	
0.99982090 	0.99957581 	0.30107723 	0.96940414 	0.99741318 	0.71545356 	0.99892774 	0.99978860 	0.98940264 	0.99214194 	0.97630471 	
0.99982090 	0.99957581 	0.30107723 	0.96940414 	0.99741318 	0.71545356 	0.99892774 	0.99978860 	0.98940264 	0.99214194 	0.97630471 	
0.99982090 	0.99957581 	0.30107723 	0.96940414 	0.99741318 	0.71545356 	0.99892774 	0.99978860 	0.98940264 	0.99214194 	0.97630471 	
0.99982090 	0.99957581 	0.30107723 	0.96940414 	0.99741318 	0.71545356 	0.99892774 	0.99978860 	0.98940264 	0.99214194 	0.97630471 	
0.99982090 	0.99957581 	0.30110869 	0.96940414 	0.99741318 	0.71545356 	0.99892774 	0.99978860 	0.98940264 	0.99214194 	0.97630471 	
0.99982090 	0.99957581 	0.30110869 	0.98766873 	0.99741318 	0.71545356 	0.99892774 	0.99978860 	0.98940264 	0.99214194 	0.97630471 	
0.99982090 	0.99957581 	0.30110869 	0.98766873 	0.99583206 	0.71545356 	0.99892774 	0.99978860 	0.98940264 	0.99214194 	0.97630471 	
0.99982090 	0.99957581 	0.30110869 	0.98766873 	0.99583206 	0.71490566 	0.99892774 	0.99978860 	0.98940264 	0.99214194 	0.97630471 	
0.99982090 	0.99957581 	0.30110869 	0.98766873 	0.99583206 	0.71490566 	0.99922124 	0.99978860 	0.98940264 	0.99214194 	0.97630471 	
0.99982090 	0.99957581 	0.30110869 	0.98766873 	0.99583206 	0.71490566 	0.99922124 	0.99489238 	0.98940264 	0.99214194 	0.97630471 	
0.99982090 	0.99957581 	0.30110869 	0.98766873 	0.99583206 	0.71490566 	0.99922124 	0.99489238 	0.98940264 	0.99214194 	0.97630471 	
0.99982090 	0.99957581 	0.30110869 	0.98766873 	0.99583206 	0.71490566 	0.99922124 	0.99489238 	0.98940264 	0.99133090 	0.97630471 	
0.99982090 	0.99957581 	0.30110869 	0.98766873 	0.99583206 	0.71490566 	0.99922124 	0.99489238 	0.98940264 	0.99133090 	0.99216386 	
0.99996774 	0.99957581 	0.30110869 	0.98766873 	0.99583206 	0.71490566 	0.99922124 	0.99489238 	0.98940264 	0.99133090 	0.99216386 	
0.99996774 	0.99998940 	0.30110869 	0.98766873 	0.99583206 	0.71490566 	0.99922124 	0.99489238 	0.98940264 	0.99133090 	0.99216386 	
0.99996774 	0.99998940 	0.30110869 	0.98766873 	0.99583206 	0.71490566 	0.99922124 	0.99489238 	0.98940264 	0.99133090 	0.99216386 	
0.99996774 	0.99998940 	0.30110869 	0.99670599 	0.99583206 	0.71490566 	0.99922124 	0.99489238 	0.98940264 	0.99133090 	0.99216386 	
0.99996774 	0.99998940 	0.30110869 	0.99670599 	0.99335820 	0.71490566 	0.99922124 	0.99489238 	0.98940264 	0.99133090 	0.99216386 	
0.99996774 	0.99998940 	0.30110869 	0.99670599 	0.99335820 	0.71420555 	0.99922124 	0.99489238 	0.98940264 	0.99133090 	0.99216386 	
0.99996774 	0.99998940 	0.30110869 	0.99670599 	0.99335820 	0.71420555 	0.99922124 	0.99489238 	0.98940264 	0.99133090 	0.99216386 	
0.99996774 	0.99998940 	0.30110869 	0.99670599 	0.99335820 	0.71420555 	0.99922124 	0.99489238 	0.98940264 	0.99133090 	0.99216386 	
0.99996774 	0.99998940 	0.30110869 	0.99670599 	0.99335820 	0.71420555 	0.99922124 	0.99489238 	0.98591401 	0.99133090 	0.99216386 	
0.99996774 	0.99998940 	0.30110869 	0.99670599 	0.99335820 	0.71420555 	0.99922124 	0.99489238 	0.98591401 	0.98996523 	0.99216386 	
0.99996774 	0.99998940 	0.30110869 	0.99670599 	0.99335820 	0.71420555 	0.99922124 	0.99489238 	0.98591401 	0.98996523 	0.99794926 	
0.99999273 	0.99998940 	0.30110869 	0.99670599 	0.99335820 	0.71420555 	0.99922124 	0.99489238 	0.98591401 	0.98996523 	0.99794926 	
0.99999273 	0.99998940 	0.30110869 	0.99670599 	0.99335820 	0.71420555 	0.99922124 	0.99489238 	0.98591401 	0.98996523 	0.99794926 	
0.99999273 	0.99998940 	0.30152219 	0.99670599 	0.99335820 	0.71420555 	0.99922124 	0.99489238 	0.98591401 	0.98996523 	0.99794926 	
0.99999273 	0.99998940 	0.30152219 	0.99938984 	0.99335820 	0.71420555 	0.99922124 	0.99489238 	0.98591401 	0.98996523 	0.99794926 	
0.99999273 	0.99998940 	0.30152219 	0.99938984 	0.99335820 	0.71420555 	0.99922124 	0.99489238 	0.98591401 	0.98996523 	0.99794926 	
0.99999273 	0.99998940 	0.30152219 	0.99938984 	0.99335820 	0.71421386 	0.99922124 	0.99489238 	0.98591401 	0.98996523 	0.99794926 	
0.99999273 	0.99998940 	0.30152219 	0.99938984 	0.99335820 	0.71421386 	0.99977534 	0.99489238 	0.98591401 	0.98996523 	0.99794926 	
0.99999273 	0.99998940 	0.30152219 	0.99938984 	0.99335820 	0.71421386 	0.99977534 	0.99527872 	0.98591401 	0.98996523 	0.99794926 	
0.99999273 	0.99998940 	0.30152219 	0.99938984 	0.99335820 	0.71421386 	0.99977534 	0.99527872 	0.98591401 	0.98996523 	0.99794926 	
0.99999273 	0.99998940 	0.30152219 	0.99938984 	0.99335820 	0.71421386 	0.99977534 	0.99527872 	0.98591401 	0.98993186 	0.99794926 	
0.99999273 	0.99998940 	0.30152219 	0.99938984 	0.99335820 	0.71421386 	0.99977534 	0.99527872 	0.98591401 	0.98993186 	0.99794926 	
0.99999273 	0.99998940 	0.30152219 	0.99938984 	0.99335820 	0.71421386 	0.99977534 	0.99527872 	0.98591401 	0.98993186 	0.99794926 	
0.99999273 	0.99999541 	0.30152219 	0.99938984 	0.99335820 	0.71421386 	0.99977534 	0.99527872 	0.98591401 	0.98993186 	0.99794926 	
0.99999273 	0.99999541 	0.30180457 	0.99938984 	0.99335820 	0.71421386 	0.99977534 	0.99527872 	0.98591401 	0.98993186 	0.99794926 	
0.99999273 	0.99999541 	0.30180457 	0.99917360 	0.99335820 	0.71421386 	0.99977534 	0.99527872 	0.98591401 	0.98993186 	0.99794926 	
0.99999273 	0.99999541 	0.30180457 	0.99917360 	0.98915033 	0.71421386 	0.99977534 	0.99527872 	0.98591401 	0.98993186 	0.99794926 	
0.99999273 	0.99999541 	0.30180457 	0.99917360 	0.98915033 	0.71421115 	0.99977534 	0.99527872 	0.98591401 	0.98993186 	0.99794926 	
0.99999273 	0.99999541 	0.30180457 	0.99917360 	0.98915033 	0.71421115 	0.99981941 	0.99527872 	0.98591401 	0.98993186 	0.99794926 	
0.99999273 	0.99999541 	0.30180457 	0.99917360 	0.98915033 	0.71421115 	0.99981941 	0.99568141 	0.98591401 	0.98993186 	0.99794926 	
0.99999273 	0.99999541 	0.30180457 	0.99917360 	0.98915033 	0.71421115 	0.99981941 	0.99568141 	0.98585916 	0.98993186 	0.99794926 	
0.99999273 	0.99999541 	0.30180457 	0.99917360 	0.98915033 	0.71421115 	0.99981941 	0.99568141 	0.98585916 	0.98788952 	0.99794926 	
0.99999273 	0.99999541 	0.30180457 	0.99917360 	0.98915033 	0.71421115 	0.99981941 	0.99568141 	0.98585916 	0.98788952 	0.99858111 	
0.99999933 	0.99999541 	0.30180457 	0.99917360 	0.98915033 	0.71421115 	0.99981941 	0.99568141 	0.98585916 	0.98788952 	0.99858111 	
0.99999933 	0.99999541 	0.30180457 	0.99917360 	0.98915033 	0.71421115 	0.99981941 	0.99568141 	0.98585916 	0.98788952 	0.99858111 	
0.99999933 	0.99999541 	0.30180457 	0.99917360 	0.98915033 	0.71421115 	0.99981941 	0.99568141 	0.98585916 	0.98788952 	0.99858111 	
0.99999933 	0.99999541 	0.30180457 	0.99980122 	0.98915033 	0.71421115 	0.99981941 	0.99568141 	0.98585916 	0.98788952 	0.99858111 	
0.99999933 	0.99999541 	0.30180457 	0.99980122 	0.99131869 	0.71421115 	0.99981941 	0.99568141 	0.98585916 	0.98788952 	0.99858111 	
0.99999933 	0.99999541 	0.30180457 	0.99980122 	0.99131869 	0.71421115 	0.99981941 	0.99568141 	0.98585916 	0.98788952 	0.99858111 	
0.99999933 	0.99999541 	0.30180457 	0.99980122 	0.99131869 	0.71421115 	0.99981941 	0.99568141 	0.98585916 	0.98788952 	0.99858111 	
0.99999933 	0.99999541 	0.30180457 	0.99980122 	0.99131869 	0.71421115 	0.99981941 	0.99568141 	0.98585916 	0.98788952 	0.99858111 	
0.99999933 	0.99999541 	0.30180457 	0.99980122 	0.99131869 	0.71421115 	0.99981941 	0.99568141 	0.98591401 	0.98788952 	0.99858111 	
0.99999933 	0.99999541 	0.30180457 	0.99980122 	0.99131869 	0.71421115 	0.99981941 	0.99568141 	0.98591401 	0.98767794 	0.99858111 	
0.99999933 	0.99999541 	0.30180457 	0.99980122 	0.99131869 	0.71421115 	0.99981941 	0.99568141 	0.98591401 	0.98767794 	0.99891722 	
0.99999933 	0.99999541 	0.30180457 	0.99980122 	0.99131869 	0.71421115 	0.99981941 	0.99568141 	0.98591401 	0.98767794 	0.99891722 	
0.99999933 	0.99999541 	0.30180457 	0.99980122 	0.99131869 	0.71421115 	0.99981941 	0.99568141 	0.98591401 	0.98767794 	0.99891722 	
0.99999933 	0.99999541 	0.30180457 	0.99980122 	0.99131869 	0.71421115 	0.99981941 	0.99568141 	0.98591401 	0.98767794 	0.99891722 	
0.99999933 	0.99999541 	0.30180457 	0.99976892 	0.99131869 	0.71421115 	0.99981941 	0.99568141 	0.98591401 	0.98767794 	0.99891722 	
0.99999933 	0.99999541 	0.30180457 	0.99976892 	0.98980991 	0.71421115 	0.99981941 	0.99568141 	0.98591401 	0.98767794 	0.99891722 	
0.99999933 	0.99999541 	0.30180457 	0.99976892 	0.98980991 	0.71421115 	0.99981941 	0.99568141 	0.98591401 	0.98767794 	0.99891722 	
0.99999933 	0.99999541 	0.30180457 	0.99976892 	0.98980991 	0.71421115 	0.99985057 	0.99568141 	0.98591401 	0.98767794 	0.99891722 	
0.99999933 	0.99999541 	0.30180457 	0.99976892 	0.98980991 	0.71421115 	0.99985057 	0.99646563 	0.98591401 	0.98767794 	0.99891722 	
0.99999933 	0.99999541 	0.30180457 	0.99976892 	0.98980991 	0.71421115 	0.99985057 	0.99646563 	0.98591401 	0.98767794 	0.99891722 	
0.99999933 	0.99999541 	0.30180457 	0.99976892 	0.98980991 	0.71421115 	0.99985057 	0.99646563 	0.98591401 	0.98767794 	0.99891722 	
0.99999933 	0.99999541 	0.30180457 	0.99976892 	0.98980991 	0.71421115 	0.99985057 	0.99646563 	0.98591401 	0.98767794 	0.99905969 	
0.99999933 	0.99999541 	0.30180457 	0.99976892 	0.98980991 	0.71421115 	0.99985057 	0.99646563 	0.98591401 	0.98767794 	0.99905969 	
0.99999933 	0.99999911 	0.30180457 	0.99976892 	0.98980991 	0.71421115 	0.99985057 	0.99646563 	0.98591401 	0.98767794 	0.99905969 	
0.99999933 	0.99999911 	0.30240599 	0.99976892 	0.98980991 	0.71421115 	0.99985057 	0.99646563 	0.98591401 	0.98767794 	0.99905969 	
0.99999933 	0.99999911 	0.30240599 	0.99997443 	0.98980991 	0.71421115 	0.99985057 	0.99646563 	0.98591401 	0.98767794 	0.99905969 	
0.99999933 	0.99999911 	0.30240599 	0.99997443 	0.99002869 	0.71421115 	0.99985057 	0.99646563 	0.98591401 	0.98767794 	0.99905969 	
0.99999933 	0.99999911 	0.30240599 	0.99997443 	0.99002869 	0.71398673 	0.99985057 	0.99646563 	0.98591401 	0.98767794 	0.99905969 	
0.99999933 	0.99999911 	0.30240599 	0.99997443 	0.99002869 	0.71398673 	0.99997377 	0.99646563 	0.98591401 	0.98767794 	0.99905969 	
0.99999933 	0.99999911 	0.30240599 	0.99997443 	0.99002869 	0.71398673 	0.99997377 	0.99646563 	0.98591401 	0.98767794 	0.99905969 	
0.99999933 	0.99999911 	0.30240599 	0.99997443 	0.99002869 	0.71398673 	0.99997377 	0.99646563 	0.98591401 	0.98767794 	0.99905969 	
0.99999933 	0.99999911 	0.30240599 	0.99997443 	0.99002869 	0.71398673 	0.99997377 	0.99646563 	0.98591401 	0.98596934 	0.99905969 	
0.99999933 	0.99999911 	0.30240599 	0.99997443 	0.99002869 	0.71398673 	0.99997377 	0.99646563 	0.98591401 	0.98596934 	0.99994002 	
0.99999933 	0.99999911 	0.30240599 	0.99997443 	0.99002869 	0.71398673 	0.99997377 	0.99646563 	0.98591401 	0.98596934 	0.99994002 	
0.99999933 	0.99999911 	0.30240599 	0.99997443 	0.99002869 	0.71398673 	0.99997377 	0.99646563 	0.98591401 	0.98596934 	0.99994002 	
0.99999933 	0.99999911 	0.30240599 	0.99997443 	0.99002869 	0.71398673 	0.99997377 	0.99646563 	0.98591401 	0.98596934 	0.99994002 	
0.99999933 	0.99999911 	0.30240599 	0.99997443 	0.99002869 	0.71398673 	0.99997377 	0.99646563 	0.98591401 	0.98596934 	0.99994002 	
0.99999933 	0.99999911 	0.30240599 	0.99997443 	0.99002869 	0.71398673 	0.99997377 	0.99646563 	0.98591401 	0.98596934 	0.99994002 	
0.99999933 	0.99999911 	0.30240599 	0.99997443 	0.99002869 	0.71398673 	0.99997377 	0.99646563 	0.98591401 	0.98596934 	0.99994002 	
0.99999933 	0.99999911 	0.30240599 	0.99997443 	0.99002869 	0.71398673 	0.99997377 	0.99646563 	0.98591401 	0.98596934 	0.99994002 	
0.99999933 	0.99999911 	0.30240599 	0.99997443 	0.99002869 	0.71398673 	0.99997377 	0.99621595 	0.98591401 	0.98596934 	0.99994002 	
0.99999933 	0.99999911 	0.30240599 	0.99997443 	0.99002869 	0.71398673 	0.99997377 	0.99621595 	0.98591401 	0.98596934 	0.99994002 	
0.99999933 	0.99999911 	0.30240599 	0.99997443 	0.99002869 	0.71398673 	0.99997377 	0.99621595 	0.98591401 	0.98686420 	0.99994002 	
0.99999933 	0.99999911 	0.30240599 	0.99997443 	0.99002869 	0.71398673 	0.99997377 	0.99621595 	0.98591401 	0.98686420 	0.99996337 	
0.99999978 	0.99999911 	0.30240599 	0.99997443 	0.99002869 	0.71398673 	0.99997377 	0.99621595 	0.98591401 	0.98686420 	0.99996337 	
0.99999978 	0.99999911 	0.30240599 	0.99997443 	0.99002869 	0.71398673 	0.99997377 	0.99621595 	0.98591401 	0.98686420 	0.99996337 	
0.99999978 	0.99999911 	0.30295180 	0.99997443 	0.99002869 	0.71398673 	0.99997377 	0.99621595 	0.98591401 	0.98686420 	0.99996337 	
0.99999978 	0.99999911 	0.30295180 	0.99998205 	0.99002869 	0.71398673 	0.99997377 	0.99621595 	0.98591401 	0.98686420 	0.99996337 	
0.99999978 	0.99999911 	0.30295180 	0.99998205 	0.99002869 	0.71398673 	0.99997377 	0.99621595 	0.98591401 	0.98686420 	0.99996337 	
0.99999978 	0.99999911 	0.30295180 	0.99998205 	0.99002869 	0.71398673 	0.99997377 	0.99621595 	0.98591401 	0.98686420 	0.99996337 	
0.99999978 	0.99999911 	0.30295180 	0.99998205 	0.99002869 	0.71398673 	0.99997377 	0.99621595 	0.98591401 	0.98686420 	0.99996337 	
0.99999978 	0.99999911 	0.30295180 	0.99998205 	0.99002869 	0.71398673 	0.99997377 	0.99621595 	0.98591401 	0.98686420 	0.99996337 	
0.99999978 	0.99999911 	0.30295180 	0.99998205 	0.99002869 	0.71398673 	0.99997377 	0.99621595 	0.98591401 	0.98686420 	0.99996337 	
0.99999978 	0.99999911 	0.30295180 	0.99998205 	0.99002869 	0.71398673 	0.99997377 	0.99621595 	0.98591401 	0.98630434 	0.99996337 	
0.99999978 	0.99999911 	0.30295180 	0.99998205 	0.99002869 	0.71398673 	0.99997377 	0.99621595 	0.98591401 	0.98630434 	0.99996337 	
0.99999987 	0.99999911 	0.30295180 	0.99998205 	0.99002869 	0.71398673 	0.99997377 	0.99621595 	0.98591401 	0.98630434 	0.99996337 	
0.99999987 	0.99999911 	0.30295180 	0.99998205 	0.99002869 	0.71398673 	0.99997377 	0.99621595 	0.98591401 	0.98630434 	0.99996337 	
0.99999987 	0.99999911 	0.30279037 	0.99998205 	0.99002869 	0.71398673 	0.99997377 	0.99621595 	0.98591401 	0.98630434 	0.99996337 	
0.99999987 	0.99999911 	0.30279037 	0.99999165 	0.99002869 	0.71398673 	0.99997377 	0.99621595 	0.98591401 	0.98630434 	0.99996337 	
0.99999987 	0.99999911 	0.30279037 	0.99999165 	0.99061628 	0.71398673 	0.99997377 	0.99621595 	0.98591401 	0.98630434 	0.99996337 	
0.99999987 	0.99999911 	0.30279037 	0.99999165 	0.99061628 	0.71398673 	0.99997377 	0.99621595 	0.98591401 	0.98630434 	0.99996337 	
0.99999987 	0.99999911 	0.30279037 	0.99999165 	0.99061628 	0.71398673 	0.99997377 	0.99621595 	0.98591401 	0.98630434 	0.99996337 	
0.99999987 	0.99999911 	0.30279037 	0.99999165 	0.99061628 	0.71398673 	0.99997377 	0.99617889 	0.98591401 	0.98630434 	0.99996337 	
0.99999987 	0.99999911 	0.30279037 	0.99999165 	0.99061628 	0.71398673 	0.99997377 	0.99617889 	0.98591401 	0.98630434 	0.99996337 	
0.99999987 	0.99999911 	0.30279037 	0.99999165 	0.99061628 	0.71398673 	0.99997377 	0.99617889 	0.98591401 	0.98630434 	0.99996337 	
0.99999987 	0.99999911 	0.30279037 	0.99999165 	0.99061628 	0.71398673 	0.99997377 	0.99617889 	0.98591401 	0.98630434 	0.99996337 	
0.99999987 	0.99999911 	0.30279037 	0.99999165 	0.99061628 	0.71398673 	0.99997377 	0.99617889 	0.98591401 	0.98630434 	0.99996337 	
0.99999987 	0.99999911 	0.30279037 	0.99999165 	0.99061628 	0.71398673 	0.99997377 	0.99617889 	0.98591401 	0.98630434 	0.99996337 	
0.99999987 	0.99999911 	0.30279037 	0.99999165 	0.99061628 	0.71398673 	0.99997377 	0.99617889 	0.98591401 	0.98630434 	0.99996337 	
0.99999987 	0.99999911 	0.30279037 	0.99990041 	0.99061628 	0.71398673 	0.99997377 	0.99617889 	0.98591401 	0.98630434 	0.99996337 	
0.99999987 	0.99999911 	0.30279037 	0.99990041 	0.99061628 	0.71398673 	0.99997377 	0.99617889 	0.98591401 	0.98630434 	0.99996337 	
0.99999987 	0.99999911 	0.30279037 	0.99990041 	0.99061628 	0.71398673 	0.99997377 	0.99617889 	0.98591401 	0.98630434 	0.99996337 	
0.99999987 	0.99999911 	0.30279037 	0.99990041 	0.99061628 	0.71398673 	0.99997377 	0.99617889 	0.98591401 	0.98630434 	0.99996337 	
0.99999987 	0.99999911 	0.30279037 	0.99990041 	0.99061628 	0.71398673 	0.99997377 	0.99614029 	0.98591401 	0.98630434 	0.99996337 	
0.99999987 	0.99999911 	0.30279037 	0.99990041 	0.99061628 	0.71398673 	0.99997377 	0.99614029 	0.98591401 	0.98630434 	0.99996337 	
0.99999987 	0.99999911 	0.30279037 	0.99990041 	0.99061628 	0.71398673 	0.99997377 	0.99614029 	0.98591401 	0.98630434 	0.99996337 	
0.99999987 	0.99999911 	0.30279037 	0.99990041 	0.99061628 	0.71398673 	0.99997377 	0.99614029 	0.98591401 	0.98630434 	0.99996337 	
0.99999987 	0.99999911 	0.30279037 	0.99990041 	0.99061628 	0.71398673 	0.99997377 	0.99614029 	0.98591401 	0.98630434 	0.99996337 	
0.99999987 	0.99999931 	0.30279037 	0.99990041 	0.99061628 	0.71398673 	0.99997377 	0.99614029 	0.98591401 	0.98630434 	0.99996337 	
0.99999987 	0.99999931 	0.30279037 	0.99990041 	0.99061628 	0.71398673 	0.99997377 	0.99614029 	0.98591401 	0.98630434 	0.99996337 	
0.99999987 	0.99999931 	0.30279037 	0.99993178 	0.99061628 	0.71398673 	0.99997377 	0.99614029 	0.98591401 	0.98630434 	0.99996337 	
0.99999987 	0.99999931 	0.30279037 	0.99993178 	0.99061628 	0.71398673 	0.99997377 	0.99614029 	0.98591401 	0.98630434 	0.99996337 	
0.99999987 	0.99999931 	0.30279037 	0.99993178 	0.99061628 	0.71398673 	0.99997377 	0.99614029 	0.98591401 	0.98630434 	0.99996337 	
0.99999987 	0.99999931 	0.30279037 	0.99993178 	0.99061628 	0.71398673 	0.99997377 	0.99614029 	0.98591401 	0.98630434 	0.99996337 	
0.99999987 	0.99999931 	0.30279037 	0.99993178 	0.99061628 	0.71398673 	0.99997377 	0.99612417 	0.98591401 	0.98630434 	0.99996337 	
0.99999987 	0.99999931 	0.30279037 	0.99993178 	0.99061628 	0.71398673 	0.99997377 	0.99612417 	0.98591401 	0.98630434 	0.99996337 	
0.99999987 	0.99999931 	0.30279037 	0.99993178 	0.99061628 	0.71398673 	0.99997377 	0.99612417 	0.98591401 	0.98660635 	0.99996337 	
0.99999987 	0.99999931 	0.30279037 	0.99993178 	0.99061628 	0.71398673 	0.99997377 	0.99612417 	0.98591401 	0.98660635 	0.99996494 	
0.99999987 	0.99999931 	0.30279037 	0.99993178 	0.99061628 	0.71398673 	0.99997377 	0.99612417 	0.98591401 	0.98660635 	0.99996494 	
0.99999987 	0.99999963 	0.30279037 	0.99993178 	0.99061628 	0.71398673 	0.99997377 	0.99612417 	0.98591401 	0.98660635 	0.99996494 	
0.99999987 	0.99999963 	0.30279037 	0.99993178 	0.99061628 	0.71398673 	0.99997377 	0.99612417 	0.98591401 	0.98660635 	0.99996494 	
0.99999987 	0.99999963 	0.30279037 	0.99990041 	0.99061628 	0.71398673 	0.99997377 	0.99612417 	0.98591401 	0.98660635 	0.99996494 	
0.99999987 	0.99999963 	0.30279037 	0.99990041 	0.99050178 	0.71398673 	0.99997377 	0.99612417 	0.98591401 	0.98660635 	0.99996494 	
0.99999987 	0.99999963 	0.30279037 	0.99990041 	0.99050178 	0.71398673 	0.99997377 	0.99612417 	0.98591401 	0.98660635 	0.99996494 	
0.99999987 	0.99999963 	0.30279037 	0.99990041 	0.99050178 	0.71398673 	0.99997377 	0.99612417 	0.98591401 	0.98660635 	0.99996494 	
0.99999987 	0.99999963 	0.30279037 	0.99990041 	0.99050178 	0.71398673 	0.99997377 	0.99606695 	0.98591401 	0.98660635 	0.99996494 	
0.99999987 	0.99999963 	0.30279037 	0.99990041 	0.99050178 	0.71398673 	0.99997377 	0.99606695 	0.98591401 	0.98660635 	0.99996494 	
0.99999987 	0.99999963 	0.30279037 	0.99990041 	0.99050178 	0.71398673 	0.99997377 	0.99606695 	0.98591401 	0.98660635 	0.99996494 	
0.99999987 	0.99999963 	0.30279037 	0.99990041 	0.99050178 	0.71398673 	0.99997377 	0.99606695 	0.98591401 	0.98660635 	0.99997836 	
0.99999987 	0.99999963 	0.30279037 	0.99990041 	0.99050178 	0.71398673 	0.99997377 	0.99606695 	0.98591401 	0.98660635 	0.99997836 	
0.99999987 	0.99999997 	0.30279037 	0.99990041 	0.99050178 	0.71398673 	0.99997377 	0.99606695 	0.98591401 	0.98660635 	0.99997836 	
0.99999987 	0.99999997 	0.30279037 	0.99990041 	0.99050178 	0.71398673 	0.99997377 	0.99606695 	0.98591401 	0.98660635 	0.99997836 	
0.99999987 	0.99999997 	0.30279037 	0.99992432 	0.99050178 	0.71398673 	0.99997377 	0.99606695 	0.98591401 	0.98660635 	0.99997836 	
0.99999987 	0.99999997 	0.30279037 	0.99992432 	0.99050178 	0.71398673 	0.99997377 	0.99606695 	0.98591401 	0.98660635 	0.99997836 	
0.99999987 	0.99999997 	0.30279037 	0.99992432 	0.99050178 	0.71398673 	0.99997377 	0.99606695 	0.98591401 	0.98660635 	0.99997836 	
0.99999987 	0.99999997 	0.30279037 	0.99992432 	0.99050178 	0.71398673 	0.99997377 	0.99606695 	0.98591401 	0.98660635 	0.99997836 	
0.99999987 	0.99999997 	0.30279037 	0.99992432 	0.99050178 	0.71398673 	0.99997377 	0.99606695 	0.98591401 	0.98660635 	0.99997836 	
0.99999987 	0.99999997 	0.30279037 	0.99992432 	0.99050178 	0.71398673 	0.99997377 	0.99606695 	0.98591401 	0.98660635 	0.99997836 	
0.99999987 	0.99999997 	0.30279037 	0.99992432 	0.99050178 	0.71398673 	0.99997377 	0.99606695 	0.98591401 	0.98660635 	0.99997836 	
0.99999987 	0.99999997 	0.30279037 	0.99992432 	0.99050178 	0.71398673 	0.99997377 	0.99606695 	0.98591401 	0.98660635 	0.99999157 	
0.99999987 	0.99999997 	0.30279037 	0.99992432 	0.99050178 	0.71398673 	0.99997377 	0.99606695 	0.98591401 	0.98660635 	0.99999157 	
0.99999987 	0.99999997 	0.30279037 	0.99992432 	0.99050178 	0.71398673 	0.99997377 	0.99606695 	0.98591401 	0.98660635 	0.99999157 	
0.99999987 	0.99999997 	0.30279037 	0.99992432 	0.99050178 	0.71398673 	0.99997377 	0.99606695 	0.98591401 	0.98660635 	0.99999157 	
0.99999987 	0.99999997 	0.30279037 	0.99991291 	0.99050178 	0.71398673 	0.99997377 	0.99606695 	0.98591401 	0.98660635 	0.99999157 	
0.99999987 	0.99999997 	0.30279037 	0.99991291 	0.99050178 	0.71398673 	0.99997377 	0.99606695 	0.98591401 	0.98660635 	0.99999157 	
0.99999987 	0.99999997 	0.30279037 	0.99991291 	0.99050178 	0.71398673 	0.99997377 	0.99606695 	0.98591401 	0.98660635 	0.99999157 	
0.99999987 	0.99999997 	0.30279037 	0.99991291 	0.99050178 	0.71398673 	0.99997377 	0.99606695 	0.98591401 	0.98660635 	0.99999157 	
0.99999987 	0.99999997 	0.30279037 	0.99991291 	0.99050178 	0.71398673 	0.99997377 	0.99606695 	0.98591401 	0.98660635 	0.99999157 	
0.99999987 	0.99999997 	0.30279037 	0.99991291 	0.99050178 	0.71398673 	0.99997377 	0.99606695 	0.98591401 	0.98660635 	0.99999157 	
0.99999987 	0.99999997 	0.30279037 	0.99991291 	0.99050178 	0.71398673 	0.99997377 	0.99606695 	0.98591401 	0.98660635 	0.99999157 	
0.99999987 	0.99999997 	0.30279037 	0.99991291 	0.99050178 	0.71398673 	0.99997377 	0.99606695 	0.98591401 	0.98660635 	0.99999444 	
0.99999987 	0.99999997 	0.30279037 	0.99991291 	0.99050178 	0.71398673 	0.99997377 	0.99606695 	0.98591401 	0.98660635 	0.99999444 	
0.99999987 	0.99999997 	0.30279037 	0.99991291 	0.99050178 	0.71398673 	0.99997377 	0.99606695 	0.98591401 	0.98660635 	0.99999444 	
0.99999987 	0.99999997 	0.30279037 	0.99991291 	0.99050178 	0.71398673 	0.99997377 	0.99606695 	0.98591401 	0.98660635 	0.99999444 	
0.99999987 	0.99999997 	0.30279037 	0.99992004 	0.99050178 	0.71398673 	0.99997377 	0.99606695 	0.98591401 	0.98660635 	0.99999444 	
0.99999987 	0.99999997 	0.30279037 	0.99992004 	0.99050178 	0.71398673 	0.99997377 	0.99606695 	0.98591401 	0.98660635 	0.99999444 	
0.99999987 	0.99999997 	0.30279037 	0.99992004 	0.99050178 	0.71398673 	0.99997377 	0.99606695 	0.98591401 	0.98660635 	0.99999444 	
0.99999987 	0.99999997 	0.30279037 	0.99992004 	0.99050178 	0.71398673 	0.99998076 	0.99606695 	0.98591401 	0.98660635 	0.99999444 	
0.99999987 	0.99999997 	0.30279037 	0.99992004 	0.99050178 	0.71398673 	0.99998076 	0.99610864 	0.98591401 	0.98660635 	0.99999444 	
0.99999987 	0.99999997 	0.30279037 	0.99992004 	0.99050178 	0.71398673 	0.99998076 	0.99610864 	0.98601391 	0.98660635 	0.99999444 	
0.99999987 	0.99999997 	0.30279037 	0.99992004 	0.99050178 	0.71398673 	0.99998076 	0.99610864 	0.98601391 	0.98660635 	0.99999444 	
0.99999987 	0.99999997 	0.30279037 	0.99992004 	0.99050178 	0.71398673 	0.99998076 	0.99610864 	0.98601391 	0.98660635 	0.99999562 	
0.99999987 	0.99999997 	0.30279037 	0.99992004 	0.99050178 	0.71398673 	0.99998076 	0.99610864 	0.98601391 	0.98660635 	0.99999562 	
0.99999987 	0.99999997 	0.30279037 	0.99992004 	0.99050178 	0.71398673 	0.99998076 	0.99610864 	0.98601391 	0.98660635 	0.99999562 	
0.99999987 	0.99999997 	0.30279037 	0.99992004 	0.99050178 	0.71398673 	0.99998076 	0.99610864 	0.98601391 	0.98660635 	0.99999562 	
0.99999987 	0.99999997 	0.30279037 	0.99992004 	0.99050178 	0.71398673 	0.99998076 	0.99610864 	0.98601391 	0.98660635 	0.99999562 	
0.99999987 	0.99999997 	0.30279037 	0.99992004 	0.99045979 	0.71398673 	0.99998076 	0.99610864 	0.98601391 	0.98660635 	0.99999562 	
0.99999987 	0.99999997 	0.30279037 	0.99992004 	0.99045979 	0.71398673 	0.99998076 	0.99610864 	0.98601391 	0.98660635 	0.99999562 	
0.99999987 	0.99999997 	0.30279037 	0.99992004 	0.99045979 	0.71398673 	0.99999828 	0.99610864 	0.98601391 	0.98660635 	0.99999562 	
0.99999987 	0.99999997 	0.30279037 	0.99992004 	0.99045979 	0.71398673 	0.99999828 	0.99606695 	0.98601391 	0.98660635 	0.99999562 	
0.99999987 	0.99999997 	0.30279037 	0.99992004 	0.99045979 	0.71398673 	0.99999828 	0.99606695 	0.98597529 	0.98660635 	0.99999562 	
0.99999987 	0.99999997 	0.30279037 	0.99992004 	0.99045979 	0.71398673 	0.99999828 	0.99606695 	0.98597529 	0.98660635 	0.99999562 	
0.99999987 	0.99999997 	0.30279037 	0.99992004 	0.99045979 	0.71398673 	0.99999828 	0.99606695 	0.98597529 	0.98660635 	0.99999562 	
0.99999987 	0.99999997 	0.30279037 	0.99992004 	0.99045979 	0.71398673 	0.99999828 	0.99606695 	0.98597529 	0.98660635 	0.99999562 	
0.99999987 	0.99999997 	0.30279037 	0.99992004 	0.99045979 	0.71398673 	0.99999828 	0.99606695 	0.98597529 	0.98660635 	0.99999562 	
0.99999987 	0.99999997 	0.30279037 	0.99992004 	0.99045979 	0.71398673 	0.99999828 	0.99606695 	0.98597529 	0.98660635 	0.99999562 	
0.99999987 	0.99999997 	0.30279037 	0.99992004 	0.99045979 	0.71398673 	0.99999828 	0.99606695 	0.98597529 	0.98660635 	0.99999562 	
0.99999987 	0.99999997 	0.30279037 	0.99992004 	0.99045979 	0.71398673 	0.99999828 	0.99606695 	0.98597529 	0.98660635 	0.99999562 	
0.99999987 	0.99999997 	0.30279037 	0.99992004 	0.99045979 	0.71398673 	0.99999828 	0.99606695 	0.98597529 	0.98660635 	0.99999562 	
0.99999987 	0.99999997 	0.30279037 	0.99992004 	0.99045979 	0.71398673 	0.99999828 	0.99606695 	0.98597529 	0.98660635 	0.99999562 	
0.99999987 	0.99999997 	0.30279037 	0.99992004 	0.99045979 	0.71398673 	0.99999828 	0.99608873 	0.98597529 	0.98660635 	0.99999562 	
0.99999987 	0.99999997 	0.30279037 	0.99992004 	0.99045979 	0.71398673 	0.99999828 	0.99608873 	0.98597529 	0.98660635 	0.99999562 	
0.99999987 	0.99999997 	0.30279037 	0.99992004 	0.99045979 	0.71398673 	0.99999828 	0.99608873 	0.98597529 	0.98660635 	0.99999562 	
0.99999987 	0.99999997 	0.30279037 	0.99992004 	0.99045979 	0.71398673 	0.99999828 	0.99608873 	0.98597529 	0.98660635 	0.99999562 	
0.99999987 	0.99999997 	0.30279037 	0.99992004 	0.99045979 	0.71398673 	0.99999828 	0.99608873 	0.98597529 	0.98660635 	0.99999562 	
0.99999987 	0.99999997 	0.30279037 	0.99992004 	0.99045979 	0.71398673 	0.99999828 	0.99608873 	0.98597529 	0.98660635 	0.99999562 	
0.99999987 	0.99999997 	0.30279037 	0.99992004 	0.99045979 	0.71398673 	0.99999828 	0.99608873 	0.98597529 	0.98660635 	0.99999562 	
0.99999987 	0.99999997 	0.30279037 	0.99992004 	0.99045979 	0.71398673 	0.99999828 	0.99608873 	0.98597529 	0.98660635 	0.99999562 	
0.99999987 	0.99999997 	0.30279037 	0.99992004 	0.99045979 	0.71398673 	0.99999828 	0.99608873 	0.98597529 	0.98660635 	0.99999562 	
0.99999987 	0.99999997 	0.30279037 	0.99992004 	0.99045979 	0.71398673 	0.99999828 	0.99608873 	0.98597529 	0.98660635 	0.99999562 	
0.99999987 	0.99999997 	0.30279037 	0.99992004 	0.99045979 	0.71398673 	0.99999828 	0.99608873 	0.98597529 	0.98660635 	0.99999562 	
0.99999987 	0.99999997 	0.30279037 	0.99992004 	0.99045979 	0.71398673 	0.99999828 	0.99608873 	0.98597529 	0.98660635 	0.99999562 	
0.99999987 	0.99999997 	0.30279037 	0.99992004 	0.99045979 	0.71398673 	0.99999828 	0.99608873 	0.98597680 	0.98660635 	0.99999562 	
0.99999987 	0.99999997 	0.30279037 	0.99992004 	0.99045979 	0.71398673 	0.99999828 	0.99608873 	0.98597680 	0.98660262 	0.99999562 	
0.99999987 	0.99999997 	0.30279037 	0.99992004 	0.99045979 	0.71398673 	0.99999828 	0.99608873 	0.98597680 	0.98660262 	0.99999566 	
0.99999987 	0.99999997 	0.30279037 	0.99992004 	0.99045979 	0.71398673 	0.99999828 	0.99608873 	0.98597680 	0.98660262 	0.99999566 	
0.99999987 	0.99999997 	0.30279037 	0.99992004 	0.99045979 	0.71398673 	0.99999828 	0.99608873 	0.98597680 	0.98660262 	0.99999566 	
0.99999987 	0.99999997 	0.30279037 	0.99992004 	0.99045979 	0.71398673 	0.99999828 	0.99608873 	0.98597680 	0.98660262 	0.99999566 	
0.99999987 	0.99999997 	0.30279037 	0.99992004 	0.99045979 	0.71398673 	0.99999828 	0.99608873 	0.98597680 	0.98660262 	0.99999566 	
0.99999987 	0.99999997 	0.30279037 	0.99992004 	0.99045979 	0.71398673 	0.99999828 	0.99608873 	0.98597680 	0.98660262 	0.99999566 	
0.99999987 	0.99999997 	0.30279037 	0.99992004 	0.99045979 	0.71398673 	0.99999828 	0.99608873 	0.98597680 	0.98660262 	0.99999566 	
0.99999987 	0.99999997 	0.30279037 	0.99992004 	0.99045979 	0.71398673 	0.99999828 	0.99608873 	0.98597680 	0.98660262 	0.99999566 	
0.99999987 	0.99999997 	0.30279037 	0.99992004 	0.99045979 	0.71398673 	0.99999828 	0.99608873 	0.98597680 	0.98660262 	0.99999566 	
0.99999987 	0.99999997 	0.30279037 	0.99992004 	0.99045979 	0.71398673 	0.99999828 	0.99608873 	0.98597680 	0.98660262 	0.99999566 	
0.99999987 	0.99999997 	0.30279037 	0.99992004 	0.99045979 	0.71398673 	0.99999828 	0.99608873 	0.98597680 	0.98660262 	0.99999566 	
0.99999987 	0.99999997 	0.30279037 	0.99992004 	0.99045979 	0.71398673 	0.99999828 	0.99608873 	0.98597680 	0.98660262 	0.99999566 	
0.99999987 	0.99999997 	0.30279037 	0.99992004 	0.99045979 	0.71398673 	0.99999828 	0.99608873 	0.98597680 	0.98660262 	0.99999566 	
0.99999987 	0.99999997 	0.30279037 	0.99992004 	0.99045979 	0.71398673 	0.99999828 	0.99608873 	0.98597680 	0.98660262 	0.99999566 	
0.99999987 	0.99999997 	0.30279037 	0.99992004 	0.99045979 	0.71398673 	0.99999828 	0.99608873 	0.98597680 	0.98660262 	0.99999566 	
0.99999987 	0.99999997 	0.30279037 	0.99992235 	0.99045979 	0.71398673 	0.99999828 	0.99608873 	0.98597680 	0.98660262 	0.99999566 	
0.99999987 	0.99999997 	0.30279037 	0.99992235 	0.99045979 	0.71398673 	0.99999828 	0.99608873 	0.98597680 	0.98660262 	0.99999566 	
0.99999987 	0.99999997 	0.30279037 	0.99992235 	0.99045979 	0.71398673 	0.99999828 	0.99608873 	0.98597680 	0.98660262 	0.99999566 	
0.99999987 	0.99999997 	0.30279037 	0.99992235 	0.99045979 	0.71398673 	0.99999828 	0.99608873 	0.98597680 	0.98660262 	0.99999566 	
0.99999987 	0.99999997 	0.30279037 	0.99992235 	0.99045979 	0.71398673 	0.99999828 	0.99608873 	0.98597680 	0.98660262 	0.99999566 	
0.99999987 	0.99999997 	0.30279037 	0.99992235 	0.99045979 	0.71398673 	0.99999828 	0.99608873 	0.98597680 	0.98660262 	0.99999566 	
0.99999987 	0.99999997 	0.30279037 	0.99992235 	0.99045979 	0.71398673 	0.99999828 	0.99608873 	0.98597680 	0.98660262 	0.99999566 	
0.99999987 	0.99999997 	0.30279037 	0.99992235 	0.99045979 	0.71398673 	0.99999828 	0.99608873 	0.98597680 	0.98660262 	0.99999566 	
