-614712422.41638112 
-557347711.60362232 
-556577887.10844135 
-550974855.81846678 
-394210352.82167011 
-366684488.12772930 
-360573442.42237550 
-268144512.49487182 
-268144512.49487182 
-268144512.49487182 
-179747999.07074761 
-179684881.67578629 
-178807425.55636936 
-178807425.55636936 
-172978900.51063493 
-172978900.51063493 
-160463833.83260450 
-160463833.83260450 
-160463833.83260450 
-160231871.20445073 
-156796405.91636714 
-156503858.92222038 
-156446786.06954247 
-156072988.41168699 
-156017811.33597612 
-155535010.51046416 
-148938955.62974891 
-148926822.63902038 
-148926822.63902038 
-148904140.54594725 
-148759692.12411931 
-147616121.62977120 
-143507120.58345374 
-143507120.58345374 
-142790902.99639410 
-142680571.49477684 
-133918750.22817168 
-132163288.68963675 
-132088408.32924631 
-131944484.30098115 
-131944484.30098115 
-131944484.30098115 
-127949516.52980945 
-127949516.52980945 
-127949516.52980945 
-127487454.89284560 
-127487454.89284560 
-125763103.15270901 
-116567802.61365755 
-116567802.61365755 
-116539113.48951255 
-116507672.45900483 
-116507672.45900483 
-116507672.45900483 
-116001701.49205528 
-116000959.50480689 
-115938434.12487580 
-115928067.79242004 
-115928067.79242004 
-98823761.29388063 
-98823761.29388063 
-97233030.26726013 
-97097926.67589451 
-97067431.83860512 
-94412533.95052163 
-94409292.91347776 
-94256079.69159754 
-94243435.71879956 
-94132920.53520328 
-93944965.88925767 
-93232654.42411348 
-93230926.02485804 
-92791964.38666758 
-92605223.39220265 
-92604330.94486751 
-92604330.94486751 
-92543285.96798961 
-92543038.13873147 
-92543038.13873147 
-92543038.13873147 
-91880292.87764816 
-56390815.34841698 
-56390807.40265032 
-56390421.20542558 
-56390421.20542558 
-56389369.75352461 
-56372894.85634034 
-56359747.66036393 
-56359747.66036393 
-56340723.55683608 
-56340723.55683608 
-56340723.55683608 
-56340723.55683608 
-56340723.55683608 
-56339943.33190524 
-56339943.33190524 
-56339943.33190524 
-56339936.50659165 
-56338118.08869724 
-56337971.04360028 
-56337971.04360028 
-56335809.51647887 
-56293061.47381391 
-54514707.36042838 
-54514707.36042838 
-54510966.82901519 
-54510966.82901519 
-54510966.82901519 
-54500025.22824498 
-54498815.81245617 
-54498815.81245617 
-54498815.81245617 
-54494910.91948868 
-54460717.24829663 
-48257361.30309229 
-48257361.30309229 
-48133111.58256836 
-48133111.58256836 
-48133111.58256836 
-48132744.65368495 
-48072622.82265467 
-48072622.82265467 
-48072622.82265467 
-48072622.82265467 
-48072622.82265467 
-47802772.94587524 
-47802772.94587524 
-47790329.36722817 
-47790329.36722817 
-47789897.65103792 
-47789897.65103792 
-47787008.76802914 
-47786963.57916872 
-47786963.57916872 
-47786252.17902806 
-47786252.17902806 
-47786252.17902806 
-47786252.17902806 
-47786252.17902806 
-47784901.74879479 
-47784901.74879479 
-47784082.39061938 
-47784060.55817965 
-47784058.06801355 
-47783685.87353375 
-47783685.87353375 
-47779004.80347566 
-47777319.94709862 
-47777319.94709862 
-47777138.85302215 
-47777138.85302215 
-47777138.85302215 
-47777070.43225975 
-47777070.43225975 
-47777045.49837897 
-47776997.78623945 
-47775919.40498997 
-47774704.19080947 
-47774704.19080947 
-47774704.19080947 
-47774704.19080947 
-47774696.79857473 
-47774696.79857473 
-47774684.29535805 
-47774684.29535805 
-47774684.29535805 
-47774603.82623112 
-47772953.17620033 
-47771577.47579863 
-47771577.47579863 
-47771577.47579863 
-47771572.01327127 
-47771566.48169825 
-47771287.45854898 
-47771287.45854898 
-47771132.33697382 
-47771132.33697382 
-47770686.04711880 
-47770229.38757519 
-47770229.38757519 
-47770229.38757519 
-47770229.38757519 
-47770229.38757519 
-47770229.38757519 
-47770229.38757519 
-47770228.35643192 
-47770208.18257178 
-47770208.18257178 
-47770208.18257178 
-47769850.32852303 
-47769770.64388951 
-47769770.64388951 
-47769770.64388951 
-47769770.64388951 
-47769764.50874243 
-47769764.50874243 
-47769760.88454849 
-47769760.88454849 
-47769757.44415218 
-47769757.44415218 
-47769629.86886826 
-47769629.86886826 
-47769629.86886826 
-47769629.86886826 
-47769454.16084678 
-47769454.16084678 
-47769226.37200572 
-47769226.37200572 
-47769226.37200572 
-47769226.37200572 
-47769211.17619585 
-47769211.17619585 
-47769211.17619585 
-47769211.17619585 
-47769211.17619585 
-47769210.50006228 
-47769210.50006228 
-47769047.41178239 
-47769047.41178239 
-47769047.41178239 
-47769047.41178239 
-47769043.41966597 
-47769043.41966597 
-47769035.76019990 
-47769035.76019990 
-47769035.76019990 
-47769035.76019990 
-47769034.45844592 
-47769034.45844592 
-47769034.45844592 
-47769034.35060670 
-47769034.35060670 
-47769017.65449130 
-47769017.65449130 
-47769017.65449130 
-47769017.65449130 
-47769017.65449130 
-47769017.65449130 
-47769017.65449130 
-47769017.65449130 
-47769017.65449130 
-47769017.65449130 
-47769017.65449130 
-47769017.65449130 
-47769017.65449130 
-47769010.03390698 
-47769010.03390698 
-47769010.03390698 
-47769010.03390698 
-47769010.03390698 
-47769002.14922714 
-47769002.14922714 
-47769002.14922714 
-47768996.20316093 
-47768996.11680417 
-47768996.11680417 
-47768996.11680417 
-47768909.48497041 
-47768909.48497041 
-47768905.75565869 
-47768905.75565869 
-47768905.75565869 
-47768905.75565869 
-47768901.80583484 
-47768901.80583484 
-47768901.80583484 
-47768901.80583484 
-47768888.45181096 
-47768834.01510636 
-47768834.01510636 
-47768834.01510636 
-47768834.01510636 
-47768834.01510636 
-47768834.01510636 
-47768834.01510636 
