-489462243.49683660 
-274725123.27634072 
-274671670.48290998 
-218300979.67180711 
-191231845.23532763 
-187571199.23454064 
-187516126.24826631 
-187516126.24826631 
-177132602.28350186 
-175280758.95642149 
-73642721.09947625 
-73642721.09947625 
-69673680.44412050 
-69660435.15487696 
-69660435.15487696 
-69660435.15487696 
-69660435.15487696 
-69552278.03107619 
-69243903.62528248 
-66862345.60340305 
-65032370.11406859 
-65032370.11406859 
-65031405.21329700 
-56292282.69929174 
-56276050.94323777 
-56273638.31437062 
-56171173.47710098 
-55041452.19817729 
-54810140.83052733 
-54565326.80002520 
-54565326.80002520 
-54565326.80002520 
-54565326.80002520 
-53700564.08379449 
-51998142.90933480 
-51998142.90933480 
-51998142.90933480 
-51967371.10786683 
-51881932.98062875 
-51881402.13771866 
-47498009.63618168 
-47498009.63618168 
-45990908.41527972 
-45953451.67871581 
-45656947.16501582 
-45375161.74690346 
-45352364.69335420 
-45350100.00934222 
-45350100.00934222 
-45333326.97265825 
-45333298.53065590 
-45333298.53065590 
-45323713.37160108 
-45323713.37160108 
-45294142.64631110 
-45294142.64631110 
-44638018.70449024 
-44638018.70449024 
-44638018.70449024 
-44638018.70449024 
-44638016.18486893 
-44637757.98901298 
-44582612.89021824 
-44582066.59941758 
-44555605.24388728 
-44430140.35477118 
-44429924.07819365 
-44205312.58198000 
-44205312.58198000 
-44200620.22997841 
-44199922.72420055 
-44199701.38093905 
-44199701.38093905 
-44143373.96965204 
-44143373.96965204 
-44123942.93893708 
-44121093.56255911 
-44121093.56255911 
-44121093.56255911 
-44120854.50997188 
-44120854.50997188 
-44120854.50997188 
-44120140.56999964 
-44120139.33714501 
-44120139.33714501 
-44119216.11948862 
-44059282.58492227 
-43975285.21720444 
-43970687.72578885 
-43967340.71944073 
-43966795.00484624 
-43966795.00484624 
-43962581.28303316 
-43962581.28303316 
-43962433.38945206 
-43906485.11177336 
-43881323.90652010 
-43849730.12115531 
-43840355.29515322 
-43827648.33993722 
-43827648.33993722 
-43827577.64747758 
-43821990.71681933 
-43821351.22015874 
-43821349.05136296 
-43820372.97143303 
-43818747.43106901 
-43817522.11525919 
-43813301.96583239 
-43813301.96583239 
-43804925.28660336 
-43797701.38561513 
-43797594.01667217 
-43797594.01667217 
-43797566.30031668 
-43797237.14905049 
-43797237.14905049 
-43788786.43936104 
-43788582.17449701 
-43788582.17449701 
-43771565.60818328 
-43771012.69670182 
-43771012.69670182 
-43771012.69670182 
-43771012.69670182 
-43770306.02999774 
-43770127.58047818 
-43770127.58047818 
-43770127.58047818 
-43770127.58047818 
-43766647.42407241 
-43766647.42407241 
-43766350.39199903 
-43764511.64019463 
-43764511.64019463 
-43764511.64019463 
-43764495.04882971 
-43764495.04882971 
-43764495.04882971 
-43761831.99456181 
-43761831.99456181 
-43759569.08756332 
-43759569.08756332 
-43759569.08756332 
-43759491.64211634 
-43759491.64211634 
-43758351.84778991 
-43758338.46249893 
-43758338.46249893 
-43758338.46249893 
-43758338.46249893 
-43758338.46249893 
-43757302.66641360 
-43757302.66641360 
-43757302.66641360 
-43757302.66641360 
-43757302.66641360 
-43757302.66641360 
-43757302.66641360 
-43757302.66641360 
-43757114.37151093 
-43756976.20255229 
-43756975.93397665 
-43756975.93397665 
-43756975.93397665 
-43756975.93397665 
-43756975.93397665 
-43756917.21526948 
-43756917.21526948 
-43756916.91451510 
-43756916.91451510 
-43756916.91451510 
-43756916.91451510 
-43756916.91451510 
-43756240.69329288 
-43756222.25516135 
-43756222.25516135 
-43756222.25516135 
-43756222.25516135 
-43756222.25516135 
-43756221.39518737 
-43756221.39518737 
-43756221.39518737 
-43755981.65298189 
-43755981.65298189 
-43755973.65435141 
-43755973.65435141 
-43755973.65435141 
-43755973.65435141 
-43755973.65435141 
-43755944.93997170 
-43755934.84509873 
-43755924.33003228 
-43755924.33003228 
-43755919.26122011 
-43755919.26122011 
-43755695.54013559 
-43755695.54013559 
-43755695.54013559 
-43755695.54013559 
-43755695.54013559 
-43755613.35989703 
-43755613.35989703 
-43755613.35989703 
-43755613.35989703 
-43755613.35989703 
-43755613.35989703 
-43755613.35989703 
-43755613.35989703 
-43755613.35989703 
-43755613.35989703 
-43755613.35989703 
-43755529.50331859 
-43755529.50331859 
-43755523.05952541 
-43755523.05952541 
-43755522.46391566 
-43755522.46391566 
-43755512.86530737 
-43755512.86530737 
-43755512.86530737 
-43755512.86530737 
-43755512.65266223 
-43755512.65266223 
-43755512.65266223 
-43755512.65266223 
-43755512.65266223 
-43755512.65266223 
-43755512.65266223 
-43755455.93329559 
-43755455.93329559 
-43755455.93329559 
-43755455.93329559 
-43755455.68305003 
-43755414.92038637 
-43755414.92038637 
-43755413.73128285 
-43755413.73128285 
-43755413.73128285 
-43755413.73128285 
-43755413.73128285 
-43755413.73128285 
-43755413.73128285 
-43755413.73128285 
-43755413.17951021 
-43755413.17951021 
-43755413.17951021 
-43755413.17951021 
-43755413.17951021 
-43755413.17951021 
-43755413.17951021 
-43755401.27435625 
-43755401.27435625 
-43755345.66955293 
-43755345.66955293 
-43755344.18412996 
-43755335.57073773 
-43755335.57073773 
-43755335.57073773 
-43755335.57073773 
-43755335.57073773 
-43755335.57073773 
-43755335.57073773 
-43755335.57073773 
-43755335.57073773 
-43755335.57073773 
-43755335.39934176 
-43755335.39934176 
-43755328.42755433 
-43755328.42755433 
-43755328.42755433 
-43755328.42755433 
-43755328.42755433 
-43755328.42755433 
-43755328.42755433 
