-443714127.14940840 
-443714127.14940840 
-440998927.61368418 
-418036911.74100256 
-399219180.34760314 
-379515284.37082857 
-325566677.78503633 
-300787595.91023684 
-206184100.65922952 
-111780153.24621835 
-93581448.82740907 
-90601447.89809363 
-87888107.24174184 
-79752151.70192181 
-61576332.00892057 
-61576332.00892057 
-61548833.28079890 
-61535073.16904473 
-60917391.36449572 
-60840619.98092441 
-60617209.47299362 
-60601708.22545526 
-60601708.22545526 
-59789303.08870113 
-59730550.39227334 
-59727944.61786093 
-59727944.61786093 
-59727944.61786093 
-59723702.48120190 
-58477920.64592999 
-56882643.79106512 
-56882643.79106512 
-56881082.16423836 
-56694838.74125476 
-56638654.60629474 
-54949003.62762610 
-53659984.16758139 
-53659984.16758139 
-53659984.16758139 
-53557661.06593698 
-49115047.49142578 
-48916472.02670528 
-48872261.33195184 
-48856417.21369381 
-48856417.21369381 
-48704762.42437443 
-48618821.91015799 
-48618821.91015799 
-48618821.91015799 
-48560816.16475669 
-48550959.09456445 
-48550959.09456445 
-48498497.24191544 
-48498497.24191544 
-48496582.37158368 
-48387737.08790904 
-48369632.51448537 
-48169819.37378735 
-47773553.44241320 
-47772559.79661230 
-47772559.79661230 
-47772304.47085531 
-47275867.59315251 
-47275867.59315251 
-47275867.59315251 
-47264479.44180565 
-47264479.44180565 
-47236525.43355080 
-47198649.23062423 
-47194983.85504441 
-47194164.50851532 
-47193843.42402016 
-47191669.18523385 
-47188462.27414679 
-47186999.29999600 
-47185506.25538816 
-47185367.43043974 
-47182527.39012888 
-47182527.39012888 
-47159037.46532319 
-47154671.27904785 
-47154230.81630530 
-47153436.05072967 
-47152802.48961598 
-47152802.48961598 
-47152802.48961598 
-47152802.48961598 
-47152595.16029614 
-47152595.16029614 
-47143629.61335550 
-47142951.20918777 
-47099783.89821814 
-47099756.22697933 
-47099756.18274029 
-47099756.18274029 
-47099756.18274029 
-47097967.75140000 
-47096842.91836631 
-47096842.91836631 
-47096842.91836631 
-47081953.40448313 
-47072823.17737651 
-47072823.17737651 
-47072823.17737651 
-47072823.17737651 
-47072823.17737651 
-47072823.17737651 
-47072823.17737651 
-47072699.66476044 
-47072699.66476044 
-47072699.66476044 
-47072246.37134978 
-47072246.37134978 
-47072246.37134978 
-47072246.37134978 
-47072246.37134978 
-47072246.37134978 
-47070793.23983629 
-47070496.84046600 
-47070311.47606450 
-47069780.17001796 
-47069780.17001796 
-47069780.17001796 
-47069780.17001796 
-47069780.17001796 
-47069780.17001796 
-47069773.98696113 
-47069728.77526582 
-47069728.77526582 
-47069728.77526582 
-47069033.85946266 
-47069033.85946266 
-47069033.85946266 
-47068969.52328655 
-47068900.88939755 
-47067210.07777419 
-47067210.07777419 
-47067210.07777419 
-47067210.07777419 
-47067210.07777419 
-47067210.07777419 
-47067210.07777419 
-47067210.07777419 
-47067210.07777419 
-47067210.07777419 
-47067057.85880595 
-47067057.85880595 
-47067057.85880595 
-47067057.85880595 
-47067057.85880595 
-47066796.40979842 
-47066796.40979842 
-47066796.40979842 
-47066796.40979842 
-47066796.40979842 
-47066765.43259658 
-47066765.43259658 
-47066752.66029554 
-47066752.66029554 
-47066752.66029554 
-47066752.66029554 
-47066645.63806809 
-47066645.63806809 
-47066645.63806809 
-47066645.63806809 
-47066645.63806809 
-47066536.43064061 
-47066475.73011241 
-47066318.07281556 
-47066318.07281556 
-47066318.07281556 
-47066315.89537743 
-47066315.89537743 
-47066315.89537743 
-47066315.89537743 
-47066315.89537743 
-47066315.89537743 
-47066315.89537743 
-47066315.89537743 
-47066315.89537743 
-47066315.89537743 
-47066315.89537743 
-47066315.89537743 
-47066053.53404246 
-47066053.53404246 
-47066053.53404246 
-47066053.53404246 
-47066053.53404246 
-47066053.53404246 
-47066053.53404246 
-47066053.53404246 
-47066051.82784192 
-47066051.82784192 
-47066051.82784192 
-47066051.82784192 
-47066051.82784192 
-47066051.82784192 
-47066051.82784192 
-47066051.82784192 
-47066051.82784192 
-47066051.82784192 
-47066051.82784192 
-47066051.82784192 
-47066051.82784192 
-47066051.82784192 
-47066051.82784192 
-47066051.82784192 
-47066051.82784192 
-47066051.82784192 
-47066051.82784192 
-47066051.82784192 
-47066051.82784192 
-47066051.82784192 
-47066051.82784192 
-47066051.82784192 
-47066051.79551153 
-47066051.79551153 
-47066051.79551153 
-47066051.79551153 
-47066051.79551153 
-47066051.79551153 
-47066051.79551153 
-47066051.79551153 
-47066051.79551153 
-47066051.79551153 
-47066051.79551153 
-47066051.79551153 
-47065982.22081293 
-47065982.22081293 
-47065982.22081293 
-47065982.22081293 
-47065982.22081293 
-47065982.22081293 
-47065975.72220255 
-47065975.72220255 
-47065975.72220255 
-47065975.72220255 
-47065975.72220255 
-47065975.72220255 
-47065975.72220255 
-47065975.72220255 
-47065975.72220255 
-47065975.72220255 
-47065975.72220255 
-47065974.43899035 
-47065974.43899035 
-47065974.43899035 
-47065974.43899035 
-47065974.43899035 
-47065974.43899035 
-47065974.43899035 
-47065974.43899035 
-47065974.43899035 
-47065974.43899035 
-47065969.15886759 
-47065969.15886759 
-47065969.15886759 
-47065969.15886759 
-47065969.15886759 
-47065969.15886759 
-47065955.29215369 
-47065955.29215369 
-47065955.29215369 
-47065955.29215369 
-47065955.29215369 
-47065955.29215369 
-47065955.29215369 
-47065955.29215369 
-47065955.29215369 
-47065955.29215369 
-47065955.29215369 
-47065943.84207697 
-47065943.84207697 
-47065943.84207697 
-47065943.84207697 
