-740255699.23179960 
-716314009.68850267 
-715785843.72589850 
-713752433.81755304 
-707973263.04293585 
-706946649.54341960 
-706475604.03198016 
-629825308.44096231 
-243446264.90129381 
-146770093.16509703 
-101593131.29961029 
-101593131.29961029 
-101513762.75521547 
-92790919.77880308 
-88321312.57674462 
-86795155.13218230 
-72165334.20300615 
-71633896.91269232 
-71204058.29981270 
-71204058.29981270 
-69306165.67702594 
-68762373.51271223 
-67094184.62928382 
-67094184.62928382 
-66969601.49698059 
-66969601.49698059 
-61360939.11057996 
-61360939.11057996 
-61360939.11057996 
-61020448.48202642 
-60591090.53648398 
-60340046.27622864 
-55506927.93536019 
-55467122.81932145 
-55103781.10312273 
-55103314.02678148 
-55103314.02678148 
-55103314.02678148 
-53944250.38575296 
-53805810.57316116 
-53805810.57316116 
-52722865.40849937 
-51921632.83121730 
-51841030.60332660 
-51204767.47692899 
-51127712.72975764 
-51127712.72975764 
-51127712.72975764 
-50942480.19830880 
-50942480.19830880 
-50942480.19830880 
-50752644.98213053 
-50587715.64480511 
-50587715.64480511 
-50587715.64480511 
-49146505.82951141 
-49146505.82951141 
-49146505.82951141 
-48974600.36232988 
-47613360.75330833 
-47552020.28755478 
-47439143.78004142 
-47438945.99256706 
-47409827.09915891 
-47334825.12867641 
-47141255.58255558 
-47055919.88009197 
-46801745.63631485 
-46801745.63631485 
-46801745.63631485 
-46799437.72255375 
-46793488.40169786 
-46793488.40169786 
-46778005.52887932 
-46778005.52887932 
-46778005.52887932 
-46778005.52887932 
-45848713.83754083 
-45848713.83754083 
-45848713.83754083 
-45846179.84313897 
-45781335.20463222 
-45770446.22129197 
-45769919.80674318 
-45760723.06615431 
-45727793.14820802 
-45727793.14820802 
-45727793.14820802 
-45527518.06569061 
-45412969.71879757 
-45410733.27853419 
-45410733.27853419 
-45406515.29044375 
-45406079.85690909 
-45406057.75776671 
-45398195.42903124 
-45398195.42903124 
-45361869.99117555 
-45361869.99117555 
-45361869.99117555 
-45337612.43045419 
-45336455.21610571 
-45331663.45881549 
-45331663.45881549 
-45331663.45881549 
-45331660.65957193 
-45331438.24782733 
-45331438.24782733 
-45331438.24782733 
-45314886.83612373 
-45166449.42010605 
-45166449.42010605 
-45166159.19832489 
-45157432.24968510 
-45156382.97922764 
-45156382.97922764 
-45156381.66245282 
-45156361.63744715 
-45156361.63744715 
-45156361.63744715 
-45133531.62796783 
-45000620.50751859 
-45000620.50751859 
-45000620.50751859 
-45000620.50751859 
-44995459.42944482 
-44995459.42944482 
-44995459.42944482 
-44995349.59850768 
-44995349.59850768 
-44994663.60991895 
-44992690.12592737 
-44955415.37838046 
-44951350.28793549 
-44951350.28793549 
-44951350.28793549 
-44940230.53644421 
-44940230.53644421 
-44940230.53644421 
-44940154.81464553 
-44940154.81464553 
-44939973.60172182 
-44939973.60172182 
-44939973.60172182 
-44938277.27378305 
-44938277.27378305 
-44938277.27378305 
-44938277.27378305 
-44938277.27378305 
-44938273.63864141 
-44938258.94444101 
-44935603.55137467 
-44935290.68724318 
-44929952.72796594 
-44929952.72796594 
-44929952.72796594 
-44929952.72796594 
-44929952.72796594 
-44929952.72796594 
-44929952.72796594 
-44929939.99072591 
-44929936.75413255 
-44926352.19382265 
-44926352.19382265 
-44925758.09768368 
-44925758.09768368 
-44925758.09768368 
-44925755.54688340 
-44925723.11811657 
-44925723.11811657 
-44924256.75374357 
-44924255.40986016 
-44924251.80740799 
-44924120.67283301 
-44924120.67283301 
-44924120.67283301 
-44923939.82554792 
-44923939.82554792 
-44923939.82554792 
-44923939.82554792 
-44923939.82554792 
-44923861.41052307 
-44923861.41052307 
-44923861.41052307 
-44923687.24112251 
-44923680.34250316 
-44917804.08009481 
-44917804.08009481 
-44917804.08009481 
-44917797.88338765 
-44917797.88338765 
-44917797.88338765 
-44917651.65466373 
-44917649.53460088 
-44917649.53460088 
-44917649.53460088 
-44917649.48799274 
-44917649.48799274 
-44917649.48799274 
-44917649.48799274 
-44917643.69214124 
-44917643.69214124 
-44917643.69214124 
-44917643.69214124 
-44917643.69214124 
-44917643.69214124 
-44917643.69214124 
-44917643.29491657 
-44915467.67525575 
-44915409.04833698 
-44915409.04833698 
-44915409.04833698 
-44915381.73849826 
-44915381.73849826 
-44915381.73849826 
-44915381.73849826 
-44915381.61697252 
-44915381.61697252 
-44915381.27846514 
-44915381.27846514 
-44915271.97120464 
-44915271.97120464 
-44915271.06810285 
-44915271.06810285 
-44915271.06810285 
-44915271.06810285 
-44915271.06810285 
-44915271.06810285 
-44915271.06810285 
-44915271.06810285 
-44915271.06810285 
-44915271.06810285 
-44915271.06810285 
-44915268.09468523 
-44915268.09468523 
-44915268.09468523 
-44915268.09468523 
-44915268.09468523 
-44915268.09113830 
-44915268.09113830 
-44915268.09113830 
-44915268.09113830 
-44915268.09113830 
-44915268.09113830 
-44915268.09113830 
-44915268.09113830 
-44915259.39130178 
-44915246.83135264 
-44915246.83135264 
-44915246.43914578 
-44915246.43914578 
-44915246.43914578 
-44915246.43914578 
-44915246.43914578 
-44915246.43914578 
-44915240.21728940 
-44915240.21728940 
-44915240.21728940 
-44915240.21728940 
-44915240.21728940 
-44915240.20015733 
-44915240.20015733 
-44915240.20015733 
-44915240.20015733 
-44915222.41269592 
-44914867.88930371 
-44914867.88930371 
-44914867.88930371 
-44914867.88930371 
-44914860.85224193 
-44914860.85224193 
-44914860.81445918 
-44914834.46938715 
-44914834.46938715 
-44914834.46938715 
