-484539526.56945813 
-388448187.42701828 
-385840391.42444170 
-359743989.11293083 
-359738774.83918512 
-354849808.05140209 
-299051494.17468536 
-142128709.96199739 
-92177967.97228177 
-91859134.05951908 
-91859134.05951908 
-91859134.05951908 
-91859134.05951908 
-91825755.50334461 
-76434847.87869291 
-76434847.87869291 
-71324826.17744157 
-71182426.69240676 
-70977827.65731703 
-70210271.72652382 
-70202037.75958164 
-68722110.89274633 
-68699230.61778879 
-66347411.98166404 
-66347411.98166404 
-64872016.81026340 
-63978670.14433783 
-63978670.14433783 
-63635935.60434498 
-63635935.60434498 
-62043383.67202057 
-62043383.67202057 
-62043383.67202057 
-62043383.67202057 
-62015320.13406052 
-62015320.13406052 
-56716699.75462547 
-56701655.30214804 
-56701031.86094036 
-56701031.86094036 
-56701031.86094036 
-53112109.47779185 
-53109568.85477989 
-53109568.85477989 
-53109568.85477989 
-53109568.85477989 
-53109540.18006009 
-50721267.38974571 
-50692874.33302899 
-50689905.19247735 
-50685046.63160575 
-50636334.68924777 
-50636334.68924777 
-50628837.83117025 
-50088176.41375733 
-50087578.04896373 
-50027347.85074206 
-50027347.85074206 
-49631287.83526681 
-49582660.46362446 
-49582241.82506547 
-49582241.82506547 
-49582241.82506547 
-49553692.70662323 
-49541653.96819304 
-49459661.22890244 
-49459559.69346591 
-49459559.69346591 
-49458852.63073202 
-49438287.08688438 
-49438287.08688438 
-49438285.00369936 
-49429563.14547521 
-49429038.30478457 
-49429038.30478457 
-49428754.98874558 
-49428754.98874558 
-49428754.98874558 
-49427902.14839862 
-49427658.48168485 
-49427552.08098432 
-49413720.33467191 
-49413720.26298391 
-49412952.57212199 
-49411844.50178109 
-49411831.51080047 
-49400473.77168563 
-49394815.85365174 
-49394786.42993271 
-49394786.42993271 
-49394786.42993271 
-49391858.71518580 
-49387146.94433449 
-49387146.94433449 
-49387146.94433449 
-49387146.94433449 
-49387100.84598112 
-49386524.75249618 
-49384162.55142745 
-49384162.55142745 
-49384162.55142745 
-49384162.55142745 
-49384154.04750585 
-49383994.05029976 
-49383994.05029976 
-49383466.69040793 
-49383196.08646897 
-49383196.08646897 
-49383196.08646897 
-49382176.96010049 
-49382176.96010049 
-49381653.44607687 
-49380995.41986519 
-49380757.68992780 
-49380022.98452649 
-49379893.33192978 
-49377834.37092527 
-49377834.37092527 
-49377834.37092527 
-49377085.48776951 
-49371729.91940433 
-49371729.91940433 
-49371729.91940433 
-49371729.91940433 
-49371729.91940433 
-49371729.91940433 
-49371729.91940433 
-49371729.91940433 
-49371596.96477658 
-49371596.96477658 
-49370952.88519456 
-49370829.29975621 
-49370827.21370237 
-49370827.21370237 
-49370748.87503862 
-49370747.83512206 
-49370747.83512206 
-49370747.83512206 
-49370747.83512206 
-49370747.83512206 
-49370747.83512206 
-49370700.71153892 
-49370700.71153892 
-49370700.27642786 
-49370700.27642786 
-49370699.45917997 
-49370695.89804670 
-49370443.71312944 
-49370443.71312944 
-49370443.71312944 
-49370427.67785403 
-49370427.67785403 
-49370427.67785403 
-49370427.67785403 
-49370427.67785403 
-49370427.67785403 
-49370427.67785403 
-49370412.55171434 
-49370412.55171434 
-49370412.55171434 
-49370412.55171434 
-49370400.72434899 
-49370400.72434899 
-49370400.72434899 
-49370400.72434899 
-49370400.72434899 
-49370371.90146825 
-49370371.90146825 
-49370371.01229692 
-49370371.01229692 
-49370371.01229692 
-49370371.01229692 
-49370367.54591160 
-49370367.54591160 
-49370245.45360118 
-49370237.48364954 
-49370237.48364954 
-49370191.90438517 
-49370191.90438517 
-49370187.86069480 
-49370076.80430970 
-49370076.80430970 
-49370076.80430970 
-49370075.71230087 
-49370075.71230087 
-49370075.71230087 
-49370006.98324671 
-49370006.98324671 
-49369958.73138177 
-49369958.73138177 
-49369957.64856354 
-49369957.64856354 
-49369957.64856354 
-49369957.64856354 
-49369957.64856354 
-49369957.64856354 
-49369957.64856354 
-49369890.40123100 
-49369890.40123100 
-49369890.40123100 
-49369890.40123100 
-49369890.38669962 
-49369890.38669962 
-49369890.38669962 
-49369890.38669962 
-49369890.38669962 
-49369890.38669962 
-49369890.38669962 
-49369875.83020578 
-49369875.83020578 
-49369875.83020578 
-49369875.83020578 
-49369875.74970848 
-49369875.74970848 
-49369875.74970848 
-49369760.43776988 
-49369760.15812430 
-49369751.48084355 
-49369751.48084355 
-49369745.54673362 
-49369745.54673362 
-49369745.54673362 
-49369745.54673362 
-49369745.54673362 
-49369725.50875660 
-49369725.50875660 
-49369437.49600857 
-49369436.28330802 
-49369432.80560699 
-49369432.80560699 
-49369432.80560699 
-49369432.80560699 
-49369432.80560699 
-49369432.80560699 
-49369432.80560699 
-49369432.80560699 
-49369432.80560699 
-49369432.80560699 
-49369432.18609199 
-49369432.18609199 
-49369432.18609199 
-49369432.18609199 
-49369432.18609199 
-49369432.18609199 
-49369432.18609199 
-49369432.18609199 
-49369432.18609199 
-49369432.18609199 
-49369432.18609199 
-49369432.18609199 
-49369432.16632924 
-49369431.94674429 
-49369431.75750127 
-49369431.75750127 
-49369431.75750127 
-49369431.75750127 
-49369431.75750127 
-49369431.75750127 
-49369431.75750127 
-49369431.75750127 
-49369431.75750127 
-49369431.75750127 
-49369431.75750127 
-49369431.75750127 
-49369431.75750127 
-49369431.75750127 
-49369431.75750127 
-49369431.68564931 
-49369431.68564931 
-49369431.68564931 
-49369431.68564931 
-49369431.68564931 
-49369431.68564931 
-49369431.68564931 
-49369431.68564931 
