0.99139848 	0.98525016 	0.56013907 	0.83766840 	0.56098050 	0.92398972 	0.74976408 	0.54981042 	0.58400545 	0.67965157 	0.33129436 	0.55972697 	0.75436580 	0.81462415 	0.61708289 	0.84478985 	
0.99139848 	0.98525016 	0.56013907 	0.83766840 	0.56098050 	0.92398972 	0.74976408 	0.54981042 	0.58400545 	0.67965157 	0.33129436 	0.55972697 	0.75436580 	0.81462415 	0.61708289 	0.84478985 	
0.99139848 	0.98525016 	0.90857199 	0.83766840 	0.56098050 	0.92398972 	0.74976408 	0.54981042 	0.58400545 	0.67965157 	0.33129436 	0.55972697 	0.75436580 	0.81462415 	0.61708289 	0.84478985 	
0.99139848 	0.98525016 	0.90857199 	0.91824079 	0.56098050 	0.92398972 	0.74976408 	0.54981042 	0.58400545 	0.67965157 	0.33129436 	0.55972697 	0.75436580 	0.81462415 	0.61708289 	0.84478985 	
0.99139848 	0.98525016 	0.90857199 	0.91824079 	0.97865270 	0.92398972 	0.74976408 	0.54981042 	0.58400545 	0.67965157 	0.33129436 	0.55972697 	0.75436580 	0.81462415 	0.61708289 	0.84478985 	
0.99139848 	0.98525016 	0.90857199 	0.91824079 	0.97865270 	0.93180981 	0.74976408 	0.54981042 	0.58400545 	0.67965157 	0.33129436 	0.55972697 	0.75436580 	0.81462415 	0.61708289 	0.84478985 	
0.99139848 	0.98525016 	0.90857199 	0.91824079 	0.97865270 	0.93180981 	0.99130375 	0.54981042 	0.58400545 	0.67965157 	0.33129436 	0.55972697 	0.75436580 	0.81462415 	0.61708289 	0.84478985 	
0.99139848 	0.98525016 	0.90857199 	0.91824079 	0.97865270 	0.93180981 	0.99130375 	0.98264570 	0.58400545 	0.67965157 	0.33129436 	0.55972697 	0.75436580 	0.81462415 	0.61708289 	0.84478985 	
0.99139848 	0.98525016 	0.90857199 	0.91824079 	0.97865270 	0.93180981 	0.99130375 	0.98264570 	0.81704598 	0.67965157 	0.33129436 	0.55972697 	0.75436580 	0.81462415 	0.61708289 	0.84478985 	
0.99139848 	0.98525016 	0.90857199 	0.91824079 	0.97865270 	0.93180981 	0.99130375 	0.98264570 	0.81704598 	0.97903241 	0.33129436 	0.55972697 	0.75436580 	0.81462415 	0.61708289 	0.84478985 	
0.99139848 	0.98525016 	0.90857199 	0.91824079 	0.97865270 	0.93180981 	0.99130375 	0.98264570 	0.81704598 	0.97903241 	0.98686969 	0.55972697 	0.75436580 	0.81462415 	0.61708289 	0.84478985 	
0.99139848 	0.98525016 	0.90857199 	0.91824079 	0.97865270 	0.93180981 	0.99130375 	0.98264570 	0.81704598 	0.97903241 	0.98686969 	0.84611342 	0.75436580 	0.81462415 	0.61708289 	0.84478985 	
0.99139848 	0.98525016 	0.90857199 	0.91824079 	0.97865270 	0.93180981 	0.99130375 	0.98264570 	0.81704598 	0.97903241 	0.98686969 	0.84611342 	0.90573070 	0.81462415 	0.61708289 	0.84478985 	
0.99139848 	0.98525016 	0.90857199 	0.91824079 	0.97865270 	0.93180981 	0.99130375 	0.98264570 	0.81704598 	0.97903241 	0.98686969 	0.84611342 	0.90573070 	0.92692502 	0.61708289 	0.84478985 	
0.99139848 	0.98525016 	0.90857199 	0.91824079 	0.97865270 	0.93180981 	0.99130375 	0.98264570 	0.81704598 	0.97903241 	0.98686969 	0.84611342 	0.90573070 	0.92692502 	0.94503068 	0.84478985 	
0.99139848 	0.98525016 	0.90857199 	0.91824079 	0.97865270 	0.93180981 	0.99130375 	0.98264570 	0.81704598 	0.97903241 	0.98686969 	0.84611342 	0.90573070 	0.92692502 	0.94503068 	0.98437076 	
0.99226976 	0.98525016 	0.90857199 	0.91824079 	0.97865270 	0.93180981 	0.99130375 	0.98264570 	0.81704598 	0.97903241 	0.98686969 	0.84611342 	0.90573070 	0.92692502 	0.94503068 	0.98437076 	
0.99226976 	0.98525016 	0.90857199 	0.91824079 	0.97865270 	0.93180981 	0.99130375 	0.98264570 	0.81704598 	0.97903241 	0.98686969 	0.84611342 	0.90573070 	0.92692502 	0.94503068 	0.98437076 	
0.99226976 	0.98525016 	0.90857199 	0.91824079 	0.97865270 	0.93180981 	0.99130375 	0.98264570 	0.81704598 	0.97903241 	0.98686969 	0.84611342 	0.90573070 	0.92692502 	0.94503068 	0.98437076 	
0.99226976 	0.98525016 	0.90857199 	0.92246132 	0.97865270 	0.93180981 	0.99130375 	0.98264570 	0.81704598 	0.97903241 	0.98686969 	0.84611342 	0.90573070 	0.92692502 	0.94503068 	0.98437076 	
0.99226976 	0.98525016 	0.90857199 	0.92246132 	0.97865270 	0.93180981 	0.99130375 	0.98264570 	0.81704598 	0.97903241 	0.98686969 	0.84611342 	0.90573070 	0.92692502 	0.94503068 	0.98437076 	
0.99226976 	0.98525016 	0.90857199 	0.92246132 	0.97865270 	0.98081093 	0.99130375 	0.98264570 	0.81704598 	0.97903241 	0.98686969 	0.84611342 	0.90573070 	0.92692502 	0.94503068 	0.98437076 	
0.99226976 	0.98525016 	0.90857199 	0.92246132 	0.97865270 	0.98081093 	0.99130375 	0.98264570 	0.81704598 	0.97903241 	0.98686969 	0.84611342 	0.90573070 	0.92692502 	0.94503068 	0.98437076 	
0.99226976 	0.98525016 	0.90857199 	0.92246132 	0.97865270 	0.98081093 	0.99130375 	0.98264570 	0.81704598 	0.97903241 	0.98686969 	0.84611342 	0.90573070 	0.92692502 	0.94503068 	0.98437076 	
0.99226976 	0.98525016 	0.90857199 	0.92246132 	0.97865270 	0.98081093 	0.99130375 	0.98264570 	0.70878406 	0.97903241 	0.98686969 	0.84611342 	0.90573070 	0.92692502 	0.94503068 	0.98437076 	
0.99226976 	0.98525016 	0.90857199 	0.92246132 	0.97865270 	0.98081093 	0.99130375 	0.98264570 	0.70878406 	0.97903241 	0.98686969 	0.84611342 	0.90573070 	0.92692502 	0.94503068 	0.98437076 	
0.99226976 	0.98525016 	0.90857199 	0.92246132 	0.97865270 	0.98081093 	0.99130375 	0.98264570 	0.70878406 	0.97903241 	0.98686969 	0.84611342 	0.90573070 	0.92692502 	0.94503068 	0.98437076 	
0.99226976 	0.98525016 	0.90857199 	0.92246132 	0.97865270 	0.98081093 	0.99130375 	0.98264570 	0.70878406 	0.97903241 	0.98686969 	0.88037377 	0.90573070 	0.92692502 	0.94503068 	0.98437076 	
0.99226976 	0.98525016 	0.90857199 	0.92246132 	0.97865270 	0.98081093 	0.99130375 	0.98264570 	0.70878406 	0.97903241 	0.98686969 	0.88037377 	0.90845385 	0.92692502 	0.94503068 	0.98437076 	
0.99226976 	0.98525016 	0.90857199 	0.92246132 	0.97865270 	0.98081093 	0.99130375 	0.98264570 	0.70878406 	0.97903241 	0.98686969 	0.88037377 	0.90845385 	0.99387585 	0.94503068 	0.98437076 	
0.99226976 	0.98525016 	0.90857199 	0.92246132 	0.97865270 	0.98081093 	0.99130375 	0.98264570 	0.70878406 	0.97903241 	0.98686969 	0.88037377 	0.90845385 	0.99387585 	0.99050446 	0.98437076 	
0.99226976 	0.98525016 	0.90857199 	0.92246132 	0.97865270 	0.98081093 	0.99130375 	0.98264570 	0.70878406 	0.97903241 	0.98686969 	0.88037377 	0.90845385 	0.99387585 	0.99050446 	0.99012986 	
0.99226976 	0.98525016 	0.90857199 	0.92246132 	0.97865270 	0.98081093 	0.99130375 	0.98264570 	0.70878406 	0.97903241 	0.98686969 	0.88037377 	0.90845385 	0.99387585 	0.99050446 	0.99012986 	
0.99226976 	0.98854016 	0.90857199 	0.92246132 	0.97865270 	0.98081093 	0.99130375 	0.98264570 	0.70878406 	0.97903241 	0.98686969 	0.88037377 	0.90845385 	0.99387585 	0.99050446 	0.99012986 	
0.99226976 	0.98854016 	0.90857199 	0.92246132 	0.97865270 	0.98081093 	0.99130375 	0.98264570 	0.70878406 	0.97903241 	0.98686969 	0.88037377 	0.90845385 	0.99387585 	0.99050446 	0.99012986 	
0.99226976 	0.98854016 	0.90857199 	0.96740693 	0.97865270 	0.98081093 	0.99130375 	0.98264570 	0.70878406 	0.97903241 	0.98686969 	0.88037377 	0.90845385 	0.99387585 	0.99050446 	0.99012986 	
0.99226976 	0.98854016 	0.90857199 	0.96740693 	0.99469918 	0.98081093 	0.99130375 	0.98264570 	0.70878406 	0.97903241 	0.98686969 	0.88037377 	0.90845385 	0.99387585 	0.99050446 	0.99012986 	
0.99226976 	0.98854016 	0.90857199 	0.96740693 	0.99469918 	0.98192501 	0.99130375 	0.98264570 	0.70878406 	0.97903241 	0.98686969 	0.88037377 	0.90845385 	0.99387585 	0.99050446 	0.99012986 	
0.99226976 	0.98854016 	0.90857199 	0.96740693 	0.99469918 	0.98192501 	0.99211835 	0.98264570 	0.70878406 	0.97903241 	0.98686969 	0.88037377 	0.90845385 	0.99387585 	0.99050446 	0.99012986 	
0.99226976 	0.98854016 	0.90857199 	0.96740693 	0.99469918 	0.98192501 	0.99211835 	0.98337320 	0.70878406 	0.97903241 	0.98686969 	0.88037377 	0.90845385 	0.99387585 	0.99050446 	0.99012986 	
0.99226976 	0.98854016 	0.90857199 	0.96740693 	0.99469918 	0.98192501 	0.99211835 	0.98337320 	0.70178690 	0.97903241 	0.98686969 	0.88037377 	0.90845385 	0.99387585 	0.99050446 	0.99012986 	
0.99226976 	0.98854016 	0.90857199 	0.96740693 	0.99469918 	0.98192501 	0.99211835 	0.98337320 	0.70178690 	0.98556582 	0.98686969 	0.88037377 	0.90845385 	0.99387585 	0.99050446 	0.99012986 	
0.99226976 	0.98854016 	0.90857199 	0.96740693 	0.99469918 	0.98192501 	0.99211835 	0.98337320 	0.70178690 	0.98556582 	0.98686969 	0.88037377 	0.90845385 	0.99387585 	0.99050446 	0.99012986 	
0.99226976 	0.98854016 	0.90857199 	0.96740693 	0.99469918 	0.98192501 	0.99211835 	0.98337320 	0.70178690 	0.98556582 	0.98686969 	0.88037377 	0.90845385 	0.99387585 	0.99050446 	0.99012986 	
0.99226976 	0.98854016 	0.90857199 	0.96740693 	0.99469918 	0.98192501 	0.99211835 	0.98337320 	0.70178690 	0.98556582 	0.98686969 	0.88037377 	0.94626373 	0.99387585 	0.99050446 	0.99012986 	
0.99226976 	0.98854016 	0.90857199 	0.96740693 	0.99469918 	0.98192501 	0.99211835 	0.98337320 	0.70178690 	0.98556582 	0.98686969 	0.88037377 	0.94626373 	0.99555356 	0.99050446 	0.99012986 	
0.99226976 	0.98854016 	0.90857199 	0.96740693 	0.99469918 	0.98192501 	0.99211835 	0.98337320 	0.70178690 	0.98556582 	0.98686969 	0.88037377 	0.94626373 	0.99555356 	0.99050446 	0.99012986 	
0.99226976 	0.98854016 	0.90857199 	0.96740693 	0.99469918 	0.98192501 	0.99211835 	0.98337320 	0.70178690 	0.98556582 	0.98686969 	0.88037377 	0.94626373 	0.99555356 	0.99050446 	0.99012986 	
0.99261334 	0.98854016 	0.90857199 	0.96740693 	0.99469918 	0.98192501 	0.99211835 	0.98337320 	0.70178690 	0.98556582 	0.98686969 	0.88037377 	0.94626373 	0.99555356 	0.99050446 	0.99012986 	
0.99261334 	0.99464915 	0.90857199 	0.96740693 	0.99469918 	0.98192501 	0.99211835 	0.98337320 	0.70178690 	0.98556582 	0.98686969 	0.88037377 	0.94626373 	0.99555356 	0.99050446 	0.99012986 	
0.99261334 	0.99464915 	0.90857199 	0.96740693 	0.99469918 	0.98192501 	0.99211835 	0.98337320 	0.70178690 	0.98556582 	0.98686969 	0.88037377 	0.94626373 	0.99555356 	0.99050446 	0.99012986 	
0.99261334 	0.99464915 	0.90857199 	0.96819920 	0.99469918 	0.98192501 	0.99211835 	0.98337320 	0.70178690 	0.98556582 	0.98686969 	0.88037377 	0.94626373 	0.99555356 	0.99050446 	0.99012986 	
0.99261334 	0.99464915 	0.90857199 	0.96819920 	0.99702198 	0.98192501 	0.99211835 	0.98337320 	0.70178690 	0.98556582 	0.98686969 	0.88037377 	0.94626373 	0.99555356 	0.99050446 	0.99012986 	
0.99261334 	0.99464915 	0.90857199 	0.96819920 	0.99702198 	0.99776481 	0.99211835 	0.98337320 	0.70178690 	0.98556582 	0.98686969 	0.88037377 	0.94626373 	0.99555356 	0.99050446 	0.99012986 	
0.99261334 	0.99464915 	0.90857199 	0.96819920 	0.99702198 	0.99776481 	0.99363553 	0.98337320 	0.70178690 	0.98556582 	0.98686969 	0.88037377 	0.94626373 	0.99555356 	0.99050446 	0.99012986 	
0.99261334 	0.99464915 	0.90857199 	0.96819920 	0.99702198 	0.99776481 	0.99363553 	0.98337320 	0.70178690 	0.98556582 	0.98686969 	0.88037377 	0.94626373 	0.99555356 	0.99050446 	0.99012986 	
0.99261334 	0.99464915 	0.90857199 	0.96819920 	0.99702198 	0.99776481 	0.99363553 	0.98337320 	0.69937295 	0.98556582 	0.98686969 	0.88037377 	0.94626373 	0.99555356 	0.99050446 	0.99012986 	
0.99261334 	0.99464915 	0.90857199 	0.96819920 	0.99702198 	0.99776481 	0.99363553 	0.98337320 	0.69937295 	0.98556582 	0.98686969 	0.88037377 	0.94626373 	0.99555356 	0.99050446 	0.99012986 	
0.99261334 	0.99464915 	0.90857199 	0.96819920 	0.99702198 	0.99776481 	0.99363553 	0.98337320 	0.69937295 	0.98556582 	0.98686969 	0.88037377 	0.94626373 	0.99555356 	0.99050446 	0.99012986 	
0.99261334 	0.99464915 	0.90857199 	0.96819920 	0.99702198 	0.99776481 	0.99363553 	0.98337320 	0.69937295 	0.98556582 	0.98686969 	0.93205445 	0.94626373 	0.99555356 	0.99050446 	0.99012986 	
0.99261334 	0.99464915 	0.90857199 	0.96819920 	0.99702198 	0.99776481 	0.99363553 	0.98337320 	0.69937295 	0.98556582 	0.98686969 	0.93205445 	0.95376728 	0.99555356 	0.99050446 	0.99012986 	
0.99261334 	0.99464915 	0.90857199 	0.96819920 	0.99702198 	0.99776481 	0.99363553 	0.98337320 	0.69937295 	0.98556582 	0.98686969 	0.93205445 	0.95376728 	0.99555356 	0.99050446 	0.99012986 	
0.99261334 	0.99464915 	0.90857199 	0.96819920 	0.99702198 	0.99776481 	0.99363553 	0.98337320 	0.69937295 	0.98556582 	0.98686969 	0.93205445 	0.95376728 	0.99555356 	0.99239721 	0.99012986 	
0.99261334 	0.99464915 	0.90857199 	0.96819920 	0.99702198 	0.99776481 	0.99363553 	0.98337320 	0.69937295 	0.98556582 	0.98686969 	0.93205445 	0.95376728 	0.99555356 	0.99239721 	0.99961520 	
0.99261334 	0.99464915 	0.90857199 	0.96819920 	0.99702198 	0.99776481 	0.99363553 	0.98337320 	0.69937295 	0.98556582 	0.98686969 	0.93205445 	0.95376728 	0.99555356 	0.99239721 	0.99961520 	
0.99261334 	0.99854796 	0.90857199 	0.96819920 	0.99702198 	0.99776481 	0.99363553 	0.98337320 	0.69937295 	0.98556582 	0.98686969 	0.93205445 	0.95376728 	0.99555356 	0.99239721 	0.99961520 	
0.99261334 	0.99854796 	0.95437917 	0.96819920 	0.99702198 	0.99776481 	0.99363553 	0.98337320 	0.69937295 	0.98556582 	0.98686969 	0.93205445 	0.95376728 	0.99555356 	0.99239721 	0.99961520 	
0.99261334 	0.99854796 	0.95437917 	0.99997678 	0.99702198 	0.99776481 	0.99363553 	0.98337320 	0.69937295 	0.98556582 	0.98686969 	0.93205445 	0.95376728 	0.99555356 	0.99239721 	0.99961520 	
0.99261334 	0.99854796 	0.95437917 	0.99997678 	0.99702198 	0.99776481 	0.99363553 	0.98337320 	0.69937295 	0.98556582 	0.98686969 	0.93205445 	0.95376728 	0.99555356 	0.99239721 	0.99961520 	
0.99261334 	0.99854796 	0.95437917 	0.99997678 	0.99702198 	0.99776481 	0.99363553 	0.98337320 	0.69937295 	0.98556582 	0.98686969 	0.93205445 	0.95376728 	0.99555356 	0.99239721 	0.99961520 	
0.99261334 	0.99854796 	0.95437917 	0.99997678 	0.99702198 	0.99776481 	0.99486686 	0.98337320 	0.69937295 	0.98556582 	0.98686969 	0.93205445 	0.95376728 	0.99555356 	0.99239721 	0.99961520 	
0.99261334 	0.99854796 	0.95437917 	0.99997678 	0.99702198 	0.99776481 	0.99486686 	0.99963969 	0.69937295 	0.98556582 	0.98686969 	0.93205445 	0.95376728 	0.99555356 	0.99239721 	0.99961520 	
0.99261334 	0.99854796 	0.95437917 	0.99997678 	0.99702198 	0.99776481 	0.99486686 	0.99963969 	0.69936532 	0.98556582 	0.98686969 	0.93205445 	0.95376728 	0.99555356 	0.99239721 	0.99961520 	
0.99261334 	0.99854796 	0.95437917 	0.99997678 	0.99702198 	0.99776481 	0.99486686 	0.99963969 	0.69936532 	0.98980644 	0.98686969 	0.93205445 	0.95376728 	0.99555356 	0.99239721 	0.99961520 	
0.99261334 	0.99854796 	0.95437917 	0.99997678 	0.99702198 	0.99776481 	0.99486686 	0.99963969 	0.69936532 	0.98980644 	0.98686969 	0.93205445 	0.95376728 	0.99555356 	0.99239721 	0.99961520 	
0.99261334 	0.99854796 	0.95437917 	0.99997678 	0.99702198 	0.99776481 	0.99486686 	0.99963969 	0.69936532 	0.98980644 	0.98686969 	0.95972401 	0.95376728 	0.99555356 	0.99239721 	0.99961520 	
0.99261334 	0.99854796 	0.95437917 	0.99997678 	0.99702198 	0.99776481 	0.99486686 	0.99963969 	0.69936532 	0.98980644 	0.98686969 	0.95972401 	0.97952159 	0.99555356 	0.99239721 	0.99961520 	
0.99261334 	0.99854796 	0.95437917 	0.99997678 	0.99702198 	0.99776481 	0.99486686 	0.99963969 	0.69936532 	0.98980644 	0.98686969 	0.95972401 	0.97952159 	0.99555356 	0.99239721 	0.99961520 	
0.99261334 	0.99854796 	0.95437917 	0.99997678 	0.99702198 	0.99776481 	0.99486686 	0.99963969 	0.69936532 	0.98980644 	0.98686969 	0.95972401 	0.97952159 	0.99555356 	0.99420748 	0.99961520 	
0.99261334 	0.99854796 	0.95437917 	0.99997678 	0.99702198 	0.99776481 	0.99486686 	0.99963969 	0.69936532 	0.98980644 	0.98686969 	0.95972401 	0.97952159 	0.99555356 	0.99420748 	0.99070241 	
0.96937920 	0.99854796 	0.95437917 	0.99997678 	0.99702198 	0.99776481 	0.99486686 	0.99963969 	0.69936532 	0.98980644 	0.98686969 	0.95972401 	0.97952159 	0.99555356 	0.99420748 	0.99070241 	
0.96937920 	0.99921752 	0.95437917 	0.99997678 	0.99702198 	0.99776481 	0.99486686 	0.99963969 	0.69936532 	0.98980644 	0.98686969 	0.95972401 	0.97952159 	0.99555356 	0.99420748 	0.99070241 	
0.96937920 	0.99921752 	0.96567064 	0.99997678 	0.99702198 	0.99776481 	0.99486686 	0.99963969 	0.69936532 	0.98980644 	0.98686969 	0.95972401 	0.97952159 	0.99555356 	0.99420748 	0.99070241 	
0.96937920 	0.99921752 	0.96567064 	0.99997678 	0.99702198 	0.99776481 	0.99486686 	0.99963969 	0.69936532 	0.98980644 	0.98686969 	0.95972401 	0.97952159 	0.99555356 	0.99420748 	0.99070241 	
0.96937920 	0.99921752 	0.96567064 	0.99997678 	0.99702211 	0.99776481 	0.99486686 	0.99963969 	0.69936532 	0.98980644 	0.98686969 	0.95972401 	0.97952159 	0.99555356 	0.99420748 	0.99070241 	
0.96937920 	0.99921752 	0.96567064 	0.99997678 	0.99702211 	0.99776678 	0.99486686 	0.99963969 	0.69936532 	0.98980644 	0.98686969 	0.95972401 	0.97952159 	0.99555356 	0.99420748 	0.99070241 	
0.96937920 	0.99921752 	0.96567064 	0.99997678 	0.99702211 	0.99776678 	0.99720374 	0.99963969 	0.69936532 	0.98980644 	0.98686969 	0.95972401 	0.97952159 	0.99555356 	0.99420748 	0.99070241 	
0.96937920 	0.99921752 	0.96567064 	0.99997678 	0.99702211 	0.99776678 	0.99720374 	0.99963969 	0.69936532 	0.98980644 	0.98686969 	0.95972401 	0.97952159 	0.99555356 	0.99420748 	0.99070241 	
0.96937920 	0.99921752 	0.96567064 	0.99997678 	0.99702211 	0.99776678 	0.99720374 	0.99963969 	0.69837801 	0.98980644 	0.98686969 	0.95972401 	0.97952159 	0.99555356 	0.99420748 	0.99070241 	
0.96937920 	0.99921752 	0.96567064 	0.99997678 	0.99702211 	0.99776678 	0.99720374 	0.99963969 	0.69837801 	0.98980644 	0.98686969 	0.95972401 	0.97952159 	0.99555356 	0.99420748 	0.99070241 	
0.96937920 	0.99921752 	0.96567064 	0.99997678 	0.99702211 	0.99776678 	0.99720374 	0.99963969 	0.69837801 	0.98980644 	0.98686969 	0.95972401 	0.97952159 	0.99555356 	0.99420748 	0.99070241 	
0.96937920 	0.99921752 	0.96567064 	0.99997678 	0.99702211 	0.99776678 	0.99720374 	0.99963969 	0.69837801 	0.98980644 	0.98686969 	0.95972401 	0.97952159 	0.99555356 	0.99420748 	0.99070241 	
0.96937920 	0.99921752 	0.96567064 	0.99997678 	0.99702211 	0.99776678 	0.99720374 	0.99963969 	0.69837801 	0.98980644 	0.98686969 	0.95972401 	0.99266645 	0.99555356 	0.99420748 	0.99070241 	
0.96937920 	0.99921752 	0.96567064 	0.99997678 	0.99702211 	0.99776678 	0.99720374 	0.99963969 	0.69837801 	0.98980644 	0.98686969 	0.95972401 	0.99266645 	0.99888599 	0.99420748 	0.99070241 	
0.96937920 	0.99921752 	0.96567064 	0.99997678 	0.99702211 	0.99776678 	0.99720374 	0.99963969 	0.69837801 	0.98980644 	0.98686969 	0.95972401 	0.99266645 	0.99888599 	0.99703814 	0.99070241 	
0.96937920 	0.99921752 	0.96567064 	0.99997678 	0.99702211 	0.99776678 	0.99720374 	0.99963969 	0.69837801 	0.98980644 	0.98686969 	0.95972401 	0.99266645 	0.99888599 	0.99703814 	0.99046898 	
0.96478750 	0.99921752 	0.96567064 	0.99997678 	0.99702211 	0.99776678 	0.99720374 	0.99963969 	0.69837801 	0.98980644 	0.98686969 	0.95972401 	0.99266645 	0.99888599 	0.99703814 	0.99046898 	
0.96478750 	0.99710276 	0.96567064 	0.99997678 	0.99702211 	0.99776678 	0.99720374 	0.99963969 	0.69837801 	0.98980644 	0.98686969 	0.95972401 	0.99266645 	0.99888599 	0.99703814 	0.99046898 	
0.96478750 	0.99710276 	0.98177913 	0.99997678 	0.99702211 	0.99776678 	0.99720374 	0.99963969 	0.69837801 	0.98980644 	0.98686969 	0.95972401 	0.99266645 	0.99888599 	0.99703814 	0.99046898 	
0.96478750 	0.99710276 	0.98177913 	0.99997678 	0.99702211 	0.99776678 	0.99720374 	0.99963969 	0.69837801 	0.98980644 	0.98686969 	0.95972401 	0.99266645 	0.99888599 	0.99703814 	0.99046898 	
0.96478750 	0.99710276 	0.98177913 	0.99997678 	0.99757698 	0.99776678 	0.99720374 	0.99963969 	0.69837801 	0.98980644 	0.98686969 	0.95972401 	0.99266645 	0.99888599 	0.99703814 	0.99046898 	
0.96478750 	0.99710276 	0.98177913 	0.99997678 	0.99757698 	0.99925000 	0.99720374 	0.99963969 	0.69837801 	0.98980644 	0.98686969 	0.95972401 	0.99266645 	0.99888599 	0.99703814 	0.99046898 	
0.96478750 	0.99710276 	0.98177913 	0.99997678 	0.99757698 	0.99925000 	0.99770199 	0.99963969 	0.69837801 	0.98980644 	0.98686969 	0.95972401 	0.99266645 	0.99888599 	0.99703814 	0.99046898 	
0.96478750 	0.99710276 	0.98177913 	0.99997678 	0.99757698 	0.99925000 	0.99770199 	0.99963969 	0.69837801 	0.98980644 	0.98686969 	0.95972401 	0.99266645 	0.99888599 	0.99703814 	0.99046898 	
0.96478750 	0.99710276 	0.98177913 	0.99997678 	0.99757698 	0.99925000 	0.99770199 	0.99963969 	0.69362452 	0.98980644 	0.98686969 	0.95972401 	0.99266645 	0.99888599 	0.99703814 	0.99046898 	
0.96478750 	0.99710276 	0.98177913 	0.99997678 	0.99757698 	0.99925000 	0.99770199 	0.99963969 	0.69362452 	0.98980644 	0.98686969 	0.95972401 	0.99266645 	0.99888599 	0.99703814 	0.99046898 	
0.96478750 	0.99710276 	0.98177913 	0.99997678 	0.99757698 	0.99925000 	0.99770199 	0.99963969 	0.69362452 	0.98980644 	0.98686969 	0.95972401 	0.99266645 	0.99888599 	0.99703814 	0.99046898 	
0.96478750 	0.99710276 	0.98177913 	0.99997678 	0.99757698 	0.99925000 	0.99770199 	0.99963969 	0.69362452 	0.98980644 	0.98686969 	0.98532782 	0.99266645 	0.99888599 	0.99703814 	0.99046898 	
0.96478750 	0.99710276 	0.98177913 	0.99997678 	0.99757698 	0.99925000 	0.99770199 	0.99963969 	0.69362452 	0.98980644 	0.98686969 	0.98532782 	0.99357384 	0.99888599 	0.99703814 	0.99046898 	
0.96478750 	0.99710276 	0.98177913 	0.99997678 	0.99757698 	0.99925000 	0.99770199 	0.99963969 	0.69362452 	0.98980644 	0.98686969 	0.98532782 	0.99357384 	0.99954008 	0.99703814 	0.99046898 	
0.96478750 	0.99710276 	0.98177913 	0.99997678 	0.99757698 	0.99925000 	0.99770199 	0.99963969 	0.69362452 	0.98980644 	0.98686969 	0.98532782 	0.99357384 	0.99954008 	0.99986810 	0.99046898 	
0.96478750 	0.99710276 	0.98177913 	0.99997678 	0.99757698 	0.99925000 	0.99770199 	0.99963969 	0.69362452 	0.98980644 	0.98686969 	0.98532782 	0.99357384 	0.99954008 	0.99986810 	0.98741230 	
0.96297764 	0.99710276 	0.98177913 	0.99997678 	0.99757698 	0.99925000 	0.99770199 	0.99963969 	0.69362452 	0.98980644 	0.98686969 	0.98532782 	0.99357384 	0.99954008 	0.99986810 	0.98741230 	
0.96297764 	0.99050822 	0.98177913 	0.99997678 	0.99757698 	0.99925000 	0.99770199 	0.99963969 	0.69362452 	0.98980644 	0.98686969 	0.98532782 	0.99357384 	0.99954008 	0.99986810 	0.98741230 	
0.96297764 	0.99050822 	0.98399632 	0.99997678 	0.99757698 	0.99925000 	0.99770199 	0.99963969 	0.69362452 	0.98980644 	0.98686969 	0.98532782 	0.99357384 	0.99954008 	0.99986810 	0.98741230 	
0.96297764 	0.99050822 	0.98399632 	0.99999795 	0.99757698 	0.99925000 	0.99770199 	0.99963969 	0.69362452 	0.98980644 	0.98686969 	0.98532782 	0.99357384 	0.99954008 	0.99986810 	0.98741230 	
0.96297764 	0.99050822 	0.98399632 	0.99999795 	0.99925915 	0.99925000 	0.99770199 	0.99963969 	0.69362452 	0.98980644 	0.98686969 	0.98532782 	0.99357384 	0.99954008 	0.99986810 	0.98741230 	
0.96297764 	0.99050822 	0.98399632 	0.99999795 	0.99925915 	0.99977325 	0.99770199 	0.99963969 	0.69362452 	0.98980644 	0.98686969 	0.98532782 	0.99357384 	0.99954008 	0.99986810 	0.98741230 	
0.96297764 	0.99050822 	0.98399632 	0.99999795 	0.99925915 	0.99977325 	0.99996203 	0.99963969 	0.69362452 	0.98980644 	0.98686969 	0.98532782 	0.99357384 	0.99954008 	0.99986810 	0.98741230 	
0.96297764 	0.99050822 	0.98399632 	0.99999795 	0.99925915 	0.99977325 	0.99996203 	0.99965233 	0.69362452 	0.98980644 	0.98686969 	0.98532782 	0.99357384 	0.99954008 	0.99986810 	0.98741230 	
0.96297764 	0.99050822 	0.98399632 	0.99999795 	0.99925915 	0.99977325 	0.99996203 	0.99965233 	0.69362452 	0.98980644 	0.98686969 	0.98532782 	0.99357384 	0.99954008 	0.99986810 	0.98741230 	
0.96297764 	0.99050822 	0.98399632 	0.99999795 	0.99925915 	0.99977325 	0.99996203 	0.99965233 	0.69362452 	0.98989270 	0.98686969 	0.98532782 	0.99357384 	0.99954008 	0.99986810 	0.98741230 	
0.96297764 	0.99050822 	0.98399632 	0.99999795 	0.99925915 	0.99977325 	0.99996203 	0.99965233 	0.69362452 	0.98989270 	0.98677068 	0.98532782 	0.99357384 	0.99954008 	0.99986810 	0.98741230 	
0.96297764 	0.99050822 	0.98399632 	0.99999795 	0.99925915 	0.99977325 	0.99996203 	0.99965233 	0.69362452 	0.98989270 	0.98677068 	0.98596580 	0.99357384 	0.99954008 	0.99986810 	0.98741230 	
0.96297764 	0.99050822 	0.98399632 	0.99999795 	0.99925915 	0.99977325 	0.99996203 	0.99965233 	0.69362452 	0.98989270 	0.98677068 	0.98596580 	0.99650354 	0.99954008 	0.99986810 	0.98741230 	
0.96297764 	0.99050822 	0.98399632 	0.99999795 	0.99925915 	0.99977325 	0.99996203 	0.99965233 	0.69362452 	0.98989270 	0.98677068 	0.98596580 	0.99650354 	0.99970893 	0.99986810 	0.98741230 	
0.96297764 	0.99050822 	0.98399632 	0.99999795 	0.99925915 	0.99977325 	0.99996203 	0.99965233 	0.69362452 	0.98989270 	0.98677068 	0.98596580 	0.99650354 	0.99970893 	0.99986810 	0.98741230 	
0.96297764 	0.99050822 	0.98399632 	0.99999795 	0.99925915 	0.99977325 	0.99996203 	0.99965233 	0.69362452 	0.98989270 	0.98677068 	0.98596580 	0.99650354 	0.99970893 	0.99986810 	0.98741230 	
0.96297764 	0.99050822 	0.98399632 	0.99999795 	0.99925915 	0.99977325 	0.99996203 	0.99965233 	0.69362452 	0.98989270 	0.98677068 	0.98596580 	0.99650354 	0.99970893 	0.99986810 	0.98741230 	
0.96297764 	0.99042072 	0.98399632 	0.99999795 	0.99925915 	0.99977325 	0.99996203 	0.99965233 	0.69362452 	0.98989270 	0.98677068 	0.98596580 	0.99650354 	0.99970893 	0.99986810 	0.98741230 	
0.96297764 	0.99042072 	0.98409865 	0.99999795 	0.99925915 	0.99977325 	0.99996203 	0.99965233 	0.69362452 	0.98989270 	0.98677068 	0.98596580 	0.99650354 	0.99970893 	0.99986810 	0.98741230 	
0.96297764 	0.99042072 	0.98409865 	0.99999795 	0.99925915 	0.99977325 	0.99996203 	0.99965233 	0.69362452 	0.98989270 	0.98677068 	0.98596580 	0.99650354 	0.99970893 	0.99986810 	0.98741230 	
0.96297764 	0.99042072 	0.98409865 	0.99999795 	0.99886687 	0.99977325 	0.99996203 	0.99965233 	0.69362452 	0.98989270 	0.98677068 	0.98596580 	0.99650354 	0.99970893 	0.99986810 	0.98741230 	
0.96297764 	0.99042072 	0.98409865 	0.99999795 	0.99886687 	0.99977325 	0.99996203 	0.99965233 	0.69362452 	0.98989270 	0.98677068 	0.98596580 	0.99650354 	0.99970893 	0.99986810 	0.98741230 	
0.96297764 	0.99042072 	0.98409865 	0.99999795 	0.99886687 	0.99977325 	0.99996203 	0.99965233 	0.69362452 	0.98989270 	0.98677068 	0.98596580 	0.99650354 	0.99970893 	0.99986810 	0.98741230 	
0.96297764 	0.99042072 	0.98409865 	0.99999795 	0.99886687 	0.99977325 	0.99996203 	0.99996744 	0.69362452 	0.98989270 	0.98677068 	0.98596580 	0.99650354 	0.99970893 	0.99986810 	0.98741230 	
0.96297764 	0.99042072 	0.98409865 	0.99999795 	0.99886687 	0.99977325 	0.99996203 	0.99996744 	0.69669490 	0.98989270 	0.98677068 	0.98596580 	0.99650354 	0.99970893 	0.99986810 	0.98741230 	
0.96297764 	0.99042072 	0.98409865 	0.99999795 	0.99886687 	0.99977325 	0.99996203 	0.99996744 	0.69669490 	0.99083126 	0.98677068 	0.98596580 	0.99650354 	0.99970893 	0.99986810 	0.98741230 	
0.96297764 	0.99042072 	0.98409865 	0.99999795 	0.99886687 	0.99977325 	0.99996203 	0.99996744 	0.69669490 	0.99083126 	0.98677068 	0.98596580 	0.99650354 	0.99970893 	0.99986810 	0.98741230 	
0.96297764 	0.99042072 	0.98409865 	0.99999795 	0.99886687 	0.99977325 	0.99996203 	0.99996744 	0.69669490 	0.99083126 	0.98677068 	0.98677412 	0.99650354 	0.99970893 	0.99986810 	0.98741230 	
0.96297764 	0.99042072 	0.98409865 	0.99999795 	0.99886687 	0.99977325 	0.99996203 	0.99996744 	0.69669490 	0.99083126 	0.98677068 	0.98677412 	0.99992524 	0.99970893 	0.99986810 	0.98741230 	
0.96297764 	0.99042072 	0.98409865 	0.99999795 	0.99886687 	0.99977325 	0.99996203 	0.99996744 	0.69669490 	0.99083126 	0.98677068 	0.98677412 	0.99992524 	0.99983464 	0.99986810 	0.98741230 	
0.96297764 	0.99042072 	0.98409865 	0.99999795 	0.99886687 	0.99977325 	0.99996203 	0.99996744 	0.69669490 	0.99083126 	0.98677068 	0.98677412 	0.99992524 	0.99983464 	0.99999295 	0.98741230 	
0.96297764 	0.99042072 	0.98409865 	0.99999795 	0.99886687 	0.99977325 	0.99996203 	0.99996744 	0.69669490 	0.99083126 	0.98677068 	0.98677412 	0.99992524 	0.99983464 	0.99999295 	0.98741230 	
0.96297764 	0.99042072 	0.98409865 	0.99999795 	0.99886687 	0.99977325 	0.99996203 	0.99996744 	0.69669490 	0.99083126 	0.98677068 	0.98677412 	0.99992524 	0.99983464 	0.99999295 	0.98741230 	
0.96297764 	0.98757043 	0.98409865 	0.99999795 	0.99886687 	0.99977325 	0.99996203 	0.99996744 	0.69669490 	0.99083126 	0.98677068 	0.98677412 	0.99992524 	0.99983464 	0.99999295 	0.98741230 	
0.96297764 	0.98757043 	0.98409865 	0.99999795 	0.99886687 	0.99977325 	0.99996203 	0.99996744 	0.69669490 	0.99083126 	0.98677068 	0.98677412 	0.99992524 	0.99983464 	0.99999295 	0.98741230 	
0.96297764 	0.98757043 	0.98409865 	0.99999795 	0.99886687 	0.99977325 	0.99996203 	0.99996744 	0.69669490 	0.99083126 	0.98677068 	0.98677412 	0.99992524 	0.99983464 	0.99999295 	0.98741230 	
0.96297764 	0.98757043 	0.98409865 	0.99999795 	0.99845173 	0.99977325 	0.99996203 	0.99996744 	0.69669490 	0.99083126 	0.98677068 	0.98677412 	0.99992524 	0.99983464 	0.99999295 	0.98741230 	
0.96297764 	0.98757043 	0.98409865 	0.99999795 	0.99845173 	0.99980397 	0.99996203 	0.99996744 	0.69669490 	0.99083126 	0.98677068 	0.98677412 	0.99992524 	0.99983464 	0.99999295 	0.98741230 	
0.96297764 	0.98757043 	0.98409865 	0.99999795 	0.99845173 	0.99980397 	0.99996203 	0.99996744 	0.69669490 	0.99083126 	0.98677068 	0.98677412 	0.99992524 	0.99983464 	0.99999295 	0.98741230 	
0.96297764 	0.98757043 	0.98409865 	0.99999795 	0.99845173 	0.99980397 	0.99996203 	0.99998389 	0.69669490 	0.99083126 	0.98677068 	0.98677412 	0.99992524 	0.99983464 	0.99999295 	0.98741230 	
0.96297764 	0.98757043 	0.98409865 	0.99999795 	0.99845173 	0.99980397 	0.99996203 	0.99998389 	0.69669490 	0.99083126 	0.98677068 	0.98677412 	0.99992524 	0.99983464 	0.99999295 	0.98741230 	
0.96297764 	0.98757043 	0.98409865 	0.99999795 	0.99845173 	0.99980397 	0.99996203 	0.99998389 	0.69669490 	0.99083126 	0.98677068 	0.98677412 	0.99992524 	0.99983464 	0.99999295 	0.98741230 	
0.96297764 	0.98757043 	0.98409865 	0.99999795 	0.99845173 	0.99980397 	0.99996203 	0.99998389 	0.69669490 	0.99083126 	0.98677068 	0.98677412 	0.99992524 	0.99983464 	0.99999295 	0.98741230 	
0.96297764 	0.98757043 	0.98409865 	0.99999795 	0.99845173 	0.99980397 	0.99996203 	0.99998389 	0.69669490 	0.99083126 	0.98677068 	0.99100537 	0.99992524 	0.99983464 	0.99999295 	0.98741230 	
0.96297764 	0.98757043 	0.98409865 	0.99999795 	0.99845173 	0.99980397 	0.99996203 	0.99998389 	0.69669490 	0.99083126 	0.98677068 	0.99100537 	0.99992524 	0.99983464 	0.99999295 	0.98741230 	
0.96297764 	0.98757043 	0.98409865 	0.99999795 	0.99845173 	0.99980397 	0.99996203 	0.99998389 	0.69669490 	0.99083126 	0.98677068 	0.99100537 	0.99992524 	0.99983464 	0.99999295 	0.98741230 	
0.96297764 	0.98757043 	0.98409865 	0.99999795 	0.99845173 	0.99980397 	0.99996203 	0.99998389 	0.69669490 	0.99083126 	0.98677068 	0.99100537 	0.99992524 	0.99983464 	0.99999295 	0.98741230 	
0.96297764 	0.98757043 	0.98409865 	0.99999795 	0.99845173 	0.99980397 	0.99996203 	0.99998389 	0.69669490 	0.99083126 	0.98677068 	0.99100537 	0.99992524 	0.99983464 	0.99999295 	0.98741230 	
0.96299609 	0.98757043 	0.98409865 	0.99999795 	0.99845173 	0.99980397 	0.99996203 	0.99998389 	0.69669490 	0.99083126 	0.98677068 	0.99100537 	0.99992524 	0.99983464 	0.99999295 	0.98741230 	
0.96299609 	0.98757043 	0.98409865 	0.99999795 	0.99845173 	0.99980397 	0.99996203 	0.99998389 	0.69669490 	0.99083126 	0.98677068 	0.99100537 	0.99992524 	0.99983464 	0.99999295 	0.98741230 	
0.96299609 	0.98757043 	0.98439346 	0.99999795 	0.99845173 	0.99980397 	0.99996203 	0.99998389 	0.69669490 	0.99083126 	0.98677068 	0.99100537 	0.99992524 	0.99983464 	0.99999295 	0.98741230 	
0.96299609 	0.98757043 	0.98439346 	0.99999812 	0.99845173 	0.99980397 	0.99996203 	0.99998389 	0.69669490 	0.99083126 	0.98677068 	0.99100537 	0.99992524 	0.99983464 	0.99999295 	0.98741230 	
0.96299609 	0.98757043 	0.98439346 	0.99999812 	0.99846188 	0.99980397 	0.99996203 	0.99998389 	0.69669490 	0.99083126 	0.98677068 	0.99100537 	0.99992524 	0.99983464 	0.99999295 	0.98741230 	
0.96299609 	0.98757043 	0.98439346 	0.99999812 	0.99846188 	0.99980397 	0.99996203 	0.99998389 	0.69669490 	0.99083126 	0.98677068 	0.99100537 	0.99992524 	0.99983464 	0.99999295 	0.98741230 	
0.96299609 	0.98757043 	0.98439346 	0.99999812 	0.99846188 	0.99980397 	0.99996203 	0.99998389 	0.69669490 	0.99083126 	0.98677068 	0.99100537 	0.99992524 	0.99983464 	0.99999295 	0.98741230 	
0.96299609 	0.98757043 	0.98439346 	0.99999812 	0.99846188 	0.99980397 	0.99996203 	0.99998389 	0.69669490 	0.99083126 	0.98677068 	0.99100537 	0.99992524 	0.99983464 	0.99999295 	0.98741230 	
0.96299609 	0.98757043 	0.98439346 	0.99999812 	0.99846188 	0.99980397 	0.99996203 	0.99998389 	0.69669490 	0.99083126 	0.98677068 	0.99100537 	0.99992524 	0.99983464 	0.99999295 	0.98741230 	
0.96299609 	0.98757043 	0.98439346 	0.99999812 	0.99846188 	0.99980397 	0.99996203 	0.99998389 	0.69669490 	0.99083126 	0.98677068 	0.99100537 	0.99992524 	0.99983464 	0.99999295 	0.98741230 	
0.96299609 	0.98757043 	0.98439346 	0.99999812 	0.99846188 	0.99980397 	0.99996203 	0.99998389 	0.69669490 	0.99083126 	0.98677068 	0.99100537 	0.99992524 	0.99983464 	0.99999295 	0.98741230 	
0.96299609 	0.98757043 	0.98439346 	0.99999812 	0.99846188 	0.99980397 	0.99996203 	0.99998389 	0.69669490 	0.99083126 	0.98677068 	0.99406720 	0.99992524 	0.99983464 	0.99999295 	0.98741230 	
0.96299609 	0.98757043 	0.98439346 	0.99999812 	0.99846188 	0.99980397 	0.99996203 	0.99998389 	0.69669490 	0.99083126 	0.98677068 	0.99406720 	0.99994726 	0.99983464 	0.99999295 	0.98741230 	
0.96299609 	0.98757043 	0.98439346 	0.99999812 	0.99846188 	0.99980397 	0.99996203 	0.99998389 	0.69669490 	0.99083126 	0.98677068 	0.99406720 	0.99994726 	0.99995282 	0.99999295 	0.98741230 	
0.96299609 	0.98757043 	0.98439346 	0.99999812 	0.99846188 	0.99980397 	0.99996203 	0.99998389 	0.69669490 	0.99083126 	0.98677068 	0.99406720 	0.99994726 	0.99995282 	0.99999295 	0.98741230 	
0.96299609 	0.98757043 	0.98439346 	0.99999812 	0.99846188 	0.99980397 	0.99996203 	0.99998389 	0.69669490 	0.99083126 	0.98677068 	0.99406720 	0.99994726 	0.99995282 	0.99999295 	0.98741230 	
0.96200655 	0.98757043 	0.98439346 	0.99999812 	0.99846188 	0.99980397 	0.99996203 	0.99998389 	0.69669490 	0.99083126 	0.98677068 	0.99406720 	0.99994726 	0.99995282 	0.99999295 	0.98741230 	
0.96200655 	0.98757043 	0.98439346 	0.99999812 	0.99846188 	0.99980397 	0.99996203 	0.99998389 	0.69669490 	0.99083126 	0.98677068 	0.99406720 	0.99994726 	0.99995282 	0.99999295 	0.98741230 	
0.96200655 	0.98757043 	0.98439346 	0.99999812 	0.99846188 	0.99980397 	0.99996203 	0.99998389 	0.69669490 	0.99083126 	0.98677068 	0.99406720 	0.99994726 	0.99995282 	0.99999295 	0.98741230 	
0.96200655 	0.98757043 	0.98439346 	0.99978665 	0.99846188 	0.99980397 	0.99996203 	0.99998389 	0.69669490 	0.99083126 	0.98677068 	0.99406720 	0.99994726 	0.99995282 	0.99999295 	0.98741230 	
0.96200655 	0.98757043 	0.98439346 	0.99978665 	0.99849116 	0.99980397 	0.99996203 	0.99998389 	0.69669490 	0.99083126 	0.98677068 	0.99406720 	0.99994726 	0.99995282 	0.99999295 	0.98741230 	
0.96200655 	0.98757043 	0.98439346 	0.99978665 	0.99849116 	0.99985129 	0.99996203 	0.99998389 	0.69669490 	0.99083126 	0.98677068 	0.99406720 	0.99994726 	0.99995282 	0.99999295 	0.98741230 	
0.96200655 	0.98757043 	0.98439346 	0.99978665 	0.99849116 	0.99985129 	0.99998478 	0.99998389 	0.69669490 	0.99083126 	0.98677068 	0.99406720 	0.99994726 	0.99995282 	0.99999295 	0.98741230 	
0.96200655 	0.98757043 	0.98439346 	0.99978665 	0.99849116 	0.99985129 	0.99998478 	0.99998389 	0.69669490 	0.99083126 	0.98677068 	0.99406720 	0.99994726 	0.99995282 	0.99999295 	0.98741230 	
0.96200655 	0.98757043 	0.98439346 	0.99978665 	0.99849116 	0.99985129 	0.99998478 	0.99998389 	0.69638122 	0.99083126 	0.98677068 	0.99406720 	0.99994726 	0.99995282 	0.99999295 	0.98741230 	
0.96200655 	0.98757043 	0.98439346 	0.99978665 	0.99849116 	0.99985129 	0.99998478 	0.99998389 	0.69638122 	0.99083126 	0.98677068 	0.99406720 	0.99994726 	0.99995282 	0.99999295 	0.98741230 	
0.96200655 	0.98757043 	0.98439346 	0.99978665 	0.99849116 	0.99985129 	0.99998478 	0.99998389 	0.69638122 	0.99083126 	0.98677068 	0.99406720 	0.99994726 	0.99995282 	0.99999295 	0.98741230 	
0.96200655 	0.98757043 	0.98439346 	0.99978665 	0.99849116 	0.99985129 	0.99998478 	0.99998389 	0.69638122 	0.99083126 	0.98677068 	0.99406720 	0.99994726 	0.99995282 	0.99999295 	0.98741230 	
0.96200655 	0.98757043 	0.98439346 	0.99978665 	0.99849116 	0.99985129 	0.99998478 	0.99998389 	0.69638122 	0.99083126 	0.98677068 	0.99406720 	0.99999704 	0.99995282 	0.99999295 	0.98741230 	
0.96200655 	0.98757043 	0.98439346 	0.99978665 	0.99849116 	0.99985129 	0.99998478 	0.99998389 	0.69638122 	0.99083126 	0.98677068 	0.99406720 	0.99999704 	0.99999237 	0.99999295 	0.98741230 	
0.96200655 	0.98757043 	0.98439346 	0.99978665 	0.99849116 	0.99985129 	0.99998478 	0.99998389 	0.69638122 	0.99083126 	0.98677068 	0.99406720 	0.99999704 	0.99999237 	0.99999295 	0.98741230 	
0.96200655 	0.98757043 	0.98439346 	0.99978665 	0.99849116 	0.99985129 	0.99998478 	0.99998389 	0.69638122 	0.99083126 	0.98677068 	0.99406720 	0.99999704 	0.99999237 	0.99999295 	0.98741230 	
0.96200655 	0.98757043 	0.98439346 	0.99978665 	0.99849116 	0.99985129 	0.99998478 	0.99998389 	0.69638122 	0.99083126 	0.98677068 	0.99406720 	0.99999704 	0.99999237 	0.99999295 	0.98741230 	
0.96200655 	0.98757043 	0.98439346 	0.99978665 	0.99849116 	0.99985129 	0.99998478 	0.99998389 	0.69638122 	0.99083126 	0.98677068 	0.99406720 	0.99999704 	0.99999237 	0.99999295 	0.98741230 	
0.96200655 	0.98757043 	0.98439346 	0.99978665 	0.99849116 	0.99985129 	0.99998478 	0.99998389 	0.69638122 	0.99083126 	0.98677068 	0.99406720 	0.99999704 	0.99999237 	0.99999295 	0.98741230 	
0.96200655 	0.98757043 	0.98439346 	0.99978665 	0.99849116 	0.99985129 	0.99998478 	0.99998389 	0.69638122 	0.99083126 	0.98677068 	0.99406720 	0.99999704 	0.99999237 	0.99999295 	0.98741230 	
0.96200655 	0.98757043 	0.98439346 	0.99978665 	0.99849116 	0.99985129 	0.99998478 	0.99998389 	0.69638122 	0.99083126 	0.98677068 	0.99406720 	0.99999704 	0.99999237 	0.99999295 	0.98741230 	
0.96200655 	0.98757043 	0.98439346 	0.99978665 	0.99849116 	0.99991709 	0.99998478 	0.99998389 	0.69638122 	0.99083126 	0.98677068 	0.99406720 	0.99999704 	0.99999237 	0.99999295 	0.98741230 	
0.96200655 	0.98757043 	0.98439346 	0.99978665 	0.99849116 	0.99991709 	0.99999973 	0.99998389 	0.69638122 	0.99083126 	0.98677068 	0.99406720 	0.99999704 	0.99999237 	0.99999295 	0.98741230 	
0.96200655 	0.98757043 	0.98439346 	0.99978665 	0.99849116 	0.99991709 	0.99999973 	0.99999767 	0.69638122 	0.99083126 	0.98677068 	0.99406720 	0.99999704 	0.99999237 	0.99999295 	0.98741230 	
0.96200655 	0.98757043 	0.98439346 	0.99978665 	0.99849116 	0.99991709 	0.99999973 	0.99999767 	0.69633502 	0.99083126 	0.98677068 	0.99406720 	0.99999704 	0.99999237 	0.99999295 	0.98741230 	
0.96200655 	0.98757043 	0.98439346 	0.99978665 	0.99849116 	0.99991709 	0.99999973 	0.99999767 	0.69633502 	0.99072386 	0.98677068 	0.99406720 	0.99999704 	0.99999237 	0.99999295 	0.98741230 	
0.96200655 	0.98757043 	0.98439346 	0.99978665 	0.99849116 	0.99991709 	0.99999973 	0.99999767 	0.69633502 	0.99072386 	0.98677068 	0.99406720 	0.99999704 	0.99999237 	0.99999295 	0.98741230 	
0.96200655 	0.98757043 	0.98439346 	0.99978665 	0.99849116 	0.99991709 	0.99999973 	0.99999767 	0.69633502 	0.99072386 	0.98677068 	0.99973751 	0.99999704 	0.99999237 	0.99999295 	0.98741230 	
0.96200655 	0.98757043 	0.98439346 	0.99978665 	0.99849116 	0.99991709 	0.99999973 	0.99999767 	0.69633502 	0.99072386 	0.98677068 	0.99973751 	0.99999793 	0.99999237 	0.99999295 	0.98741230 	
0.96200655 	0.98757043 	0.98439346 	0.99978665 	0.99849116 	0.99991709 	0.99999973 	0.99999767 	0.69633502 	0.99072386 	0.98677068 	0.99973751 	0.99999793 	0.99999237 	0.99999295 	0.98741230 	
0.96200655 	0.98757043 	0.98439346 	0.99978665 	0.99849116 	0.99991709 	0.99999973 	0.99999767 	0.69633502 	0.99072386 	0.98677068 	0.99973751 	0.99999793 	0.99999237 	0.99999837 	0.98741230 	
0.96200655 	0.98757043 	0.98439346 	0.99978665 	0.99849116 	0.99991709 	0.99999973 	0.99999767 	0.69633502 	0.99072386 	0.98677068 	0.99973751 	0.99999793 	0.99999237 	0.99999837 	0.98741230 	
0.96200655 	0.98757043 	0.98439346 	0.99978665 	0.99849116 	0.99991709 	0.99999973 	0.99999767 	0.69633502 	0.99072386 	0.98677068 	0.99973751 	0.99999793 	0.99999237 	0.99999837 	0.98741230 	
0.96200655 	0.98738511 	0.98439346 	0.99978665 	0.99849116 	0.99991709 	0.99999973 	0.99999767 	0.69633502 	0.99072386 	0.98677068 	0.99973751 	0.99999793 	0.99999237 	0.99999837 	0.98741230 	
0.96200655 	0.98738511 	0.98439346 	0.99978665 	0.99849116 	0.99991709 	0.99999973 	0.99999767 	0.69633502 	0.99072386 	0.98677068 	0.99973751 	0.99999793 	0.99999237 	0.99999837 	0.98741230 	
0.96200655 	0.98738511 	0.98439346 	0.99919308 	0.99849116 	0.99991709 	0.99999973 	0.99999767 	0.69633502 	0.99072386 	0.98677068 	0.99973751 	0.99999793 	0.99999237 	0.99999837 	0.98741230 	
0.96200655 	0.98738511 	0.98439346 	0.99919308 	0.99877451 	0.99991709 	0.99999973 	0.99999767 	0.69633502 	0.99072386 	0.98677068 	0.99973751 	0.99999793 	0.99999237 	0.99999837 	0.98741230 	
0.96200655 	0.98738511 	0.98439346 	0.99919308 	0.99877451 	0.99995852 	0.99999973 	0.99999767 	0.69633502 	0.99072386 	0.98677068 	0.99973751 	0.99999793 	0.99999237 	0.99999837 	0.98741230 	
0.96200655 	0.98738511 	0.98439346 	0.99919308 	0.99877451 	0.99995852 	0.99999973 	0.99999767 	0.69633502 	0.99072386 	0.98677068 	0.99973751 	0.99999793 	0.99999237 	0.99999837 	0.98741230 	
0.96200655 	0.98738511 	0.98439346 	0.99919308 	0.99877451 	0.99995852 	0.99999973 	0.99999767 	0.69633502 	0.99072386 	0.98677068 	0.99973751 	0.99999793 	0.99999237 	0.99999837 	0.98741230 	
0.96200655 	0.98738511 	0.98439346 	0.99919308 	0.99877451 	0.99995852 	0.99999973 	0.99999767 	0.69633502 	0.99072386 	0.98677068 	0.99973751 	0.99999793 	0.99999237 	0.99999837 	0.98741230 	
0.96200655 	0.98738511 	0.98439346 	0.99919308 	0.99877451 	0.99995852 	0.99999973 	0.99999767 	0.69633502 	0.99072386 	0.98677068 	0.99973751 	0.99999793 	0.99999237 	0.99999837 	0.98741230 	
0.96200655 	0.98738511 	0.98439346 	0.99919308 	0.99877451 	0.99995852 	0.99999973 	0.99999767 	0.69633502 	0.99072386 	0.98691879 	0.99973751 	0.99999793 	0.99999237 	0.99999837 	0.98741230 	
0.96200655 	0.98738511 	0.98439346 	0.99919308 	0.99877451 	0.99995852 	0.99999973 	0.99999767 	0.69633502 	0.99072386 	0.98691879 	0.99981500 	0.99999793 	0.99999237 	0.99999837 	0.98741230 	
0.96200655 	0.98738511 	0.98439346 	0.99919308 	0.99877451 	0.99995852 	0.99999973 	0.99999767 	0.69633502 	0.99072386 	0.98691879 	0.99981500 	0.99999793 	0.99999237 	0.99999837 	0.98741230 	
0.96200655 	0.98738511 	0.98439346 	0.99919308 	0.99877451 	0.99995852 	0.99999973 	0.99999767 	0.69633502 	0.99072386 	0.98691879 	0.99981500 	0.99999793 	0.99999369 	0.99999837 	0.98741230 	
0.96200655 	0.98738511 	0.98439346 	0.99919308 	0.99877451 	0.99995852 	0.99999973 	0.99999767 	0.69633502 	0.99072386 	0.98691879 	0.99981500 	0.99999793 	0.99999369 	0.99999935 	0.98741230 	
0.96200655 	0.98738511 	0.98439346 	0.99919308 	0.99877451 	0.99995852 	0.99999973 	0.99999767 	0.69633502 	0.99072386 	0.98691879 	0.99981500 	0.99999793 	0.99999369 	0.99999935 	0.98741230 	
0.96195475 	0.98738511 	0.98439346 	0.99919308 	0.99877451 	0.99995852 	0.99999973 	0.99999767 	0.69633502 	0.99072386 	0.98691879 	0.99981500 	0.99999793 	0.99999369 	0.99999935 	0.98741230 	
0.96195475 	0.98738511 	0.98439346 	0.99919308 	0.99877451 	0.99995852 	0.99999973 	0.99999767 	0.69633502 	0.99072386 	0.98691879 	0.99981500 	0.99999793 	0.99999369 	0.99999935 	0.98741230 	
0.96195475 	0.98738511 	0.98439346 	0.99919308 	0.99877451 	0.99995852 	0.99999973 	0.99999767 	0.69633502 	0.99072386 	0.98691879 	0.99981500 	0.99999793 	0.99999369 	0.99999935 	0.98741230 	
0.96195475 	0.98738511 	0.98439346 	0.99919245 	0.99877451 	0.99995852 	0.99999973 	0.99999767 	0.69633502 	0.99072386 	0.98691879 	0.99981500 	0.99999793 	0.99999369 	0.99999935 	0.98741230 	
0.96195475 	0.98738511 	0.98439346 	0.99919245 	0.99871648 	0.99995852 	0.99999973 	0.99999767 	0.69633502 	0.99072386 	0.98691879 	0.99981500 	0.99999793 	0.99999369 	0.99999935 	0.98741230 	
0.96195475 	0.98738511 	0.98439346 	0.99919245 	0.99871648 	0.99998073 	0.99999973 	0.99999767 	0.69633502 	0.99072386 	0.98691879 	0.99981500 	0.99999793 	0.99999369 	0.99999935 	0.98741230 	
0.96195475 	0.98738511 	0.98439346 	0.99919245 	0.99871648 	0.99998073 	0.99999973 	0.99999767 	0.69633502 	0.99072386 	0.98691879 	0.99981500 	0.99999793 	0.99999369 	0.99999935 	0.98741230 	
0.96195475 	0.98738511 	0.98439346 	0.99919245 	0.99871648 	0.99998073 	0.99999973 	0.99999767 	0.69633502 	0.99072386 	0.98691879 	0.99981500 	0.99999793 	0.99999369 	0.99999935 	0.98741230 	
0.96195475 	0.98738511 	0.98439346 	0.99919245 	0.99871648 	0.99998073 	0.99999973 	0.99999767 	0.69583225 	0.99072386 	0.98691879 	0.99981500 	0.99999793 	0.99999369 	0.99999935 	0.98741230 	
0.96195475 	0.98738511 	0.98439346 	0.99919245 	0.99871648 	0.99998073 	0.99999973 	0.99999767 	0.69583225 	0.99072386 	0.98691879 	0.99981500 	0.99999793 	0.99999369 	0.99999935 	0.98741230 	
0.96195475 	0.98738511 	0.98439346 	0.99919245 	0.99871648 	0.99998073 	0.99999973 	0.99999767 	0.69583225 	0.99072386 	0.98691879 	0.99981500 	0.99999793 	0.99999369 	0.99999935 	0.98741230 	
0.96195475 	0.98738511 	0.98439346 	0.99919245 	0.99871648 	0.99998073 	0.99999973 	0.99999767 	0.69583225 	0.99072386 	0.98691879 	0.99981500 	0.99999793 	0.99999369 	0.99999935 	0.98741230 	
0.96195475 	0.98738511 	0.98439346 	0.99919245 	0.99871648 	0.99998073 	0.99999973 	0.99999767 	0.69583225 	0.99072386 	0.98691879 	0.99981500 	0.99999793 	0.99999369 	0.99999935 	0.98741230 	
0.96195475 	0.98738511 	0.98439346 	0.99919245 	0.99871648 	0.99998073 	0.99999973 	0.99999767 	0.69583225 	0.99072386 	0.98691879 	0.99981500 	0.99999793 	0.99999374 	0.99999935 	0.98741230 	
0.96195475 	0.98738511 	0.98439346 	0.99919245 	0.99871648 	0.99998073 	0.99999973 	0.99999767 	0.69583225 	0.99072386 	0.98691879 	0.99981500 	0.99999793 	0.99999374 	0.99999935 	0.98741230 	
0.96195475 	0.98738511 	0.98439346 	0.99919245 	0.99871648 	0.99998073 	0.99999973 	0.99999767 	0.69583225 	0.99072386 	0.98691879 	0.99981500 	0.99999793 	0.99999374 	0.99999935 	0.98741230 	
0.96195475 	0.98738511 	0.98439346 	0.99919245 	0.99871648 	0.99998073 	0.99999973 	0.99999767 	0.69583225 	0.99072386 	0.98691879 	0.99981500 	0.99999793 	0.99999374 	0.99999935 	0.98741230 	
0.96195475 	0.98738511 	0.98439346 	0.99919245 	0.99871648 	0.99998073 	0.99999973 	0.99999767 	0.69583225 	0.99072386 	0.98691879 	0.99981500 	0.99999793 	0.99999374 	0.99999935 	0.98741230 	
0.96195475 	0.98738511 	0.98439346 	0.99919245 	0.99871648 	0.99998073 	0.99999973 	0.99999767 	0.69583225 	0.99072386 	0.98691879 	0.99981500 	0.99999793 	0.99999374 	0.99999935 	0.98741230 	
0.96195475 	0.98738511 	0.98439346 	0.99919245 	0.99871648 	0.99998073 	0.99999973 	0.99999767 	0.69583225 	0.99072386 	0.98691879 	0.99981500 	0.99999793 	0.99999374 	0.99999935 	0.98741230 	
0.96195475 	0.98738511 	0.98439346 	0.99919245 	0.99871648 	0.99998073 	0.99999973 	0.99999767 	0.69583225 	0.99072386 	0.98691879 	0.99981500 	0.99999793 	0.99999374 	0.99999935 	0.98741230 	
0.96195475 	0.98738511 	0.98439346 	0.99919245 	0.99871648 	0.99998278 	0.99999973 	0.99999767 	0.69583225 	0.99072386 	0.98691879 	0.99981500 	0.99999793 	0.99999374 	0.99999935 	0.98741230 	
0.96195475 	0.98738511 	0.98439346 	0.99919245 	0.99871648 	0.99998278 	0.99999973 	0.99999767 	0.69583225 	0.99072386 	0.98691879 	0.99981500 	0.99999793 	0.99999374 	0.99999935 	0.98741230 	
0.96195475 	0.98738511 	0.98439346 	0.99919245 	0.99871648 	0.99998278 	0.99999973 	0.99999767 	0.69583225 	0.99072386 	0.98691879 	0.99981500 	0.99999793 	0.99999374 	0.99999935 	0.98741230 	
0.96195475 	0.98738511 	0.98439346 	0.99919245 	0.99871648 	0.99998278 	0.99999973 	0.99999767 	0.69583225 	0.99072386 	0.98691879 	0.99981500 	0.99999793 	0.99999374 	0.99999935 	0.98741230 	
0.96195475 	0.98738511 	0.98439346 	0.99919245 	0.99871648 	0.99998278 	0.99999973 	0.99999767 	0.69583225 	0.99072386 	0.98691879 	0.99981500 	0.99999793 	0.99999374 	0.99999935 	0.98741230 	
0.96195475 	0.98738511 	0.98439346 	0.99919245 	0.99871648 	0.99998278 	0.99999973 	0.99999767 	0.69583225 	0.99072386 	0.98691879 	0.99981500 	0.99999793 	0.99999374 	0.99999935 	0.98741230 	
0.96195475 	0.98738511 	0.98439346 	0.99919245 	0.99871648 	0.99998278 	0.99999973 	0.99999767 	0.69583225 	0.99072386 	0.98691879 	0.99981500 	0.99999793 	0.99999374 	0.99999935 	0.98741230 	
0.96195475 	0.98738511 	0.98439346 	0.99919245 	0.99871648 	0.99998278 	0.99999973 	0.99999767 	0.69583225 	0.99072386 	0.98691879 	0.99981500 	0.99999793 	0.99999374 	0.99999935 	0.98741230 	
0.96195475 	0.98738511 	0.98439346 	0.99919245 	0.99871648 	0.99998278 	0.99999973 	0.99999767 	0.69583225 	0.99072386 	0.98691879 	0.99981500 	0.99999793 	0.99999374 	0.99999935 	0.98741230 	
0.96195475 	0.98738511 	0.98439346 	0.99919245 	0.99871648 	0.99998278 	0.99999973 	0.99999767 	0.69583225 	0.99072386 	0.98691879 	0.99981500 	0.99999793 	0.99999374 	0.99999935 	0.98741230 	
0.96195475 	0.98738511 	0.98439346 	0.99919245 	0.99871648 	0.99998278 	0.99999973 	0.99999767 	0.69583225 	0.99072386 	0.98691879 	0.99981500 	0.99999793 	0.99999374 	0.99999935 	0.98741230 	
0.96193761 	0.98738511 	0.98439346 	0.99919245 	0.99871648 	0.99998278 	0.99999973 	0.99999767 	0.69583225 	0.99072386 	0.98691879 	0.99981500 	0.99999793 	0.99999374 	0.99999935 	0.98741230 	
0.96193761 	0.98738511 	0.98439346 	0.99919245 	0.99871648 	0.99998278 	0.99999973 	0.99999767 	0.69583225 	0.99072386 	0.98691879 	0.99981500 	0.99999793 	0.99999374 	0.99999935 	0.98741230 	
0.96193761 	0.98738511 	0.98439346 	0.99919245 	0.99871648 	0.99998278 	0.99999973 	0.99999767 	0.69583225 	0.99072386 	0.98691879 	0.99981500 	0.99999793 	0.99999374 	0.99999935 	0.98741230 	
0.96193761 	0.98738511 	0.98439346 	0.99916823 	0.99871648 	0.99998278 	0.99999973 	0.99999767 	0.69583225 	0.99072386 	0.98691879 	0.99981500 	0.99999793 	0.99999374 	0.99999935 	0.98741230 	
0.96193761 	0.98738511 	0.98439346 	0.99916823 	0.99871648 	0.99998278 	0.99999973 	0.99999767 	0.69583225 	0.99072386 	0.98691879 	0.99981500 	0.99999793 	0.99999374 	0.99999935 	0.98741230 	
0.96193761 	0.98738511 	0.98439346 	0.99916823 	0.99871648 	0.99998278 	0.99999973 	0.99999767 	0.69583225 	0.99072386 	0.98691879 	0.99981500 	0.99999793 	0.99999374 	0.99999935 	0.98741230 	
0.96193761 	0.98738511 	0.98439346 	0.99916823 	0.99871648 	0.99998278 	0.99999973 	0.99999767 	0.69583225 	0.99072386 	0.98691879 	0.99981500 	0.99999793 	0.99999374 	0.99999935 	0.98741230 	
0.96193761 	0.98738511 	0.98439346 	0.99916823 	0.99871648 	0.99998278 	0.99999973 	0.99999799 	0.69583225 	0.99072386 	0.98691879 	0.99981500 	0.99999793 	0.99999374 	0.99999935 	0.98741230 	
0.96193761 	0.98738511 	0.98439346 	0.99916823 	0.99871648 	0.99998278 	0.99999973 	0.99999799 	0.69579877 	0.99072386 	0.98691879 	0.99981500 	0.99999793 	0.99999374 	0.99999935 	0.98741230 	
0.96193761 	0.98738511 	0.98439346 	0.99916823 	0.99871648 	0.99998278 	0.99999973 	0.99999799 	0.69579877 	0.99070120 	0.98691879 	0.99981500 	0.99999793 	0.99999374 	0.99999935 	0.98741230 	
0.96193761 	0.98738511 	0.98439346 	0.99916823 	0.99871648 	0.99998278 	0.99999973 	0.99999799 	0.69579877 	0.99070120 	0.98688571 	0.99981500 	0.99999793 	0.99999374 	0.99999935 	0.98741230 	
0.96193761 	0.98738511 	0.98439346 	0.99916823 	0.99871648 	0.99998278 	0.99999973 	0.99999799 	0.69579877 	0.99070120 	0.98688571 	0.99981500 	0.99999793 	0.99999374 	0.99999935 	0.98741230 	
0.96193761 	0.98738511 	0.98439346 	0.99916823 	0.99871648 	0.99998278 	0.99999973 	0.99999799 	0.69579877 	0.99070120 	0.98688571 	0.99981500 	0.99999793 	0.99999374 	0.99999935 	0.98741230 	
0.96193761 	0.98738511 	0.98439346 	0.99916823 	0.99871648 	0.99998278 	0.99999973 	0.99999799 	0.69579877 	0.99070120 	0.98688571 	0.99981500 	0.99999793 	0.99999374 	0.99999935 	0.98741230 	
0.96193761 	0.98738511 	0.98439346 	0.99916823 	0.99871648 	0.99998278 	0.99999973 	0.99999799 	0.69579877 	0.99070120 	0.98688571 	0.99981500 	0.99999793 	0.99999374 	0.99999935 	0.98741230 	
0.96193761 	0.98738511 	0.98439346 	0.99916823 	0.99871648 	0.99998278 	0.99999973 	0.99999799 	0.69579877 	0.99070120 	0.98688571 	0.99981500 	0.99999793 	0.99999374 	0.99999935 	0.98741230 	
0.96151665 	0.98738511 	0.98439346 	0.99916823 	0.99871648 	0.99998278 	0.99999973 	0.99999799 	0.69579877 	0.99070120 	0.98688571 	0.99981500 	0.99999793 	0.99999374 	0.99999935 	0.98741230 	
0.96151665 	0.98738511 	0.98439346 	0.99916823 	0.99871648 	0.99998278 	0.99999973 	0.99999799 	0.69579877 	0.99070120 	0.98688571 	0.99981500 	0.99999793 	0.99999374 	0.99999935 	0.98741230 	
0.96151665 	0.98738511 	0.98499148 	0.99916823 	0.99871648 	0.99998278 	0.99999973 	0.99999799 	0.69579877 	0.99070120 	0.98688571 	0.99981500 	0.99999793 	0.99999374 	0.99999935 	0.98741230 	
0.96151665 	0.98738511 	0.98499148 	0.99916823 	0.99871648 	0.99998278 	0.99999973 	0.99999799 	0.69579877 	0.99070120 	0.98688571 	0.99981500 	0.99999793 	0.99999374 	0.99999935 	0.98741230 	
0.96151665 	0.98738511 	0.98499148 	0.99916823 	0.99871648 	0.99998278 	0.99999973 	0.99999799 	0.69579877 	0.99070120 	0.98688571 	0.99981500 	0.99999793 	0.99999374 	0.99999935 	0.98741230 	
0.96151665 	0.98738511 	0.98499148 	0.99916823 	0.99871648 	0.99998278 	0.99999973 	0.99999799 	0.69579877 	0.99070120 	0.98688571 	0.99981500 	0.99999793 	0.99999374 	0.99999935 	0.98741230 	
0.96151665 	0.98738511 	0.98499148 	0.99916823 	0.99871648 	0.99998278 	0.99999973 	0.99999799 	0.69579877 	0.99070120 	0.98688571 	0.99981500 	0.99999793 	0.99999374 	0.99999935 	0.98741230 	
0.96151665 	0.98738511 	0.98499148 	0.99916823 	0.99871648 	0.99998278 	0.99999973 	0.99999799 	0.69579877 	0.99070120 	0.98688571 	0.99981500 	0.99999793 	0.99999374 	0.99999935 	0.98741230 	
0.96151665 	0.98738511 	0.98499148 	0.99916823 	0.99871648 	0.99998278 	0.99999973 	0.99999799 	0.69579877 	0.99070120 	0.98688571 	0.99981500 	0.99999793 	0.99999374 	0.99999935 	0.98741230 	
0.96151665 	0.98738511 	0.98499148 	0.99916823 	0.99871648 	0.99998278 	0.99999973 	0.99999799 	0.69579877 	0.99070120 	0.98688571 	0.99981500 	0.99999793 	0.99999374 	0.99999935 	0.98741230 	
0.96151665 	0.98738511 	0.98499148 	0.99916823 	0.99871648 	0.99998278 	0.99999973 	0.99999799 	0.69579877 	0.99070120 	0.98688571 	0.99981500 	0.99999793 	0.99999374 	0.99999935 	0.98741230 	
0.96151665 	0.98738511 	0.98499148 	0.99916823 	0.99871648 	0.99998278 	0.99999973 	0.99999799 	0.69579877 	0.99070120 	0.98688571 	0.99981971 	0.99999793 	0.99999374 	0.99999935 	0.98741230 	
0.96151665 	0.98738511 	0.98499148 	0.99916823 	0.99871648 	0.99998278 	0.99999973 	0.99999799 	0.69579877 	0.99070120 	0.98688571 	0.99981971 	0.99999955 	0.99999374 	0.99999935 	0.98741230 	
0.96151665 	0.98738511 	0.98499148 	0.99916823 	0.99871648 	0.99998278 	0.99999973 	0.99999799 	0.69579877 	0.99070120 	0.98688571 	0.99981971 	0.99999955 	0.99999374 	0.99999935 	0.98741230 	
0.96151665 	0.98738511 	0.98499148 	0.99916823 	0.99871648 	0.99998278 	0.99999973 	0.99999799 	0.69579877 	0.99070120 	0.98688571 	0.99981971 	0.99999955 	0.99999374 	0.99999935 	0.98741230 	
0.96151665 	0.98738511 	0.98499148 	0.99916823 	0.99871648 	0.99998278 	0.99999973 	0.99999799 	0.69579877 	0.99070120 	0.98688571 	0.99981971 	0.99999955 	0.99999374 	0.99999935 	0.98741230 	
0.96106766 	0.98738511 	0.98499148 	0.99916823 	0.99871648 	0.99998278 	0.99999973 	0.99999799 	0.69579877 	0.99070120 	0.98688571 	0.99981971 	0.99999955 	0.99999374 	0.99999935 	0.98741230 	
0.96106766 	0.98738511 	0.98499148 	0.99916823 	0.99871648 	0.99998278 	0.99999973 	0.99999799 	0.69579877 	0.99070120 	0.98688571 	0.99981971 	0.99999955 	0.99999374 	0.99999935 	0.98741230 	
0.96106766 	0.98738511 	0.98499148 	0.99916823 	0.99871648 	0.99998278 	0.99999973 	0.99999799 	0.69579877 	0.99070120 	0.98688571 	0.99981971 	0.99999955 	0.99999374 	0.99999935 	0.98741230 	
0.96106766 	0.98738511 	0.98499148 	0.99916823 	0.99871648 	0.99998278 	0.99999973 	0.99999799 	0.69579877 	0.99070120 	0.98688571 	0.99981971 	0.99999955 	0.99999374 	0.99999935 	0.98741230 	
0.96106766 	0.98738511 	0.98499148 	0.99916823 	0.99871648 	0.99998278 	0.99999973 	0.99999799 	0.69579877 	0.99070120 	0.98688571 	0.99981971 	0.99999955 	0.99999374 	0.99999935 	0.98741230 	
0.96106766 	0.98738511 	0.98499148 	0.99916823 	0.99871648 	0.99999511 	0.99999973 	0.99999799 	0.69579877 	0.99070120 	0.98688571 	0.99981971 	0.99999955 	0.99999374 	0.99999935 	0.98741230 	
0.96106766 	0.98738511 	0.98499148 	0.99916823 	0.99871648 	0.99999511 	0.99999973 	0.99999799 	0.69579877 	0.99070120 	0.98688571 	0.99981971 	0.99999955 	0.99999374 	0.99999935 	0.98741230 	
0.96106766 	0.98738511 	0.98499148 	0.99916823 	0.99871648 	0.99999511 	0.99999973 	0.99999799 	0.69579877 	0.99070120 	0.98688571 	0.99981971 	0.99999955 	0.99999374 	0.99999935 	0.98741230 	
0.96106766 	0.98738511 	0.98499148 	0.99916823 	0.99871648 	0.99999511 	0.99999973 	0.99999799 	0.69579877 	0.99070120 	0.98688571 	0.99981971 	0.99999955 	0.99999374 	0.99999935 	0.98741230 	
0.96106766 	0.98738511 	0.98499148 	0.99916823 	0.99871648 	0.99999511 	0.99999973 	0.99999799 	0.69579877 	0.99045998 	0.98688571 	0.99981971 	0.99999955 	0.99999374 	0.99999935 	0.98741230 	
0.96106766 	0.98738511 	0.98499148 	0.99916823 	0.99871648 	0.99999511 	0.99999973 	0.99999799 	0.69579877 	0.99045998 	0.98688571 	0.99981971 	0.99999955 	0.99999374 	0.99999935 	0.98741230 	
0.96106766 	0.98738511 	0.98499148 	0.99916823 	0.99871648 	0.99999511 	0.99999973 	0.99999799 	0.69579877 	0.99045998 	0.98688571 	0.99981971 	0.99999955 	0.99999374 	0.99999935 	0.98741230 	
0.96106766 	0.98738511 	0.98499148 	0.99916823 	0.99871648 	0.99999511 	0.99999973 	0.99999799 	0.69579877 	0.99045998 	0.98688571 	0.99981971 	0.99999955 	0.99999374 	0.99999935 	0.98741230 	
0.96106766 	0.98738511 	0.98499148 	0.99916823 	0.99871648 	0.99999511 	0.99999973 	0.99999799 	0.69579877 	0.99045998 	0.98688571 	0.99981971 	0.99999955 	0.99999554 	0.99999935 	0.98741230 	
0.96106766 	0.98738511 	0.98499148 	0.99916823 	0.99871648 	0.99999511 	0.99999973 	0.99999799 	0.69579877 	0.99045998 	0.98688571 	0.99981971 	0.99999955 	0.99999554 	0.99999945 	0.98741230 	
0.96106766 	0.98738511 	0.98499148 	0.99916823 	0.99871648 	0.99999511 	0.99999973 	0.99999799 	0.69579877 	0.99045998 	0.98688571 	0.99981971 	0.99999955 	0.99999554 	0.99999945 	0.98712289 	
0.96106766 	0.98738511 	0.98499148 	0.99916823 	0.99871648 	0.99999511 	0.99999973 	0.99999799 	0.69579877 	0.99045998 	0.98688571 	0.99981971 	0.99999955 	0.99999554 	0.99999945 	0.98712289 	
0.96106766 	0.98738511 	0.98499148 	0.99916823 	0.99871648 	0.99999511 	0.99999973 	0.99999799 	0.69579877 	0.99045998 	0.98688571 	0.99981971 	0.99999955 	0.99999554 	0.99999945 	0.98712289 	
0.96106766 	0.98738511 	0.98476082 	0.99916823 	0.99871648 	0.99999511 	0.99999973 	0.99999799 	0.69579877 	0.99045998 	0.98688571 	0.99981971 	0.99999955 	0.99999554 	0.99999945 	0.98712289 	
0.96106766 	0.98738511 	0.98476082 	0.99916142 	0.99871648 	0.99999511 	0.99999973 	0.99999799 	0.69579877 	0.99045998 	0.98688571 	0.99981971 	0.99999955 	0.99999554 	0.99999945 	0.98712289 	
0.96106766 	0.98738511 	0.98476082 	0.99916142 	0.99871648 	0.99999511 	0.99999973 	0.99999799 	0.69579877 	0.99045998 	0.98688571 	0.99981971 	0.99999955 	0.99999554 	0.99999945 	0.98712289 	
0.96106766 	0.98738511 	0.98476082 	0.99916142 	0.99871648 	0.99999511 	0.99999973 	0.99999799 	0.69579877 	0.99045998 	0.98688571 	0.99981971 	0.99999955 	0.99999554 	0.99999945 	0.98712289 	
0.96106766 	0.98738511 	0.98476082 	0.99916142 	0.99871648 	0.99999511 	0.99999973 	0.99999799 	0.69579877 	0.99045998 	0.98688571 	0.99981971 	0.99999955 	0.99999554 	0.99999945 	0.98712289 	
0.96106766 	0.98738511 	0.98476082 	0.99916142 	0.99871648 	0.99999511 	0.99999973 	0.99999799 	0.69579877 	0.99045998 	0.98688571 	0.99981971 	0.99999955 	0.99999554 	0.99999945 	0.98712289 	
0.96106766 	0.98738511 	0.98476082 	0.99916142 	0.99871648 	0.99999511 	0.99999973 	0.99999799 	0.69555268 	0.99045998 	0.98688571 	0.99981971 	0.99999955 	0.99999554 	0.99999945 	0.98712289 	
0.96106766 	0.98738511 	0.98476082 	0.99916142 	0.99871648 	0.99999511 	0.99999973 	0.99999799 	0.69555268 	0.99070120 	0.98688571 	0.99981971 	0.99999955 	0.99999554 	0.99999945 	0.98712289 	
0.96106766 	0.98738511 	0.98476082 	0.99916142 	0.99871648 	0.99999511 	0.99999973 	0.99999799 	0.69555268 	0.99070120 	0.98688571 	0.99981971 	0.99999955 	0.99999554 	0.99999945 	0.98712289 	
0.96106766 	0.98738511 	0.98476082 	0.99916142 	0.99871648 	0.99999511 	0.99999973 	0.99999799 	0.69555268 	0.99070120 	0.98688571 	0.99991090 	0.99999955 	0.99999554 	0.99999945 	0.98712289 	
0.96106766 	0.98738511 	0.98476082 	0.99916142 	0.99871648 	0.99999511 	0.99999973 	0.99999799 	0.69555268 	0.99070120 	0.98688571 	0.99991090 	0.99999955 	0.99999554 	0.99999945 	0.98712289 	
0.96106766 	0.98738511 	0.98476082 	0.99916142 	0.99871648 	0.99999511 	0.99999973 	0.99999799 	0.69555268 	0.99070120 	0.98688571 	0.99991090 	0.99999955 	0.99999554 	0.99999945 	0.98712289 	
0.96106766 	0.98738511 	0.98476082 	0.99916142 	0.99871648 	0.99999511 	0.99999973 	0.99999799 	0.69555268 	0.99070120 	0.98688571 	0.99991090 	0.99999955 	0.99999554 	0.99999945 	0.98712289 	
0.96106766 	0.98738511 	0.98476082 	0.99916142 	0.99871648 	0.99999511 	0.99999973 	0.99999799 	0.69555268 	0.99070120 	0.98688571 	0.99991090 	0.99999955 	0.99999554 	0.99999945 	0.98740820 	
0.96077494 	0.98738511 	0.98476082 	0.99916142 	0.99871648 	0.99999511 	0.99999973 	0.99999799 	0.69555268 	0.99070120 	0.98688571 	0.99991090 	0.99999955 	0.99999554 	0.99999945 	0.98740820 	
0.96077494 	0.98738511 	0.98476082 	0.99916142 	0.99871648 	0.99999511 	0.99999973 	0.99999799 	0.69555268 	0.99070120 	0.98688571 	0.99991090 	0.99999955 	0.99999554 	0.99999945 	0.98740820 	
0.96077494 	0.98738511 	0.98473008 	0.99916142 	0.99871648 	0.99999511 	0.99999973 	0.99999799 	0.69555268 	0.99070120 	0.98688571 	0.99991090 	0.99999955 	0.99999554 	0.99999945 	0.98740820 	
0.96077494 	0.98738511 	0.98473008 	0.99915065 	0.99871648 	0.99999511 	0.99999973 	0.99999799 	0.69555268 	0.99070120 	0.98688571 	0.99991090 	0.99999955 	0.99999554 	0.99999945 	0.98740820 	
0.96077494 	0.98738511 	0.98473008 	0.99915065 	0.99871648 	0.99999511 	0.99999973 	0.99999799 	0.69555268 	0.99070120 	0.98688571 	0.99991090 	0.99999955 	0.99999554 	0.99999945 	0.98740820 	
0.96077494 	0.98738511 	0.98473008 	0.99915065 	0.99871648 	0.99999511 	0.99999973 	0.99999799 	0.69555268 	0.99070120 	0.98688571 	0.99991090 	0.99999955 	0.99999554 	0.99999945 	0.98740820 	
0.96077494 	0.98738511 	0.98473008 	0.99915065 	0.99871648 	0.99999511 	0.99999973 	0.99999799 	0.69555268 	0.99070120 	0.98688571 	0.99991090 	0.99999955 	0.99999554 	0.99999945 	0.98740820 	
0.96077494 	0.98738511 	0.98473008 	0.99915065 	0.99871648 	0.99999511 	0.99999973 	0.99999799 	0.69555268 	0.99070120 	0.98688571 	0.99991090 	0.99999955 	0.99999554 	0.99999945 	0.98740820 	
0.96077494 	0.98738511 	0.98473008 	0.99915065 	0.99871648 	0.99999511 	0.99999973 	0.99999799 	0.69555268 	0.99070120 	0.98688571 	0.99991090 	0.99999955 	0.99999554 	0.99999945 	0.98740820 	
0.96077494 	0.98738511 	0.98473008 	0.99915065 	0.99871648 	0.99999511 	0.99999973 	0.99999799 	0.69555268 	0.99045998 	0.98688571 	0.99991090 	0.99999955 	0.99999554 	0.99999945 	0.98740820 	
0.96077494 	0.98738511 	0.98473008 	0.99915065 	0.99871648 	0.99999511 	0.99999973 	0.99999799 	0.69555268 	0.99045998 	0.98688571 	0.99991090 	0.99999955 	0.99999554 	0.99999945 	0.98740820 	
0.96077494 	0.98738511 	0.98473008 	0.99915065 	0.99871648 	0.99999511 	0.99999973 	0.99999799 	0.69555268 	0.99045998 	0.98688571 	0.99991381 	0.99999955 	0.99999554 	0.99999945 	0.98740820 	
0.96077494 	0.98738511 	0.98473008 	0.99915065 	0.99871648 	0.99999511 	0.99999973 	0.99999799 	0.69555268 	0.99045998 	0.98688571 	0.99991381 	0.99999955 	0.99999554 	0.99999945 	0.98740820 	
0.96077494 	0.98738511 	0.98473008 	0.99915065 	0.99871648 	0.99999511 	0.99999973 	0.99999799 	0.69555268 	0.99045998 	0.98688571 	0.99991381 	0.99999955 	0.99999554 	0.99999945 	0.98740820 	
0.96077494 	0.98738511 	0.98473008 	0.99915065 	0.99871648 	0.99999511 	0.99999973 	0.99999799 	0.69555268 	0.99045998 	0.98688571 	0.99991381 	0.99999955 	0.99999554 	0.99999945 	0.98740820 	
0.96077494 	0.98738511 	0.98473008 	0.99915065 	0.99871648 	0.99999511 	0.99999973 	0.99999799 	0.69555268 	0.99045998 	0.98688571 	0.99991381 	0.99999955 	0.99999554 	0.99999945 	0.98740820 	
0.96077494 	0.98738511 	0.98473008 	0.99915065 	0.99871648 	0.99999511 	0.99999973 	0.99999799 	0.69555268 	0.99045998 	0.98688571 	0.99991381 	0.99999955 	0.99999554 	0.99999945 	0.98740820 	
0.96077494 	0.98738511 	0.98473008 	0.99915065 	0.99871648 	0.99999511 	0.99999973 	0.99999799 	0.69555268 	0.99045998 	0.98688571 	0.99991381 	0.99999955 	0.99999554 	0.99999945 	0.98740820 	
0.96077494 	0.98738511 	0.98473008 	0.99915065 	0.99871648 	0.99999511 	0.99999973 	0.99999799 	0.69555268 	0.99045998 	0.98688571 	0.99991381 	0.99999955 	0.99999554 	0.99999945 	0.98740820 	
0.96077494 	0.98738511 	0.98473008 	0.99915065 	0.99871648 	0.99999511 	0.99999973 	0.99999799 	0.69555268 	0.99045998 	0.98688571 	0.99991381 	0.99999955 	0.99999554 	0.99999945 	0.98740820 	
0.96077494 	0.98738511 	0.98473008 	0.99915065 	0.99871648 	0.99999511 	0.99999973 	0.99999799 	0.69555268 	0.99045998 	0.98688571 	0.99991381 	0.99999955 	0.99999554 	0.99999945 	0.98740820 	
0.96077494 	0.98738511 	0.98473008 	0.99915065 	0.99871648 	0.99999511 	0.99999973 	0.99999799 	0.69555268 	0.99045998 	0.98688571 	0.99991381 	0.99999955 	0.99999554 	0.99999945 	0.98740820 	
0.96077494 	0.98738511 	0.98473008 	0.99915065 	0.99871648 	0.99999511 	0.99999973 	0.99999799 	0.69555268 	0.99045998 	0.98688571 	0.99991381 	0.99999955 	0.99999554 	0.99999945 	0.98740820 	
0.96077494 	0.98738511 	0.98473008 	0.99915065 	0.99871648 	0.99999511 	0.99999973 	0.99999799 	0.69555268 	0.99045998 	0.98688571 	0.99991381 	0.99999955 	0.99999554 	0.99999945 	0.98740820 	
0.96077494 	0.98738511 	0.98473008 	0.99915065 	0.99871648 	0.99999511 	0.99999973 	0.99999799 	0.69546532 	0.99045998 	0.98688571 	0.99991381 	0.99999955 	0.99999554 	0.99999945 	0.98740820 	
0.96077494 	0.98738511 	0.98473008 	0.99915065 	0.99871648 	0.99999511 	0.99999973 	0.99999799 	0.69546532 	0.99057611 	0.98688571 	0.99991381 	0.99999955 	0.99999554 	0.99999945 	0.98740820 	
0.96077494 	0.98738511 	0.98473008 	0.99915065 	0.99871648 	0.99999511 	0.99999973 	0.99999799 	0.69546532 	0.99057611 	0.98688571 	0.99991381 	0.99999955 	0.99999554 	0.99999945 	0.98740820 	
0.96077494 	0.98738511 	0.98473008 	0.99915065 	0.99871648 	0.99999511 	0.99999973 	0.99999799 	0.69546532 	0.99057611 	0.98688571 	0.99998292 	0.99999955 	0.99999554 	0.99999945 	0.98740820 	
0.96077494 	0.98738511 	0.98473008 	0.99915065 	0.99871648 	0.99999511 	0.99999973 	0.99999799 	0.69546532 	0.99057611 	0.98688571 	0.99998292 	0.99999955 	0.99999554 	0.99999945 	0.98740820 	
0.96077494 	0.98738511 	0.98473008 	0.99915065 	0.99871648 	0.99999511 	0.99999973 	0.99999799 	0.69546532 	0.99057611 	0.98688571 	0.99998292 	0.99999955 	0.99999554 	0.99999945 	0.98740820 	
0.96077494 	0.98738511 	0.98473008 	0.99915065 	0.99871648 	0.99999511 	0.99999973 	0.99999799 	0.69546532 	0.99057611 	0.98688571 	0.99998292 	0.99999955 	0.99999554 	0.99999985 	0.98740820 	
0.96077494 	0.98738511 	0.98473008 	0.99915065 	0.99871648 	0.99999511 	0.99999973 	0.99999799 	0.69546532 	0.99057611 	0.98688571 	0.99998292 	0.99999955 	0.99999554 	0.99999985 	0.98737511 	
0.96077494 	0.98738511 	0.98473008 	0.99915065 	0.99871648 	0.99999511 	0.99999973 	0.99999799 	0.69546532 	0.99057611 	0.98688571 	0.99998292 	0.99999955 	0.99999554 	0.99999985 	0.98737511 	
0.96077494 	0.98754251 	0.98473008 	0.99915065 	0.99871648 	0.99999511 	0.99999973 	0.99999799 	0.69546532 	0.99057611 	0.98688571 	0.99998292 	0.99999955 	0.99999554 	0.99999985 	0.98737511 	
0.96077494 	0.98754251 	0.98471883 	0.99915065 	0.99871648 	0.99999511 	0.99999973 	0.99999799 	0.69546532 	0.99057611 	0.98688571 	0.99998292 	0.99999955 	0.99999554 	0.99999985 	0.98737511 	
0.96077494 	0.98754251 	0.98471883 	0.99915065 	0.99871648 	0.99999511 	0.99999973 	0.99999799 	0.69546532 	0.99057611 	0.98688571 	0.99998292 	0.99999955 	0.99999554 	0.99999985 	0.98737511 	
0.96077494 	0.98754251 	0.98471883 	0.99915065 	0.99870121 	0.99999511 	0.99999973 	0.99999799 	0.69546532 	0.99057611 	0.98688571 	0.99998292 	0.99999955 	0.99999554 	0.99999985 	0.98737511 	
0.96077494 	0.98754251 	0.98471883 	0.99915065 	0.99870121 	0.99999913 	0.99999973 	0.99999799 	0.69546532 	0.99057611 	0.98688571 	0.99998292 	0.99999955 	0.99999554 	0.99999985 	0.98737511 	
0.96077494 	0.98754251 	0.98471883 	0.99915065 	0.99870121 	0.99999913 	0.99999973 	0.99999799 	0.69546532 	0.99057611 	0.98688571 	0.99998292 	0.99999955 	0.99999554 	0.99999985 	0.98737511 	
0.96077494 	0.98754251 	0.98471883 	0.99915065 	0.99870121 	0.99999913 	0.99999973 	0.99999799 	0.69546532 	0.99057611 	0.98688571 	0.99998292 	0.99999955 	0.99999554 	0.99999985 	0.98737511 	
0.96077494 	0.98754251 	0.98471883 	0.99915065 	0.99870121 	0.99999913 	0.99999973 	0.99999799 	0.69546532 	0.99057611 	0.98688571 	0.99998292 	0.99999955 	0.99999554 	0.99999985 	0.98737511 	
0.96077494 	0.98754251 	0.98471883 	0.99915065 	0.99870121 	0.99999913 	0.99999973 	0.99999799 	0.69546532 	0.99057611 	0.98688571 	0.99998292 	0.99999955 	0.99999554 	0.99999985 	0.98737511 	
0.96077494 	0.98754251 	0.98471883 	0.99915065 	0.99870121 	0.99999913 	0.99999973 	0.99999799 	0.69546532 	0.99057611 	0.98689594 	0.99998292 	0.99999955 	0.99999554 	0.99999985 	0.98737511 	
0.96077494 	0.98754251 	0.98471883 	0.99915065 	0.99870121 	0.99999913 	0.99999973 	0.99999799 	0.69546532 	0.99057611 	0.98689594 	0.99998292 	0.99999955 	0.99999554 	0.99999985 	0.98737511 	
0.96077494 	0.98754251 	0.98471883 	0.99915065 	0.99870121 	0.99999913 	0.99999973 	0.99999799 	0.69546532 	0.99057611 	0.98689594 	0.99998292 	0.99999955 	0.99999554 	0.99999985 	0.98737511 	
0.96077494 	0.98754251 	0.98471883 	0.99915065 	0.99870121 	0.99999913 	0.99999973 	0.99999799 	0.69546532 	0.99057611 	0.98689594 	0.99998292 	0.99999955 	0.99999554 	0.99999985 	0.98737511 	
0.96077494 	0.98754251 	0.98471883 	0.99915065 	0.99870121 	0.99999913 	0.99999973 	0.99999799 	0.69546532 	0.99057611 	0.98689594 	0.99998292 	0.99999955 	0.99999554 	0.99999985 	0.98737511 	
0.96077494 	0.98754251 	0.98471883 	0.99915065 	0.99870121 	0.99999913 	0.99999973 	0.99999799 	0.69546532 	0.99057611 	0.98689594 	0.99998292 	0.99999955 	0.99999554 	0.99999985 	0.98737511 	
0.96043265 	0.98754251 	0.98471883 	0.99915065 	0.99870121 	0.99999913 	0.99999973 	0.99999799 	0.69546532 	0.99057611 	0.98689594 	0.99998292 	0.99999955 	0.99999554 	0.99999985 	0.98737511 	
0.96043265 	0.98754251 	0.98471883 	0.99915065 	0.99870121 	0.99999913 	0.99999973 	0.99999799 	0.69546532 	0.99057611 	0.98689594 	0.99998292 	0.99999955 	0.99999554 	0.99999985 	0.98737511 	
0.96043265 	0.98754251 	0.98471883 	0.99915065 	0.99870121 	0.99999913 	0.99999973 	0.99999799 	0.69546532 	0.99057611 	0.98689594 	0.99998292 	0.99999955 	0.99999554 	0.99999985 	0.98737511 	
0.96043265 	0.98754251 	0.98471883 	0.99915065 	0.99870121 	0.99999913 	0.99999973 	0.99999799 	0.69546532 	0.99057611 	0.98689594 	0.99998292 	0.99999955 	0.99999554 	0.99999985 	0.98737511 	
0.96043265 	0.98754251 	0.98471883 	0.99915065 	0.99870121 	0.99999913 	0.99999973 	0.99999799 	0.69546532 	0.99057611 	0.98689594 	0.99998292 	0.99999955 	0.99999554 	0.99999985 	0.98737511 	
0.96043265 	0.98754251 	0.98471883 	0.99915065 	0.99870121 	0.99999917 	0.99999973 	0.99999799 	0.69546532 	0.99057611 	0.98689594 	0.99998292 	0.99999955 	0.99999554 	0.99999985 	0.98737511 	
0.96043265 	0.98754251 	0.98471883 	0.99915065 	0.99870121 	0.99999917 	0.99999973 	0.99999799 	0.69546532 	0.99057611 	0.98689594 	0.99998292 	0.99999955 	0.99999554 	0.99999985 	0.98737511 	
0.96043265 	0.98754251 	0.98471883 	0.99915065 	0.99870121 	0.99999917 	0.99999973 	0.99999799 	0.69546532 	0.99057611 	0.98689594 	0.99998292 	0.99999955 	0.99999554 	0.99999985 	0.98737511 	
0.96043265 	0.98754251 	0.98471883 	0.99915065 	0.99870121 	0.99999917 	0.99999973 	0.99999799 	0.69546532 	0.99057611 	0.98689594 	0.99998292 	0.99999955 	0.99999554 	0.99999985 	0.98737511 	
0.96043265 	0.98754251 	0.98471883 	0.99915065 	0.99870121 	0.99999917 	0.99999973 	0.99999799 	0.69546532 	0.99057611 	0.98689594 	0.99998292 	0.99999955 	0.99999554 	0.99999985 	0.98737511 	
0.96043265 	0.98754251 	0.98471883 	0.99915065 	0.99870121 	0.99999917 	0.99999973 	0.99999799 	0.69546532 	0.99057611 	0.98689594 	0.99998292 	0.99999955 	0.99999554 	0.99999985 	0.98737511 	
0.96043265 	0.98754251 	0.98471883 	0.99915065 	0.99870121 	0.99999917 	0.99999973 	0.99999799 	0.69546532 	0.99057611 	0.98689594 	0.99998499 	0.99999955 	0.99999554 	0.99999985 	0.98737511 	
0.96043265 	0.98754251 	0.98471883 	0.99915065 	0.99870121 	0.99999917 	0.99999973 	0.99999799 	0.69546532 	0.99057611 	0.98689594 	0.99998499 	0.99999955 	0.99999554 	0.99999985 	0.98737511 	
0.96043265 	0.98754251 	0.98471883 	0.99915065 	0.99870121 	0.99999917 	0.99999973 	0.99999799 	0.69546532 	0.99057611 	0.98689594 	0.99998499 	0.99999955 	0.99999554 	0.99999985 	0.98737511 	
0.96043265 	0.98754251 	0.98471883 	0.99915065 	0.99870121 	0.99999917 	0.99999973 	0.99999799 	0.69546532 	0.99057611 	0.98689594 	0.99998499 	0.99999955 	0.99999554 	0.99999997 	0.98737511 	
0.96043265 	0.98754251 	0.98471883 	0.99915065 	0.99870121 	0.99999917 	0.99999973 	0.99999799 	0.69546532 	0.99057611 	0.98689594 	0.99998499 	0.99999955 	0.99999554 	0.99999997 	0.98737511 	
0.96043265 	0.98754251 	0.98471883 	0.99915065 	0.99870121 	0.99999917 	0.99999973 	0.99999799 	0.69546532 	0.99057611 	0.98689594 	0.99998499 	0.99999955 	0.99999554 	0.99999997 	0.98737511 	
0.96043265 	0.98754251 	0.98471883 	0.99915065 	0.99870121 	0.99999917 	0.99999973 	0.99999799 	0.69546532 	0.99057611 	0.98689594 	0.99998499 	0.99999955 	0.99999554 	0.99999997 	0.98737511 	
0.96043265 	0.98754251 	0.98471883 	0.99915065 	0.99870121 	0.99999917 	0.99999973 	0.99999799 	0.69546532 	0.99057611 	0.98689594 	0.99998499 	0.99999955 	0.99999554 	0.99999997 	0.98737511 	
0.96043265 	0.98754251 	0.98471883 	0.99915065 	0.99870121 	0.99999917 	0.99999973 	0.99999799 	0.69546532 	0.99057611 	0.98689594 	0.99998499 	0.99999955 	0.99999554 	0.99999997 	0.98737511 	
0.96043265 	0.98754251 	0.98471883 	0.99915065 	0.99870121 	0.99999917 	0.99999973 	0.99999799 	0.69546532 	0.99057611 	0.98689594 	0.99998499 	0.99999955 	0.99999554 	0.99999997 	0.98737511 	
0.96043265 	0.98754251 	0.98471883 	0.99915065 	0.99870121 	0.99999978 	0.99999973 	0.99999799 	0.69546532 	0.99057611 	0.98689594 	0.99998499 	0.99999955 	0.99999554 	0.99999997 	0.98737511 	
0.96043265 	0.98754251 	0.98471883 	0.99915065 	0.99870121 	0.99999978 	0.99999973 	0.99999799 	0.69546532 	0.99057611 	0.98689594 	0.99998499 	0.99999955 	0.99999554 	0.99999997 	0.98737511 	
0.96043265 	0.98754251 	0.98471883 	0.99915065 	0.99870121 	0.99999978 	0.99999973 	0.99999799 	0.69546532 	0.99057611 	0.98689594 	0.99998499 	0.99999955 	0.99999554 	0.99999997 	0.98737511 	
0.96043265 	0.98754251 	0.98471883 	0.99915065 	0.99870121 	0.99999978 	0.99999973 	0.99999799 	0.69540866 	0.99057611 	0.98689594 	0.99998499 	0.99999955 	0.99999554 	0.99999997 	0.98737511 	
0.96043265 	0.98754251 	0.98471883 	0.99915065 	0.99870121 	0.99999978 	0.99999973 	0.99999799 	0.69540866 	0.99057611 	0.98689594 	0.99998499 	0.99999955 	0.99999554 	0.99999997 	0.98737511 	
0.96043265 	0.98754251 	0.98471883 	0.99915065 	0.99870121 	0.99999978 	0.99999973 	0.99999799 	0.69540866 	0.99057611 	0.98689594 	0.99998499 	0.99999955 	0.99999554 	0.99999997 	0.98737511 	
0.96043265 	0.98754251 	0.98471883 	0.99915065 	0.99870121 	0.99999978 	0.99999973 	0.99999799 	0.69540866 	0.99057611 	0.98689594 	0.99998871 	0.99999955 	0.99999554 	0.99999997 	0.98737511 	
0.96043265 	0.98754251 	0.98471883 	0.99915065 	0.99870121 	0.99999978 	0.99999973 	0.99999799 	0.69540866 	0.99057611 	0.98689594 	0.99998871 	0.99999955 	0.99999554 	0.99999997 	0.98737511 	
0.96043265 	0.98754251 	0.98471883 	0.99915065 	0.99870121 	0.99999978 	0.99999973 	0.99999799 	0.69540866 	0.99057611 	0.98689594 	0.99998871 	0.99999955 	0.99999554 	0.99999997 	0.98737511 	
0.96043265 	0.98754251 	0.98471883 	0.99915065 	0.99870121 	0.99999978 	0.99999973 	0.99999799 	0.69540866 	0.99057611 	0.98689594 	0.99998871 	0.99999955 	0.99999554 	0.99999997 	0.98737511 	
0.96043265 	0.98754251 	0.98471883 	0.99915065 	0.99870121 	0.99999978 	0.99999973 	0.99999799 	0.69540866 	0.99057611 	0.98689594 	0.99998871 	0.99999955 	0.99999554 	0.99999997 	0.98735809 	
