0.96162313 	0.66356420 	0.65945194 	0.39785604 	0.22254775 	0.91756711 	0.03186393 	0.83749205 	0.96627045 	0.98489768 	0.43401008 	0.56180689 	0.94653217 	0.69458540 	0.73661080 	0.67281985 	
0.96162313 	0.99724794 	0.65945194 	0.39785604 	0.22254775 	0.91756711 	0.03186393 	0.83749205 	0.96627045 	0.98489768 	0.43401008 	0.56180689 	0.94653217 	0.69458540 	0.73661080 	0.67281985 	
0.96162313 	0.99724794 	0.98633573 	0.39785604 	0.22254775 	0.91756711 	0.03186393 	0.83749205 	0.96627045 	0.98489768 	0.43401008 	0.56180689 	0.94653217 	0.69458540 	0.73661080 	0.67281985 	
0.96162313 	0.99724794 	0.98633573 	0.92075944 	0.22254775 	0.91756711 	0.03186393 	0.83749205 	0.96627045 	0.98489768 	0.43401008 	0.56180689 	0.94653217 	0.69458540 	0.73661080 	0.67281985 	
0.96162313 	0.99724794 	0.98633573 	0.92075944 	0.96764383 	0.91756711 	0.03186393 	0.83749205 	0.96627045 	0.98489768 	0.43401008 	0.56180689 	0.94653217 	0.69458540 	0.73661080 	0.67281985 	
0.96162313 	0.99724794 	0.98633573 	0.92075944 	0.96764383 	0.93708041 	0.03186393 	0.83749205 	0.96627045 	0.98489768 	0.43401008 	0.56180689 	0.94653217 	0.69458540 	0.73661080 	0.67281985 	
0.96162313 	0.99724794 	0.98633573 	0.92075944 	0.96764383 	0.93708041 	0.97709883 	0.83749205 	0.96627045 	0.98489768 	0.43401008 	0.56180689 	0.94653217 	0.69458540 	0.73661080 	0.67281985 	
0.96162313 	0.99724794 	0.98633573 	0.92075944 	0.96764383 	0.93708041 	0.97709883 	0.95255678 	0.96627045 	0.98489768 	0.43401008 	0.56180689 	0.94653217 	0.69458540 	0.73661080 	0.67281985 	
0.96162313 	0.99724794 	0.98633573 	0.92075944 	0.96764383 	0.93708041 	0.97709883 	0.95255678 	0.80397009 	0.98489768 	0.43401008 	0.56180689 	0.94653217 	0.69458540 	0.73661080 	0.67281985 	
0.96162313 	0.99724794 	0.98633573 	0.92075944 	0.96764383 	0.93708041 	0.97709883 	0.95255678 	0.80397009 	0.98830069 	0.43401008 	0.56180689 	0.94653217 	0.69458540 	0.73661080 	0.67281985 	
0.96162313 	0.99724794 	0.98633573 	0.92075944 	0.96764383 	0.93708041 	0.97709883 	0.95255678 	0.80397009 	0.98830069 	0.99482871 	0.56180689 	0.94653217 	0.69458540 	0.73661080 	0.67281985 	
0.96162313 	0.99724794 	0.98633573 	0.92075944 	0.96764383 	0.93708041 	0.97709883 	0.95255678 	0.80397009 	0.98830069 	0.99482871 	0.96906357 	0.94653217 	0.69458540 	0.73661080 	0.67281985 	
0.96162313 	0.99724794 	0.98633573 	0.92075944 	0.96764383 	0.93708041 	0.97709883 	0.95255678 	0.80397009 	0.98830069 	0.99482871 	0.96906357 	0.97242073 	0.69458540 	0.73661080 	0.67281985 	
0.96162313 	0.99724794 	0.98633573 	0.92075944 	0.96764383 	0.93708041 	0.97709883 	0.95255678 	0.80397009 	0.98830069 	0.99482871 	0.96906357 	0.97242073 	0.91892457 	0.73661080 	0.67281985 	
0.96162313 	0.99724794 	0.98633573 	0.92075944 	0.96764383 	0.93708041 	0.97709883 	0.95255678 	0.80397009 	0.98830069 	0.99482871 	0.96906357 	0.97242073 	0.91892457 	0.86229099 	0.67281985 	
0.96162313 	0.99724794 	0.98633573 	0.92075944 	0.96764383 	0.93708041 	0.97709883 	0.95255678 	0.80397009 	0.98830069 	0.99482871 	0.96906357 	0.97242073 	0.91892457 	0.86229099 	0.98859953 	
0.96162313 	0.99724794 	0.98633573 	0.92075944 	0.96764383 	0.93708041 	0.97709883 	0.95255678 	0.80397009 	0.98830069 	0.99482871 	0.96906357 	0.97242073 	0.91892457 	0.86229099 	0.98859953 	
0.96162313 	0.99724794 	0.98633573 	0.92075944 	0.96764383 	0.93708041 	0.97709883 	0.95255678 	0.80397009 	0.98830069 	0.99482871 	0.96906357 	0.97242073 	0.91892457 	0.86229099 	0.98859953 	
0.96162313 	0.99724794 	0.98633573 	0.92075944 	0.96764383 	0.93708041 	0.97709883 	0.95255678 	0.80397009 	0.98830069 	0.99482871 	0.96906357 	0.97242073 	0.91892457 	0.86229099 	0.98859953 	
0.96162313 	0.99724794 	0.98633573 	0.97008773 	0.96764383 	0.93708041 	0.97709883 	0.95255678 	0.80397009 	0.98830069 	0.99482871 	0.96906357 	0.97242073 	0.91892457 	0.86229099 	0.98859953 	
0.96162313 	0.99724794 	0.98633573 	0.97008773 	0.96981024 	0.93708041 	0.97709883 	0.95255678 	0.80397009 	0.98830069 	0.99482871 	0.96906357 	0.97242073 	0.91892457 	0.86229099 	0.98859953 	
0.96162313 	0.99724794 	0.98633573 	0.97008773 	0.96981024 	0.97039683 	0.97709883 	0.95255678 	0.80397009 	0.98830069 	0.99482871 	0.96906357 	0.97242073 	0.91892457 	0.86229099 	0.98859953 	
0.96162313 	0.99724794 	0.98633573 	0.97008773 	0.96981024 	0.97039683 	0.98287202 	0.95255678 	0.80397009 	0.98830069 	0.99482871 	0.96906357 	0.97242073 	0.91892457 	0.86229099 	0.98859953 	
0.96162313 	0.99724794 	0.98633573 	0.97008773 	0.96981024 	0.97039683 	0.98287202 	0.95278819 	0.80397009 	0.98830069 	0.99482871 	0.96906357 	0.97242073 	0.91892457 	0.86229099 	0.98859953 	
0.96162313 	0.99724794 	0.98633573 	0.97008773 	0.96981024 	0.97039683 	0.98287202 	0.95278819 	0.71765347 	0.98830069 	0.99482871 	0.96906357 	0.97242073 	0.91892457 	0.86229099 	0.98859953 	
0.96162313 	0.99724794 	0.98633573 	0.97008773 	0.96981024 	0.97039683 	0.98287202 	0.95278819 	0.71765347 	0.99512094 	0.99482871 	0.96906357 	0.97242073 	0.91892457 	0.86229099 	0.98859953 	
0.96162313 	0.99724794 	0.98633573 	0.97008773 	0.96981024 	0.97039683 	0.98287202 	0.95278819 	0.71765347 	0.99512094 	0.99482871 	0.96906357 	0.97242073 	0.91892457 	0.86229099 	0.98859953 	
0.96162313 	0.99724794 	0.98633573 	0.97008773 	0.96981024 	0.97039683 	0.98287202 	0.95278819 	0.71765347 	0.99512094 	0.99482871 	0.97014748 	0.97242073 	0.91892457 	0.86229099 	0.98859953 	
0.96162313 	0.99724794 	0.98633573 	0.97008773 	0.96981024 	0.97039683 	0.98287202 	0.95278819 	0.71765347 	0.99512094 	0.99482871 	0.97014748 	0.97242073 	0.91892457 	0.86229099 	0.98859953 	
0.96162313 	0.99724794 	0.98633573 	0.97008773 	0.96981024 	0.97039683 	0.98287202 	0.95278819 	0.71765347 	0.99512094 	0.99482871 	0.97014748 	0.97242073 	0.96171436 	0.86229099 	0.98859953 	
0.96162313 	0.99724794 	0.98633573 	0.97008773 	0.96981024 	0.97039683 	0.98287202 	0.95278819 	0.71765347 	0.99512094 	0.99482871 	0.97014748 	0.97242073 	0.96171436 	0.86229099 	0.98859953 	
0.96162313 	0.99724794 	0.98633573 	0.97008773 	0.96981024 	0.97039683 	0.98287202 	0.95278819 	0.71765347 	0.99512094 	0.99482871 	0.97014748 	0.97242073 	0.96171436 	0.86229099 	0.98877038 	
0.97675968 	0.99724794 	0.98633573 	0.97008773 	0.96981024 	0.97039683 	0.98287202 	0.95278819 	0.71765347 	0.99512094 	0.99482871 	0.97014748 	0.97242073 	0.96171436 	0.86229099 	0.98877038 	
0.97675968 	0.99727667 	0.98633573 	0.97008773 	0.96981024 	0.97039683 	0.98287202 	0.95278819 	0.71765347 	0.99512094 	0.99482871 	0.97014748 	0.97242073 	0.96171436 	0.86229099 	0.98877038 	
0.97675968 	0.99727667 	0.99021783 	0.97008773 	0.96981024 	0.97039683 	0.98287202 	0.95278819 	0.71765347 	0.99512094 	0.99482871 	0.97014748 	0.97242073 	0.96171436 	0.86229099 	0.98877038 	
0.97675968 	0.99727667 	0.99021783 	0.97008773 	0.96981024 	0.97039683 	0.98287202 	0.95278819 	0.71765347 	0.99512094 	0.99482871 	0.97014748 	0.97242073 	0.96171436 	0.86229099 	0.98877038 	
0.97675968 	0.99727667 	0.99021783 	0.97008773 	0.97736972 	0.97039683 	0.98287202 	0.95278819 	0.71765347 	0.99512094 	0.99482871 	0.97014748 	0.97242073 	0.96171436 	0.86229099 	0.98877038 	
0.97675968 	0.99727667 	0.99021783 	0.97008773 	0.97736972 	0.98016136 	0.98287202 	0.95278819 	0.71765347 	0.99512094 	0.99482871 	0.97014748 	0.97242073 	0.96171436 	0.86229099 	0.98877038 	
0.97675968 	0.99727667 	0.99021783 	0.97008773 	0.97736972 	0.98016136 	0.99347899 	0.95278819 	0.71765347 	0.99512094 	0.99482871 	0.97014748 	0.97242073 	0.96171436 	0.86229099 	0.98877038 	
0.97675968 	0.99727667 	0.99021783 	0.97008773 	0.97736972 	0.98016136 	0.99347899 	0.95295534 	0.71765347 	0.99512094 	0.99482871 	0.97014748 	0.97242073 	0.96171436 	0.86229099 	0.98877038 	
0.97675968 	0.99727667 	0.99021783 	0.97008773 	0.97736972 	0.98016136 	0.99347899 	0.95295534 	0.71765347 	0.99512094 	0.99482871 	0.97014748 	0.97242073 	0.96171436 	0.86229099 	0.98877038 	
0.97675968 	0.99727667 	0.99021783 	0.97008773 	0.97736972 	0.98016136 	0.99347899 	0.95295534 	0.71765347 	0.99889817 	0.99482871 	0.97014748 	0.97242073 	0.96171436 	0.86229099 	0.98877038 	
0.97675968 	0.99727667 	0.99021783 	0.97008773 	0.97736972 	0.98016136 	0.99347899 	0.95295534 	0.71765347 	0.99889817 	0.99984207 	0.97014748 	0.97242073 	0.96171436 	0.86229099 	0.98877038 	
0.97675968 	0.99727667 	0.99021783 	0.97008773 	0.97736972 	0.98016136 	0.99347899 	0.95295534 	0.71765347 	0.99889817 	0.99984207 	0.97440224 	0.97242073 	0.96171436 	0.86229099 	0.98877038 	
0.97675968 	0.99727667 	0.99021783 	0.97008773 	0.97736972 	0.98016136 	0.99347899 	0.95295534 	0.71765347 	0.99889817 	0.99984207 	0.97440224 	0.97675264 	0.96171436 	0.86229099 	0.98877038 	
0.97675968 	0.99727667 	0.99021783 	0.97008773 	0.97736972 	0.98016136 	0.99347899 	0.95295534 	0.71765347 	0.99889817 	0.99984207 	0.97440224 	0.97675264 	0.97933777 	0.86229099 	0.98877038 	
0.97675968 	0.99727667 	0.99021783 	0.97008773 	0.97736972 	0.98016136 	0.99347899 	0.95295534 	0.71765347 	0.99889817 	0.99984207 	0.97440224 	0.97675264 	0.97933777 	0.87691956 	0.98877038 	
0.97675968 	0.99727667 	0.99021783 	0.97008773 	0.97736972 	0.98016136 	0.99347899 	0.95295534 	0.71765347 	0.99889817 	0.99984207 	0.97440224 	0.97675264 	0.97933777 	0.87691956 	0.99171036 	
0.97675968 	0.99727667 	0.99021783 	0.97008773 	0.97736972 	0.98016136 	0.99347899 	0.95295534 	0.71765347 	0.99889817 	0.99984207 	0.97440224 	0.97675264 	0.97933777 	0.87691956 	0.99171036 	
0.97675968 	0.99866442 	0.99021783 	0.97008773 	0.97736972 	0.98016136 	0.99347899 	0.95295534 	0.71765347 	0.99889817 	0.99984207 	0.97440224 	0.97675264 	0.97933777 	0.87691956 	0.99171036 	
0.97675968 	0.99866442 	0.99021783 	0.97008773 	0.97736972 	0.98016136 	0.99347899 	0.95295534 	0.71765347 	0.99889817 	0.99984207 	0.97440224 	0.97675264 	0.97933777 	0.87691956 	0.99171036 	
0.97675968 	0.99866442 	0.99021783 	0.98727952 	0.97736972 	0.98016136 	0.99347899 	0.95295534 	0.71765347 	0.99889817 	0.99984207 	0.97440224 	0.97675264 	0.97933777 	0.87691956 	0.99171036 	
0.97675968 	0.99866442 	0.99021783 	0.98727952 	0.97736972 	0.98016136 	0.99347899 	0.95295534 	0.71765347 	0.99889817 	0.99984207 	0.97440224 	0.97675264 	0.97933777 	0.87691956 	0.99171036 	
0.97675968 	0.99866442 	0.99021783 	0.98727952 	0.97736972 	0.98016136 	0.99347899 	0.95295534 	0.71765347 	0.99889817 	0.99984207 	0.97440224 	0.97675264 	0.97933777 	0.87691956 	0.99171036 	
0.97675968 	0.99866442 	0.99021783 	0.98727952 	0.97736972 	0.98016136 	0.99513888 	0.95295534 	0.71765347 	0.99889817 	0.99984207 	0.97440224 	0.97675264 	0.97933777 	0.87691956 	0.99171036 	
0.97675968 	0.99866442 	0.99021783 	0.98727952 	0.97736972 	0.98016136 	0.99513888 	0.98651440 	0.71765347 	0.99889817 	0.99984207 	0.97440224 	0.97675264 	0.97933777 	0.87691956 	0.99171036 	
0.97675968 	0.99866442 	0.99021783 	0.98727952 	0.97736972 	0.98016136 	0.99513888 	0.98651440 	0.71694194 	0.99889817 	0.99984207 	0.97440224 	0.97675264 	0.97933777 	0.87691956 	0.99171036 	
0.97675968 	0.99866442 	0.99021783 	0.98727952 	0.97736972 	0.98016136 	0.99513888 	0.98651440 	0.71694194 	0.99889817 	0.99984207 	0.97440224 	0.97675264 	0.97933777 	0.87691956 	0.99171036 	
0.97675968 	0.99866442 	0.99021783 	0.98727952 	0.97736972 	0.98016136 	0.99513888 	0.98651440 	0.71694194 	0.99889817 	0.99998825 	0.97440224 	0.97675264 	0.97933777 	0.87691956 	0.99171036 	
0.97675968 	0.99866442 	0.99021783 	0.98727952 	0.97736972 	0.98016136 	0.99513888 	0.98651440 	0.71694194 	0.99889817 	0.99998825 	0.98725818 	0.97675264 	0.97933777 	0.87691956 	0.99171036 	
0.97675968 	0.99866442 	0.99021783 	0.98727952 	0.97736972 	0.98016136 	0.99513888 	0.98651440 	0.71694194 	0.99889817 	0.99998825 	0.98725818 	0.99761739 	0.97933777 	0.87691956 	0.99171036 	
0.97675968 	0.99866442 	0.99021783 	0.98727952 	0.97736972 	0.98016136 	0.99513888 	0.98651440 	0.71694194 	0.99889817 	0.99998825 	0.98725818 	0.99761739 	0.97933777 	0.87691956 	0.99171036 	
0.97675968 	0.99866442 	0.99021783 	0.98727952 	0.97736972 	0.98016136 	0.99513888 	0.98651440 	0.71694194 	0.99889817 	0.99998825 	0.98725818 	0.99761739 	0.97933777 	0.91309796 	0.99171036 	
0.97675968 	0.99866442 	0.99021783 	0.98727952 	0.97736972 	0.98016136 	0.99513888 	0.98651440 	0.71694194 	0.99889817 	0.99998825 	0.98725818 	0.99761739 	0.97933777 	0.91309796 	0.99295508 	
0.99113861 	0.99866442 	0.99021783 	0.98727952 	0.97736972 	0.98016136 	0.99513888 	0.98651440 	0.71694194 	0.99889817 	0.99998825 	0.98725818 	0.99761739 	0.97933777 	0.91309796 	0.99295508 	
0.99113861 	0.99967697 	0.99021783 	0.98727952 	0.97736972 	0.98016136 	0.99513888 	0.98651440 	0.71694194 	0.99889817 	0.99998825 	0.98725818 	0.99761739 	0.97933777 	0.91309796 	0.99295508 	
0.99113861 	0.99967697 	0.99227937 	0.98727952 	0.97736972 	0.98016136 	0.99513888 	0.98651440 	0.71694194 	0.99889817 	0.99998825 	0.98725818 	0.99761739 	0.97933777 	0.91309796 	0.99295508 	
0.99113861 	0.99967697 	0.99227937 	0.99261039 	0.97736972 	0.98016136 	0.99513888 	0.98651440 	0.71694194 	0.99889817 	0.99998825 	0.98725818 	0.99761739 	0.97933777 	0.91309796 	0.99295508 	
0.99113861 	0.99967697 	0.99227937 	0.99261039 	0.98669638 	0.98016136 	0.99513888 	0.98651440 	0.71694194 	0.99889817 	0.99998825 	0.98725818 	0.99761739 	0.97933777 	0.91309796 	0.99295508 	
0.99113861 	0.99967697 	0.99227937 	0.99261039 	0.98669638 	0.98016136 	0.99513888 	0.98651440 	0.71694194 	0.99889817 	0.99998825 	0.98725818 	0.99761739 	0.97933777 	0.91309796 	0.99295508 	
0.99113861 	0.99967697 	0.99227937 	0.99261039 	0.98669638 	0.98016136 	0.99750001 	0.98651440 	0.71694194 	0.99889817 	0.99998825 	0.98725818 	0.99761739 	0.97933777 	0.91309796 	0.99295508 	
0.99113861 	0.99967697 	0.99227937 	0.99261039 	0.98669638 	0.98016136 	0.99750001 	0.99052293 	0.71694194 	0.99889817 	0.99998825 	0.98725818 	0.99761739 	0.97933777 	0.91309796 	0.99295508 	
0.99113861 	0.99967697 	0.99227937 	0.99261039 	0.98669638 	0.98016136 	0.99750001 	0.99052293 	0.71055167 	0.99889817 	0.99998825 	0.98725818 	0.99761739 	0.97933777 	0.91309796 	0.99295508 	
0.99113861 	0.99967697 	0.99227937 	0.99261039 	0.98669638 	0.98016136 	0.99750001 	0.99052293 	0.71055167 	0.99889817 	0.99998825 	0.98725818 	0.99761739 	0.97933777 	0.91309796 	0.99295508 	
0.99113861 	0.99967697 	0.99227937 	0.99261039 	0.98669638 	0.98016136 	0.99750001 	0.99052293 	0.71055167 	0.99889817 	0.99998825 	0.98725818 	0.99761739 	0.97933777 	0.91309796 	0.99295508 	
0.99113861 	0.99967697 	0.99227937 	0.99261039 	0.98669638 	0.98016136 	0.99750001 	0.99052293 	0.71055167 	0.99889817 	0.99998825 	0.98725818 	0.99761739 	0.97933777 	0.91309796 	0.99295508 	
0.99113861 	0.99967697 	0.99227937 	0.99261039 	0.98669638 	0.98016136 	0.99750001 	0.99052293 	0.71055167 	0.99889817 	0.99998825 	0.98725818 	0.99761739 	0.97933777 	0.91309796 	0.99295508 	
0.99113861 	0.99967697 	0.99227937 	0.99261039 	0.98669638 	0.98016136 	0.99750001 	0.99052293 	0.71055167 	0.99889817 	0.99998825 	0.98725818 	0.99761739 	0.97933950 	0.91309796 	0.99295508 	
0.99113861 	0.99967697 	0.99227937 	0.99261039 	0.98669638 	0.98016136 	0.99750001 	0.99052293 	0.71055167 	0.99889817 	0.99998825 	0.98725818 	0.99761739 	0.97933950 	0.91309796 	0.99295508 	
0.99113861 	0.99967697 	0.99227937 	0.99261039 	0.98669638 	0.98016136 	0.99750001 	0.99052293 	0.71055167 	0.99889817 	0.99998825 	0.98725818 	0.99761739 	0.97933950 	0.91309796 	0.99416191 	
0.99253694 	0.99967697 	0.99227937 	0.99261039 	0.98669638 	0.98016136 	0.99750001 	0.99052293 	0.71055167 	0.99889817 	0.99998825 	0.98725818 	0.99761739 	0.97933950 	0.91309796 	0.99416191 	
0.99253694 	0.99973521 	0.99227937 	0.99261039 	0.98669638 	0.98016136 	0.99750001 	0.99052293 	0.71055167 	0.99889817 	0.99998825 	0.98725818 	0.99761739 	0.97933950 	0.91309796 	0.99416191 	
0.99253694 	0.99973521 	0.99419288 	0.99261039 	0.98669638 	0.98016136 	0.99750001 	0.99052293 	0.71055167 	0.99889817 	0.99998825 	0.98725818 	0.99761739 	0.97933950 	0.91309796 	0.99416191 	
0.99253694 	0.99973521 	0.99419288 	0.99264278 	0.98669638 	0.98016136 	0.99750001 	0.99052293 	0.71055167 	0.99889817 	0.99998825 	0.98725818 	0.99761739 	0.97933950 	0.91309796 	0.99416191 	
0.99253694 	0.99973521 	0.99419288 	0.99264278 	0.98671551 	0.98016136 	0.99750001 	0.99052293 	0.71055167 	0.99889817 	0.99998825 	0.98725818 	0.99761739 	0.97933950 	0.91309796 	0.99416191 	
0.99253694 	0.99973521 	0.99419288 	0.99264278 	0.98671551 	0.99481583 	0.99750001 	0.99052293 	0.71055167 	0.99889817 	0.99998825 	0.98725818 	0.99761739 	0.97933950 	0.91309796 	0.99416191 	
0.99253694 	0.99973521 	0.99419288 	0.99264278 	0.98671551 	0.99481583 	0.99972632 	0.99052293 	0.71055167 	0.99889817 	0.99998825 	0.98725818 	0.99761739 	0.97933950 	0.91309796 	0.99416191 	
0.99253694 	0.99973521 	0.99419288 	0.99264278 	0.98671551 	0.99481583 	0.99972632 	0.99695867 	0.71055167 	0.99889817 	0.99998825 	0.98725818 	0.99761739 	0.97933950 	0.91309796 	0.99416191 	
0.99253694 	0.99973521 	0.99419288 	0.99264278 	0.98671551 	0.99481583 	0.99972632 	0.99695867 	0.71039520 	0.99889817 	0.99998825 	0.98725818 	0.99761739 	0.97933950 	0.91309796 	0.99416191 	
0.99253694 	0.99973521 	0.99419288 	0.99264278 	0.98671551 	0.99481583 	0.99972632 	0.99695867 	0.71039520 	0.99976705 	0.99998825 	0.98725818 	0.99761739 	0.97933950 	0.91309796 	0.99416191 	
0.99253694 	0.99973521 	0.99419288 	0.99264278 	0.98671551 	0.99481583 	0.99972632 	0.99695867 	0.71039520 	0.99976705 	0.99566470 	0.98725818 	0.99761739 	0.97933950 	0.91309796 	0.99416191 	
0.99253694 	0.99973521 	0.99419288 	0.99264278 	0.98671551 	0.99481583 	0.99972632 	0.99695867 	0.71039520 	0.99976705 	0.99566470 	0.98938131 	0.99761739 	0.97933950 	0.91309796 	0.99416191 	
0.99253694 	0.99973521 	0.99419288 	0.99264278 	0.98671551 	0.99481583 	0.99972632 	0.99695867 	0.71039520 	0.99976705 	0.99566470 	0.98938131 	0.99846567 	0.97933950 	0.91309796 	0.99416191 	
0.99253694 	0.99973521 	0.99419288 	0.99264278 	0.98671551 	0.99481583 	0.99972632 	0.99695867 	0.71039520 	0.99976705 	0.99566470 	0.98938131 	0.99846567 	0.99954166 	0.91309796 	0.99416191 	
0.99253694 	0.99973521 	0.99419288 	0.99264278 	0.98671551 	0.99481583 	0.99972632 	0.99695867 	0.71039520 	0.99976705 	0.99566470 	0.98938131 	0.99846567 	0.99954166 	0.91309796 	0.99416191 	
0.99253694 	0.99973521 	0.99419288 	0.99264278 	0.98671551 	0.99481583 	0.99972632 	0.99695867 	0.71039520 	0.99976705 	0.99566470 	0.98938131 	0.99846567 	0.99954166 	0.91309796 	0.99702347 	
0.99253952 	0.99973521 	0.99419288 	0.99264278 	0.98671551 	0.99481583 	0.99972632 	0.99695867 	0.71039520 	0.99976705 	0.99566470 	0.98938131 	0.99846567 	0.99954166 	0.91309796 	0.99702347 	
0.99253952 	0.99979037 	0.99419288 	0.99264278 	0.98671551 	0.99481583 	0.99972632 	0.99695867 	0.71039520 	0.99976705 	0.99566470 	0.98938131 	0.99846567 	0.99954166 	0.91309796 	0.99702347 	
0.99253952 	0.99979037 	0.99419288 	0.99264278 	0.98671551 	0.99481583 	0.99972632 	0.99695867 	0.71039520 	0.99976705 	0.99566470 	0.98938131 	0.99846567 	0.99954166 	0.91309796 	0.99702347 	
0.99253952 	0.99979037 	0.99419288 	0.99348674 	0.98671551 	0.99481583 	0.99972632 	0.99695867 	0.71039520 	0.99976705 	0.99566470 	0.98938131 	0.99846567 	0.99954166 	0.91309796 	0.99702347 	
0.99253952 	0.99979037 	0.99419288 	0.99348674 	0.98669638 	0.99481583 	0.99972632 	0.99695867 	0.71039520 	0.99976705 	0.99566470 	0.98938131 	0.99846567 	0.99954166 	0.91309796 	0.99702347 	
0.99253952 	0.99979037 	0.99419288 	0.99348674 	0.98669638 	0.99904475 	0.99972632 	0.99695867 	0.71039520 	0.99976705 	0.99566470 	0.98938131 	0.99846567 	0.99954166 	0.91309796 	0.99702347 	
0.99253952 	0.99979037 	0.99419288 	0.99348674 	0.98669638 	0.99904475 	0.99988308 	0.99695867 	0.71039520 	0.99976705 	0.99566470 	0.98938131 	0.99846567 	0.99954166 	0.91309796 	0.99702347 	
0.99253952 	0.99979037 	0.99419288 	0.99348674 	0.98669638 	0.99904475 	0.99988308 	0.99997239 	0.71039520 	0.99976705 	0.99566470 	0.98938131 	0.99846567 	0.99954166 	0.91309796 	0.99702347 	
0.99253952 	0.99979037 	0.99419288 	0.99348674 	0.98669638 	0.99904475 	0.99988308 	0.99997239 	0.70667175 	0.99976705 	0.99566470 	0.98938131 	0.99846567 	0.99954166 	0.91309796 	0.99702347 	
0.99253952 	0.99979037 	0.99419288 	0.99348674 	0.98669638 	0.99904475 	0.99988308 	0.99997239 	0.70667175 	0.99989414 	0.99566470 	0.98938131 	0.99846567 	0.99954166 	0.91309796 	0.99702347 	
0.99253952 	0.99979037 	0.99419288 	0.99348674 	0.98669638 	0.99904475 	0.99988308 	0.99997239 	0.70667175 	0.99989414 	0.99196628 	0.98938131 	0.99846567 	0.99954166 	0.91309796 	0.99702347 	
0.99253952 	0.99979037 	0.99419288 	0.99348674 	0.98669638 	0.99904475 	0.99988308 	0.99997239 	0.70667175 	0.99989414 	0.99196628 	0.98938131 	0.99846567 	0.99954166 	0.91309796 	0.99702347 	
0.99253952 	0.99979037 	0.99419288 	0.99348674 	0.98669638 	0.99904475 	0.99988308 	0.99997239 	0.70667175 	0.99989414 	0.99196628 	0.98938131 	0.99913499 	0.99954166 	0.91309796 	0.99702347 	
0.99253952 	0.99979037 	0.99419288 	0.99348674 	0.98669638 	0.99904475 	0.99988308 	0.99997239 	0.70667175 	0.99989414 	0.99196628 	0.98938131 	0.99913499 	0.99954166 	0.91309796 	0.99702347 	
0.99253952 	0.99979037 	0.99419288 	0.99348674 	0.98669638 	0.99904475 	0.99988308 	0.99997239 	0.70667175 	0.99989414 	0.99196628 	0.98938131 	0.99913499 	0.99954166 	0.94813663 	0.99702347 	
0.99253952 	0.99979037 	0.99419288 	0.99348674 	0.98669638 	0.99904475 	0.99988308 	0.99997239 	0.70667175 	0.99989414 	0.99196628 	0.98938131 	0.99913499 	0.99954166 	0.94813663 	0.99702347 	
0.99294386 	0.99979037 	0.99419288 	0.99348674 	0.98669638 	0.99904475 	0.99988308 	0.99997239 	0.70667175 	0.99989414 	0.99196628 	0.98938131 	0.99913499 	0.99954166 	0.94813663 	0.99702347 	
0.99294386 	0.99992493 	0.99419288 	0.99348674 	0.98669638 	0.99904475 	0.99988308 	0.99997239 	0.70667175 	0.99989414 	0.99196628 	0.98938131 	0.99913499 	0.99954166 	0.94813663 	0.99702347 	
0.99294386 	0.99992493 	0.99608150 	0.99348674 	0.98669638 	0.99904475 	0.99988308 	0.99997239 	0.70667175 	0.99989414 	0.99196628 	0.98938131 	0.99913499 	0.99954166 	0.94813663 	0.99702347 	
0.99294386 	0.99992493 	0.99608150 	0.99894697 	0.98669638 	0.99904475 	0.99988308 	0.99997239 	0.70667175 	0.99989414 	0.99196628 	0.98938131 	0.99913499 	0.99954166 	0.94813663 	0.99702347 	
0.99294386 	0.99992493 	0.99608150 	0.99894697 	0.98323591 	0.99904475 	0.99988308 	0.99997239 	0.70667175 	0.99989414 	0.99196628 	0.98938131 	0.99913499 	0.99954166 	0.94813663 	0.99702347 	
0.99294386 	0.99992493 	0.99608150 	0.99894697 	0.98323591 	0.99973297 	0.99988308 	0.99997239 	0.70667175 	0.99989414 	0.99196628 	0.98938131 	0.99913499 	0.99954166 	0.94813663 	0.99702347 	
0.99294386 	0.99992493 	0.99608150 	0.99894697 	0.98323591 	0.99973297 	0.99988308 	0.99997239 	0.70667175 	0.99989414 	0.99196628 	0.98938131 	0.99913499 	0.99954166 	0.94813663 	0.99702347 	
0.99294386 	0.99992493 	0.99608150 	0.99894697 	0.98323591 	0.99973297 	0.99988308 	0.99997239 	0.70667175 	0.99989414 	0.99196628 	0.98938131 	0.99913499 	0.99954166 	0.94813663 	0.99702347 	
0.99294386 	0.99992493 	0.99608150 	0.99894697 	0.98323591 	0.99973297 	0.99988308 	0.99997239 	0.70445330 	0.99989414 	0.99196628 	0.98938131 	0.99913499 	0.99954166 	0.94813663 	0.99702347 	
0.99294386 	0.99992493 	0.99608150 	0.99894697 	0.98323591 	0.99973297 	0.99988308 	0.99997239 	0.70445330 	0.99808518 	0.99196628 	0.98938131 	0.99913499 	0.99954166 	0.94813663 	0.99702347 	
0.99294386 	0.99992493 	0.99608150 	0.99894697 	0.98323591 	0.99973297 	0.99988308 	0.99997239 	0.70445330 	0.99808518 	0.99196628 	0.98938131 	0.99913499 	0.99954166 	0.94813663 	0.99702347 	
0.99294386 	0.99992493 	0.99608150 	0.99894697 	0.98323591 	0.99973297 	0.99988308 	0.99997239 	0.70445330 	0.99808518 	0.99196628 	0.99403717 	0.99913499 	0.99954166 	0.94813663 	0.99702347 	
0.99294386 	0.99992493 	0.99608150 	0.99894697 	0.98323591 	0.99973297 	0.99988308 	0.99997239 	0.70445330 	0.99808518 	0.99196628 	0.99403717 	0.99945122 	0.99954166 	0.94813663 	0.99702347 	
0.99294386 	0.99992493 	0.99608150 	0.99894697 	0.98323591 	0.99973297 	0.99988308 	0.99997239 	0.70445330 	0.99808518 	0.99196628 	0.99403717 	0.99945122 	0.99999224 	0.94813663 	0.99702347 	
0.99294386 	0.99992493 	0.99608150 	0.99894697 	0.98323591 	0.99973297 	0.99988308 	0.99997239 	0.70445330 	0.99808518 	0.99196628 	0.99403717 	0.99945122 	0.99999224 	0.98082093 	0.99702347 	
0.99294386 	0.99992493 	0.99608150 	0.99894697 	0.98323591 	0.99973297 	0.99988308 	0.99997239 	0.70445330 	0.99808518 	0.99196628 	0.99403717 	0.99945122 	0.99999224 	0.98082093 	0.99739617 	
0.99059571 	0.99992493 	0.99608150 	0.99894697 	0.98323591 	0.99973297 	0.99988308 	0.99997239 	0.70445330 	0.99808518 	0.99196628 	0.99403717 	0.99945122 	0.99999224 	0.98082093 	0.99739617 	
0.99059571 	0.99999405 	0.99608150 	0.99894697 	0.98323591 	0.99973297 	0.99988308 	0.99997239 	0.70445330 	0.99808518 	0.99196628 	0.99403717 	0.99945122 	0.99999224 	0.98082093 	0.99739617 	
0.99059571 	0.99999405 	0.99966738 	0.99894697 	0.98323591 	0.99973297 	0.99988308 	0.99997239 	0.70445330 	0.99808518 	0.99196628 	0.99403717 	0.99945122 	0.99999224 	0.98082093 	0.99739617 	
0.99059571 	0.99999405 	0.99966738 	0.99987960 	0.98323591 	0.99973297 	0.99988308 	0.99997239 	0.70445330 	0.99808518 	0.99196628 	0.99403717 	0.99945122 	0.99999224 	0.98082093 	0.99739617 	
0.99059571 	0.99999405 	0.99966738 	0.99987960 	0.98450973 	0.99973297 	0.99988308 	0.99997239 	0.70445330 	0.99808518 	0.99196628 	0.99403717 	0.99945122 	0.99999224 	0.98082093 	0.99739617 	
0.99059571 	0.99999405 	0.99966738 	0.99987960 	0.98450973 	0.99771833 	0.99988308 	0.99997239 	0.70445330 	0.99808518 	0.99196628 	0.99403717 	0.99945122 	0.99999224 	0.98082093 	0.99739617 	
0.99059571 	0.99999405 	0.99966738 	0.99987960 	0.98450973 	0.99771833 	0.99988308 	0.99997239 	0.70445330 	0.99808518 	0.99196628 	0.99403717 	0.99945122 	0.99999224 	0.98082093 	0.99739617 	
0.99059571 	0.99999405 	0.99966738 	0.99987960 	0.98450973 	0.99771833 	0.99988308 	0.99997239 	0.70445330 	0.99808518 	0.99196628 	0.99403717 	0.99945122 	0.99999224 	0.98082093 	0.99739617 	
0.99059571 	0.99999405 	0.99966738 	0.99987960 	0.98450973 	0.99771833 	0.99988308 	0.99997239 	0.70191447 	0.99808518 	0.99196628 	0.99403717 	0.99945122 	0.99999224 	0.98082093 	0.99739617 	
0.99059571 	0.99999405 	0.99966738 	0.99987960 	0.98450973 	0.99771833 	0.99988308 	0.99997239 	0.70191447 	0.99623420 	0.99196628 	0.99403717 	0.99945122 	0.99999224 	0.98082093 	0.99739617 	
0.99059571 	0.99999405 	0.99966738 	0.99987960 	0.98450973 	0.99771833 	0.99988308 	0.99997239 	0.70191447 	0.99623420 	0.99092808 	0.99403717 	0.99945122 	0.99999224 	0.98082093 	0.99739617 	
0.99059571 	0.99999405 	0.99966738 	0.99987960 	0.98450973 	0.99771833 	0.99988308 	0.99997239 	0.70191447 	0.99623420 	0.99092808 	0.99635745 	0.99945122 	0.99999224 	0.98082093 	0.99739617 	
0.99059571 	0.99999405 	0.99966738 	0.99987960 	0.98450973 	0.99771833 	0.99988308 	0.99997239 	0.70191447 	0.99623420 	0.99092808 	0.99635745 	0.99986913 	0.99999224 	0.98082093 	0.99739617 	
0.99059571 	0.99999405 	0.99966738 	0.99987960 	0.98450973 	0.99771833 	0.99988308 	0.99997239 	0.70191447 	0.99623420 	0.99092808 	0.99635745 	0.99986913 	0.99999224 	0.98082093 	0.99739617 	
0.99059571 	0.99999405 	0.99966738 	0.99987960 	0.98450973 	0.99771833 	0.99988308 	0.99997239 	0.70191447 	0.99623420 	0.99092808 	0.99635745 	0.99986913 	0.99999224 	0.98230422 	0.99739617 	
0.99059571 	0.99999405 	0.99966738 	0.99987960 	0.98450973 	0.99771833 	0.99988308 	0.99997239 	0.70191447 	0.99623420 	0.99092808 	0.99635745 	0.99986913 	0.99999224 	0.98230422 	0.99760994 	
0.99059571 	0.99999405 	0.99966738 	0.99987960 	0.98450973 	0.99771833 	0.99988308 	0.99997239 	0.70191447 	0.99623420 	0.99092808 	0.99635745 	0.99986913 	0.99999224 	0.98230422 	0.99760994 	
0.99059571 	0.99999994 	0.99966738 	0.99987960 	0.98450973 	0.99771833 	0.99988308 	0.99997239 	0.70191447 	0.99623420 	0.99092808 	0.99635745 	0.99986913 	0.99999224 	0.98230422 	0.99760994 	
0.99059571 	0.99999994 	0.99966738 	0.99987960 	0.98450973 	0.99771833 	0.99988308 	0.99997239 	0.70191447 	0.99623420 	0.99092808 	0.99635745 	0.99986913 	0.99999224 	0.98230422 	0.99760994 	
0.99059571 	0.99999994 	0.99966738 	0.99987960 	0.98450973 	0.99771833 	0.99988308 	0.99997239 	0.70191447 	0.99623420 	0.99092808 	0.99635745 	0.99986913 	0.99999224 	0.98230422 	0.99760994 	
0.99059571 	0.99999994 	0.99966738 	0.99987960 	0.98450973 	0.99771833 	0.99988308 	0.99997239 	0.70191447 	0.99623420 	0.99092808 	0.99635745 	0.99986913 	0.99999224 	0.98230422 	0.99760994 	
0.99059571 	0.99999994 	0.99966738 	0.99987960 	0.98450973 	0.99771745 	0.99988308 	0.99997239 	0.70191447 	0.99623420 	0.99092808 	0.99635745 	0.99986913 	0.99999224 	0.98230422 	0.99760994 	
0.99059571 	0.99999994 	0.99966738 	0.99987960 	0.98450973 	0.99771745 	0.99992019 	0.99997239 	0.70191447 	0.99623420 	0.99092808 	0.99635745 	0.99986913 	0.99999224 	0.98230422 	0.99760994 	
0.99059571 	0.99999994 	0.99966738 	0.99987960 	0.98450973 	0.99771745 	0.99992019 	0.99997239 	0.70191447 	0.99623420 	0.99092808 	0.99635745 	0.99986913 	0.99999224 	0.98230422 	0.99760994 	
0.99059571 	0.99999994 	0.99966738 	0.99987960 	0.98450973 	0.99771745 	0.99992019 	0.99997239 	0.70173940 	0.99623420 	0.99092808 	0.99635745 	0.99986913 	0.99999224 	0.98230422 	0.99760994 	
0.99059571 	0.99999994 	0.99966738 	0.99987960 	0.98450973 	0.99771745 	0.99992019 	0.99997239 	0.70173940 	0.99623420 	0.99092808 	0.99635745 	0.99986913 	0.99999224 	0.98230422 	0.99760994 	
0.99059571 	0.99999994 	0.99966738 	0.99987960 	0.98450973 	0.99771745 	0.99992019 	0.99997239 	0.70173940 	0.99623420 	0.99092808 	0.99635745 	0.99986913 	0.99999224 	0.98230422 	0.99760994 	
0.99059571 	0.99999994 	0.99966738 	0.99987960 	0.98450973 	0.99771745 	0.99992019 	0.99997239 	0.70173940 	0.99623420 	0.99092808 	0.99635745 	0.99986913 	0.99999224 	0.98230422 	0.99760994 	
0.99059571 	0.99999994 	0.99966738 	0.99987960 	0.98450973 	0.99771745 	0.99992019 	0.99997239 	0.70173940 	0.99623420 	0.99092808 	0.99635745 	0.99986913 	0.99999224 	0.98230422 	0.99760994 	
0.99059571 	0.99999994 	0.99966738 	0.99987960 	0.98450973 	0.99771745 	0.99992019 	0.99997239 	0.70173940 	0.99623420 	0.99092808 	0.99635745 	0.99986913 	0.99999224 	0.98230422 	0.99760994 	
0.99059571 	0.99999994 	0.99966738 	0.99987960 	0.98450973 	0.99771745 	0.99992019 	0.99997239 	0.70173940 	0.99623420 	0.99092808 	0.99635745 	0.99986913 	0.99999224 	0.98259526 	0.99760994 	
0.99059571 	0.99999994 	0.99966738 	0.99987960 	0.98450973 	0.99771745 	0.99992019 	0.99997239 	0.70173940 	0.99623420 	0.99092808 	0.99635745 	0.99986913 	0.99999224 	0.98259526 	0.99928409 	
0.99002026 	0.99999994 	0.99966738 	0.99987960 	0.98450973 	0.99771745 	0.99992019 	0.99997239 	0.70173940 	0.99623420 	0.99092808 	0.99635745 	0.99986913 	0.99999224 	0.98259526 	0.99928409 	
0.99002026 	0.99999994 	0.99966738 	0.99987960 	0.98450973 	0.99771745 	0.99992019 	0.99997239 	0.70173940 	0.99623420 	0.99092808 	0.99635745 	0.99986913 	0.99999224 	0.98259526 	0.99928409 	
0.99002026 	0.99999994 	0.99996190 	0.99987960 	0.98450973 	0.99771745 	0.99992019 	0.99997239 	0.70173940 	0.99623420 	0.99092808 	0.99635745 	0.99986913 	0.99999224 	0.98259526 	0.99928409 	
0.99002026 	0.99999994 	0.99996190 	0.99992553 	0.98450973 	0.99771745 	0.99992019 	0.99997239 	0.70173940 	0.99623420 	0.99092808 	0.99635745 	0.99986913 	0.99999224 	0.98259526 	0.99928409 	
0.99002026 	0.99999994 	0.99996190 	0.99992553 	0.98450973 	0.99771745 	0.99992019 	0.99997239 	0.70173940 	0.99623420 	0.99092808 	0.99635745 	0.99986913 	0.99999224 	0.98259526 	0.99928409 	
0.99002026 	0.99999994 	0.99996190 	0.99992553 	0.98450973 	0.99770835 	0.99992019 	0.99997239 	0.70173940 	0.99623420 	0.99092808 	0.99635745 	0.99986913 	0.99999224 	0.98259526 	0.99928409 	
0.99002026 	0.99999994 	0.99996190 	0.99992553 	0.98450973 	0.99770835 	0.99992019 	0.99997239 	0.70173940 	0.99623420 	0.99092808 	0.99635745 	0.99986913 	0.99999224 	0.98259526 	0.99928409 	
0.99002026 	0.99999994 	0.99996190 	0.99992553 	0.98450973 	0.99770835 	0.99992019 	0.99997239 	0.70173940 	0.99623420 	0.99092808 	0.99635745 	0.99986913 	0.99999224 	0.98259526 	0.99928409 	
0.99002026 	0.99999994 	0.99996190 	0.99992553 	0.98450973 	0.99770835 	0.99992019 	0.99997239 	0.70173094 	0.99623420 	0.99092808 	0.99635745 	0.99986913 	0.99999224 	0.98259526 	0.99928409 	
0.99002026 	0.99999994 	0.99996190 	0.99992553 	0.98450973 	0.99770835 	0.99992019 	0.99997239 	0.70173094 	0.99623420 	0.99092808 	0.99635745 	0.99986913 	0.99999224 	0.98259526 	0.99928409 	
0.99002026 	0.99999994 	0.99996190 	0.99992553 	0.98450973 	0.99770835 	0.99992019 	0.99997239 	0.70173094 	0.99623420 	0.99092808 	0.99635745 	0.99986913 	0.99999224 	0.98259526 	0.99928409 	
0.99002026 	0.99999994 	0.99996190 	0.99992553 	0.98450973 	0.99770835 	0.99992019 	0.99997239 	0.70173094 	0.99623420 	0.99092808 	0.99589228 	0.99986913 	0.99999224 	0.98259526 	0.99928409 	
0.99002026 	0.99999994 	0.99996190 	0.99992553 	0.98450973 	0.99770835 	0.99992019 	0.99997239 	0.70173094 	0.99623420 	0.99092808 	0.99589228 	0.99999728 	0.99999224 	0.98259526 	0.99928409 	
0.99002026 	0.99999994 	0.99996190 	0.99992553 	0.98450973 	0.99770835 	0.99992019 	0.99997239 	0.70173094 	0.99623420 	0.99092808 	0.99589228 	0.99999728 	0.99999224 	0.98259526 	0.99928409 	
0.99002026 	0.99999994 	0.99996190 	0.99992553 	0.98450973 	0.99770835 	0.99992019 	0.99997239 	0.70173094 	0.99623420 	0.99092808 	0.99589228 	0.99999728 	0.99999224 	0.99734365 	0.99928409 	
0.99002026 	0.99999994 	0.99996190 	0.99992553 	0.98450973 	0.99770835 	0.99992019 	0.99997239 	0.70173094 	0.99623420 	0.99092808 	0.99589228 	0.99999728 	0.99999224 	0.99734365 	0.99928409 	
0.99030901 	0.99999994 	0.99996190 	0.99992553 	0.98450973 	0.99770835 	0.99992019 	0.99997239 	0.70173094 	0.99623420 	0.99092808 	0.99589228 	0.99999728 	0.99999224 	0.99734365 	0.99928409 	
0.99030901 	0.99999994 	0.99996190 	0.99992553 	0.98450973 	0.99770835 	0.99992019 	0.99997239 	0.70173094 	0.99623420 	0.99092808 	0.99589228 	0.99999728 	0.99999224 	0.99734365 	0.99928409 	
0.99030901 	0.99999994 	0.99999984 	0.99992553 	0.98450973 	0.99770835 	0.99992019 	0.99997239 	0.70173094 	0.99623420 	0.99092808 	0.99589228 	0.99999728 	0.99999224 	0.99734365 	0.99928409 	
0.99030901 	0.99999994 	0.99999984 	0.99992553 	0.98450973 	0.99770835 	0.99992019 	0.99997239 	0.70173094 	0.99623420 	0.99092808 	0.99589228 	0.99999728 	0.99999224 	0.99734365 	0.99928409 	
0.99030901 	0.99999994 	0.99999984 	0.99992553 	0.98450973 	0.99770835 	0.99992019 	0.99997239 	0.70173094 	0.99623420 	0.99092808 	0.99589228 	0.99999728 	0.99999224 	0.99734365 	0.99928409 	
0.99030901 	0.99999994 	0.99999984 	0.99992553 	0.98450973 	0.99469755 	0.99992019 	0.99997239 	0.70173094 	0.99623420 	0.99092808 	0.99589228 	0.99999728 	0.99999224 	0.99734365 	0.99928409 	
0.99030901 	0.99999994 	0.99999984 	0.99992553 	0.98450973 	0.99469755 	0.99992019 	0.99997239 	0.70173094 	0.99623420 	0.99092808 	0.99589228 	0.99999728 	0.99999224 	0.99734365 	0.99928409 	
0.99030901 	0.99999994 	0.99999984 	0.99992553 	0.98450973 	0.99469755 	0.99992019 	0.99998229 	0.70173094 	0.99623420 	0.99092808 	0.99589228 	0.99999728 	0.99999224 	0.99734365 	0.99928409 	
0.99030901 	0.99999994 	0.99999984 	0.99992553 	0.98450973 	0.99469755 	0.99992019 	0.99998229 	0.70002816 	0.99623420 	0.99092808 	0.99589228 	0.99999728 	0.99999224 	0.99734365 	0.99928409 	
0.99030901 	0.99999994 	0.99999984 	0.99992553 	0.98450973 	0.99469755 	0.99992019 	0.99998229 	0.70002816 	0.99365069 	0.99092808 	0.99589228 	0.99999728 	0.99999224 	0.99734365 	0.99928409 	
0.99030901 	0.99999994 	0.99999984 	0.99992553 	0.98450973 	0.99469755 	0.99992019 	0.99998229 	0.70002816 	0.99365069 	0.99092808 	0.99589228 	0.99999728 	0.99999224 	0.99734365 	0.99928409 	
0.99030901 	0.99999994 	0.99999984 	0.99992553 	0.98450973 	0.99469755 	0.99992019 	0.99998229 	0.70002816 	0.99365069 	0.99092808 	0.99587360 	0.99999728 	0.99999224 	0.99734365 	0.99928409 	
0.99030901 	0.99999994 	0.99999984 	0.99992553 	0.98450973 	0.99469755 	0.99992019 	0.99998229 	0.70002816 	0.99365069 	0.99092808 	0.99587360 	0.99999728 	0.99999224 	0.99734365 	0.99928409 	
0.99030901 	0.99999994 	0.99999984 	0.99992553 	0.98450973 	0.99469755 	0.99992019 	0.99998229 	0.70002816 	0.99365069 	0.99092808 	0.99587360 	0.99999728 	0.99999224 	0.99734365 	0.99928409 	
0.99030901 	0.99999994 	0.99999984 	0.99992553 	0.98450973 	0.99469755 	0.99992019 	0.99998229 	0.70002816 	0.99365069 	0.99092808 	0.99587360 	0.99999728 	0.99999224 	0.99734690 	0.99928409 	
0.99030901 	0.99999994 	0.99999984 	0.99992553 	0.98450973 	0.99469755 	0.99992019 	0.99998229 	0.70002816 	0.99365069 	0.99092808 	0.99587360 	0.99999728 	0.99999224 	0.99734690 	0.99998047 	
0.99030901 	0.99999994 	0.99999984 	0.99992553 	0.98450973 	0.99469755 	0.99992019 	0.99998229 	0.70002816 	0.99365069 	0.99092808 	0.99587360 	0.99999728 	0.99999224 	0.99734690 	0.99998047 	
0.99030901 	0.99999994 	0.99999984 	0.99992553 	0.98450973 	0.99469755 	0.99992019 	0.99998229 	0.70002816 	0.99365069 	0.99092808 	0.99587360 	0.99999728 	0.99999224 	0.99734690 	0.99998047 	
0.99030901 	0.99999994 	0.99999318 	0.99992553 	0.98450973 	0.99469755 	0.99992019 	0.99998229 	0.70002816 	0.99365069 	0.99092808 	0.99587360 	0.99999728 	0.99999224 	0.99734690 	0.99998047 	
0.99030901 	0.99999994 	0.99999318 	0.99994111 	0.98450973 	0.99469755 	0.99992019 	0.99998229 	0.70002816 	0.99365069 	0.99092808 	0.99587360 	0.99999728 	0.99999224 	0.99734690 	0.99998047 	
0.99030901 	0.99999994 	0.99999318 	0.99994111 	0.98450973 	0.99469755 	0.99992019 	0.99998229 	0.70002816 	0.99365069 	0.99092808 	0.99587360 	0.99999728 	0.99999224 	0.99734690 	0.99998047 	
0.99030901 	0.99999994 	0.99999318 	0.99994111 	0.98450973 	0.99562122 	0.99992019 	0.99998229 	0.70002816 	0.99365069 	0.99092808 	0.99587360 	0.99999728 	0.99999224 	0.99734690 	0.99998047 	
0.99030901 	0.99999994 	0.99999318 	0.99994111 	0.98450973 	0.99562122 	0.99992019 	0.99998229 	0.70002816 	0.99365069 	0.99092808 	0.99587360 	0.99999728 	0.99999224 	0.99734690 	0.99998047 	
0.99030901 	0.99999994 	0.99999318 	0.99994111 	0.98450973 	0.99562122 	0.99992019 	0.99998229 	0.70002816 	0.99365069 	0.99092808 	0.99587360 	0.99999728 	0.99999224 	0.99734690 	0.99998047 	
0.99030901 	0.99999994 	0.99999318 	0.99994111 	0.98450973 	0.99562122 	0.99992019 	0.99998229 	0.69976085 	0.99365069 	0.99092808 	0.99587360 	0.99999728 	0.99999224 	0.99734690 	0.99998047 	
0.99030901 	0.99999994 	0.99999318 	0.99994111 	0.98450973 	0.99562122 	0.99992019 	0.99998229 	0.69976085 	0.99369848 	0.99092808 	0.99587360 	0.99999728 	0.99999224 	0.99734690 	0.99998047 	
0.99030901 	0.99999994 	0.99999318 	0.99994111 	0.98450973 	0.99562122 	0.99992019 	0.99998229 	0.69976085 	0.99369848 	0.99092808 	0.99587360 	0.99999728 	0.99999224 	0.99734690 	0.99998047 	
0.99030901 	0.99999994 	0.99999318 	0.99994111 	0.98450973 	0.99562122 	0.99992019 	0.99998229 	0.69976085 	0.99369848 	0.99092808 	0.99533495 	0.99999728 	0.99999224 	0.99734690 	0.99998047 	
0.99030901 	0.99999994 	0.99999318 	0.99994111 	0.98450973 	0.99562122 	0.99992019 	0.99998229 	0.69976085 	0.99369848 	0.99092808 	0.99533495 	0.99999728 	0.99999224 	0.99734690 	0.99998047 	
0.99030901 	0.99999994 	0.99999318 	0.99994111 	0.98450973 	0.99562122 	0.99992019 	0.99998229 	0.69976085 	0.99369848 	0.99092808 	0.99533495 	0.99999728 	0.99999224 	0.99734690 	0.99998047 	
0.99030901 	0.99999994 	0.99999318 	0.99994111 	0.98450973 	0.99562122 	0.99992019 	0.99998229 	0.69976085 	0.99369848 	0.99092808 	0.99533495 	0.99999728 	0.99999224 	0.99741535 	0.99998047 	
0.99030901 	0.99999994 	0.99999318 	0.99994111 	0.98450973 	0.99562122 	0.99992019 	0.99998229 	0.69976085 	0.99369848 	0.99092808 	0.99533495 	0.99999728 	0.99999224 	0.99741535 	0.99998047 	
0.99046053 	0.99999994 	0.99999318 	0.99994111 	0.98450973 	0.99562122 	0.99992019 	0.99998229 	0.69976085 	0.99369848 	0.99092808 	0.99533495 	0.99999728 	0.99999224 	0.99741535 	0.99998047 	
0.99046053 	0.99999994 	0.99999318 	0.99994111 	0.98450973 	0.99562122 	0.99992019 	0.99998229 	0.69976085 	0.99369848 	0.99092808 	0.99533495 	0.99999728 	0.99999224 	0.99741535 	0.99998047 	
0.99046053 	0.99999994 	0.99999001 	0.99994111 	0.98450973 	0.99562122 	0.99992019 	0.99998229 	0.69976085 	0.99369848 	0.99092808 	0.99533495 	0.99999728 	0.99999224 	0.99741535 	0.99998047 	
0.99046053 	0.99999994 	0.99999001 	0.99994111 	0.98450973 	0.99562122 	0.99992019 	0.99998229 	0.69976085 	0.99369848 	0.99092808 	0.99533495 	0.99999728 	0.99999224 	0.99741535 	0.99998047 	
0.99046053 	0.99999994 	0.99999001 	0.99994111 	0.98454387 	0.99562122 	0.99992019 	0.99998229 	0.69976085 	0.99369848 	0.99092808 	0.99533495 	0.99999728 	0.99999224 	0.99741535 	0.99998047 	
0.99046053 	0.99999994 	0.99999001 	0.99994111 	0.98454387 	0.99562122 	0.99992019 	0.99998229 	0.69976085 	0.99369848 	0.99092808 	0.99533495 	0.99999728 	0.99999224 	0.99741535 	0.99998047 	
0.99046053 	0.99999994 	0.99999001 	0.99994111 	0.98454387 	0.99562122 	0.99992019 	0.99998229 	0.69976085 	0.99369848 	0.99092808 	0.99533495 	0.99999728 	0.99999224 	0.99741535 	0.99998047 	
0.99046053 	0.99999994 	0.99999001 	0.99994111 	0.98454387 	0.99562122 	0.99992019 	0.99998229 	0.69976085 	0.99369848 	0.99092808 	0.99533495 	0.99999728 	0.99999224 	0.99741535 	0.99998047 	
0.99046053 	0.99999994 	0.99999001 	0.99994111 	0.98454387 	0.99562122 	0.99992019 	0.99998229 	0.69976085 	0.99369848 	0.99092808 	0.99533495 	0.99999728 	0.99999224 	0.99741535 	0.99998047 	
0.99046053 	0.99999994 	0.99999001 	0.99994111 	0.98454387 	0.99562122 	0.99992019 	0.99998229 	0.69976085 	0.99375494 	0.99092808 	0.99533495 	0.99999728 	0.99999224 	0.99741535 	0.99998047 	
0.99046053 	0.99999994 	0.99999001 	0.99994111 	0.98454387 	0.99562122 	0.99992019 	0.99998229 	0.69976085 	0.99375494 	0.99089259 	0.99533495 	0.99999728 	0.99999224 	0.99741535 	0.99998047 	
0.99046053 	0.99999994 	0.99999001 	0.99994111 	0.98454387 	0.99562122 	0.99992019 	0.99998229 	0.69976085 	0.99375494 	0.99089259 	0.99533495 	0.99999728 	0.99999224 	0.99741535 	0.99998047 	
0.99046053 	0.99999994 	0.99999001 	0.99994111 	0.98454387 	0.99562122 	0.99992019 	0.99998229 	0.69976085 	0.99375494 	0.99089259 	0.99533495 	0.99999728 	0.99999224 	0.99741535 	0.99998047 	
0.99046053 	0.99999994 	0.99999001 	0.99994111 	0.98454387 	0.99562122 	0.99992019 	0.99998229 	0.69976085 	0.99375494 	0.99089259 	0.99533495 	0.99999728 	0.99999224 	0.99741535 	0.99998047 	
0.99046053 	0.99999994 	0.99999001 	0.99994111 	0.98454387 	0.99562122 	0.99992019 	0.99998229 	0.69976085 	0.99375494 	0.99089259 	0.99533495 	0.99999728 	0.99999224 	0.99764661 	0.99998047 	
0.99046053 	0.99999994 	0.99999001 	0.99994111 	0.98454387 	0.99562122 	0.99992019 	0.99998229 	0.69976085 	0.99375494 	0.99089259 	0.99533495 	0.99999728 	0.99999224 	0.99764661 	0.99998047 	
0.99046053 	0.99999994 	0.99999001 	0.99994111 	0.98454387 	0.99562122 	0.99992019 	0.99998229 	0.69976085 	0.99375494 	0.99089259 	0.99533495 	0.99999728 	0.99999224 	0.99764661 	0.99998047 	
0.99046053 	0.99999994 	0.99999001 	0.99994111 	0.98454387 	0.99562122 	0.99992019 	0.99998229 	0.69976085 	0.99375494 	0.99089259 	0.99533495 	0.99999728 	0.99999224 	0.99764661 	0.99998047 	
0.99046053 	0.99999994 	0.99998213 	0.99994111 	0.98454387 	0.99562122 	0.99992019 	0.99998229 	0.69976085 	0.99375494 	0.99089259 	0.99533495 	0.99999728 	0.99999224 	0.99764661 	0.99998047 	
0.99046053 	0.99999994 	0.99998213 	0.99995023 	0.98454387 	0.99562122 	0.99992019 	0.99998229 	0.69976085 	0.99375494 	0.99089259 	0.99533495 	0.99999728 	0.99999224 	0.99764661 	0.99998047 	
0.99046053 	0.99999994 	0.99998213 	0.99995023 	0.98457698 	0.99562122 	0.99992019 	0.99998229 	0.69976085 	0.99375494 	0.99089259 	0.99533495 	0.99999728 	0.99999224 	0.99764661 	0.99998047 	
0.99046053 	0.99999994 	0.99998213 	0.99995023 	0.98457698 	0.99562122 	0.99992019 	0.99998229 	0.69976085 	0.99375494 	0.99089259 	0.99533495 	0.99999728 	0.99999224 	0.99764661 	0.99998047 	
0.99046053 	0.99999994 	0.99998213 	0.99995023 	0.98457698 	0.99562122 	0.99992019 	0.99998229 	0.69976085 	0.99375494 	0.99089259 	0.99533495 	0.99999728 	0.99999224 	0.99764661 	0.99998047 	
0.99046053 	0.99999994 	0.99998213 	0.99995023 	0.98457698 	0.99562122 	0.99992019 	0.99999477 	0.69976085 	0.99375494 	0.99089259 	0.99533495 	0.99999728 	0.99999224 	0.99764661 	0.99998047 	
0.99046053 	0.99999994 	0.99998213 	0.99995023 	0.98457698 	0.99562122 	0.99992019 	0.99999477 	0.69959041 	0.99375494 	0.99089259 	0.99533495 	0.99999728 	0.99999224 	0.99764661 	0.99998047 	
0.99046053 	0.99999994 	0.99998213 	0.99995023 	0.98457698 	0.99562122 	0.99992019 	0.99999477 	0.69959041 	0.99385238 	0.99089259 	0.99533495 	0.99999728 	0.99999224 	0.99764661 	0.99998047 	
0.99046053 	0.99999994 	0.99998213 	0.99995023 	0.98457698 	0.99562122 	0.99992019 	0.99999477 	0.69959041 	0.99385238 	0.99089259 	0.99533495 	0.99999728 	0.99999224 	0.99764661 	0.99998047 	
0.99046053 	0.99999994 	0.99998213 	0.99995023 	0.98457698 	0.99562122 	0.99992019 	0.99999477 	0.69959041 	0.99385238 	0.99089259 	0.99533495 	0.99999728 	0.99999224 	0.99764661 	0.99998047 	
0.99046053 	0.99999994 	0.99998213 	0.99995023 	0.98457698 	0.99562122 	0.99992019 	0.99999477 	0.69959041 	0.99385238 	0.99089259 	0.99533495 	0.99999901 	0.99999224 	0.99764661 	0.99998047 	
0.99046053 	0.99999994 	0.99998213 	0.99995023 	0.98457698 	0.99562122 	0.99992019 	0.99999477 	0.69959041 	0.99385238 	0.99089259 	0.99533495 	0.99999901 	0.99999667 	0.99764661 	0.99998047 	
0.99046053 	0.99999994 	0.99998213 	0.99995023 	0.98457698 	0.99562122 	0.99992019 	0.99999477 	0.69959041 	0.99385238 	0.99089259 	0.99533495 	0.99999901 	0.99999667 	0.99764661 	0.99998047 	
0.99046053 	0.99999994 	0.99998213 	0.99995023 	0.98457698 	0.99562122 	0.99992019 	0.99999477 	0.69959041 	0.99385238 	0.99089259 	0.99533495 	0.99999901 	0.99999667 	0.99764661 	0.99998047 	
0.99041077 	0.99999994 	0.99998213 	0.99995023 	0.98457698 	0.99562122 	0.99992019 	0.99999477 	0.69959041 	0.99385238 	0.99089259 	0.99533495 	0.99999901 	0.99999667 	0.99764661 	0.99998047 	
0.99041077 	0.99999994 	0.99998213 	0.99995023 	0.98457698 	0.99562122 	0.99992019 	0.99999477 	0.69959041 	0.99385238 	0.99089259 	0.99533495 	0.99999901 	0.99999667 	0.99764661 	0.99998047 	
0.99041077 	0.99999994 	0.99998213 	0.99995023 	0.98457698 	0.99562122 	0.99992019 	0.99999477 	0.69959041 	0.99385238 	0.99089259 	0.99533495 	0.99999901 	0.99999667 	0.99764661 	0.99998047 	
0.99041077 	0.99999994 	0.99998213 	0.99995028 	0.98457698 	0.99562122 	0.99992019 	0.99999477 	0.69959041 	0.99385238 	0.99089259 	0.99533495 	0.99999901 	0.99999667 	0.99764661 	0.99998047 	
0.99041077 	0.99999994 	0.99998213 	0.99995028 	0.98457698 	0.99562122 	0.99992019 	0.99999477 	0.69959041 	0.99385238 	0.99089259 	0.99533495 	0.99999901 	0.99999667 	0.99764661 	0.99998047 	
0.99041077 	0.99999994 	0.99998213 	0.99995028 	0.98457698 	0.99562122 	0.99992019 	0.99999477 	0.69959041 	0.99385238 	0.99089259 	0.99533495 	0.99999901 	0.99999667 	0.99764661 	0.99998047 	
0.99041077 	0.99999994 	0.99998213 	0.99995028 	0.98457698 	0.99562122 	0.99992019 	0.99999477 	0.69959041 	0.99385238 	0.99089259 	0.99533495 	0.99999901 	0.99999667 	0.99764661 	0.99998047 	
0.99041077 	0.99999994 	0.99998213 	0.99995028 	0.98457698 	0.99562122 	0.99992019 	0.99999477 	0.69959041 	0.99385238 	0.99089259 	0.99533495 	0.99999901 	0.99999667 	0.99764661 	0.99998047 	
0.99041077 	0.99999994 	0.99998213 	0.99995028 	0.98457698 	0.99562122 	0.99992019 	0.99999477 	0.69959041 	0.99385238 	0.99089259 	0.99533495 	0.99999901 	0.99999667 	0.99764661 	0.99998047 	
0.99041077 	0.99999994 	0.99998213 	0.99995028 	0.98457698 	0.99562122 	0.99992019 	0.99999477 	0.69959041 	0.99399015 	0.99089259 	0.99533495 	0.99999901 	0.99999667 	0.99764661 	0.99998047 	
0.99041077 	0.99999994 	0.99998213 	0.99995028 	0.98457698 	0.99562122 	0.99992019 	0.99999477 	0.69959041 	0.99399015 	0.99056140 	0.99533495 	0.99999901 	0.99999667 	0.99764661 	0.99998047 	
0.99041077 	0.99999994 	0.99998213 	0.99995028 	0.98457698 	0.99562122 	0.99992019 	0.99999477 	0.69959041 	0.99399015 	0.99056140 	0.99556448 	0.99999901 	0.99999667 	0.99764661 	0.99998047 	
0.99041077 	0.99999994 	0.99998213 	0.99995028 	0.98457698 	0.99562122 	0.99992019 	0.99999477 	0.69959041 	0.99399015 	0.99056140 	0.99556448 	0.99999901 	0.99999667 	0.99764661 	0.99998047 	
0.99041077 	0.99999994 	0.99998213 	0.99995028 	0.98457698 	0.99562122 	0.99992019 	0.99999477 	0.69959041 	0.99399015 	0.99056140 	0.99556448 	0.99999901 	0.99999667 	0.99764661 	0.99998047 	
0.99041077 	0.99999994 	0.99998213 	0.99995028 	0.98457698 	0.99562122 	0.99992019 	0.99999477 	0.69959041 	0.99399015 	0.99056140 	0.99556448 	0.99999901 	0.99999667 	0.99982178 	0.99998047 	
0.99041077 	0.99999994 	0.99998213 	0.99995028 	0.98457698 	0.99562122 	0.99992019 	0.99999477 	0.69959041 	0.99399015 	0.99056140 	0.99556448 	0.99999901 	0.99999667 	0.99982178 	0.99998084 	
0.99041077 	0.99999994 	0.99998213 	0.99995028 	0.98457698 	0.99562122 	0.99992019 	0.99999477 	0.69959041 	0.99399015 	0.99056140 	0.99556448 	0.99999901 	0.99999667 	0.99982178 	0.99998084 	
0.99041077 	0.99999994 	0.99998213 	0.99995028 	0.98457698 	0.99562122 	0.99992019 	0.99999477 	0.69959041 	0.99399015 	0.99056140 	0.99556448 	0.99999901 	0.99999667 	0.99982178 	0.99998084 	
0.99041077 	0.99999994 	0.99979035 	0.99995028 	0.98457698 	0.99562122 	0.99992019 	0.99999477 	0.69959041 	0.99399015 	0.99056140 	0.99556448 	0.99999901 	0.99999667 	0.99982178 	0.99998084 	
0.99041077 	0.99999994 	0.99979035 	0.99995669 	0.98457698 	0.99562122 	0.99992019 	0.99999477 	0.69959041 	0.99399015 	0.99056140 	0.99556448 	0.99999901 	0.99999667 	0.99982178 	0.99998084 	
0.99041077 	0.99999994 	0.99979035 	0.99995669 	0.98470764 	0.99562122 	0.99992019 	0.99999477 	0.69959041 	0.99399015 	0.99056140 	0.99556448 	0.99999901 	0.99999667 	0.99982178 	0.99998084 	
0.99041077 	0.99999994 	0.99979035 	0.99995669 	0.98470764 	0.99512343 	0.99992019 	0.99999477 	0.69959041 	0.99399015 	0.99056140 	0.99556448 	0.99999901 	0.99999667 	0.99982178 	0.99998084 	
0.99041077 	0.99999994 	0.99979035 	0.99995669 	0.98470764 	0.99512343 	0.99999261 	0.99999477 	0.69959041 	0.99399015 	0.99056140 	0.99556448 	0.99999901 	0.99999667 	0.99982178 	0.99998084 	
0.99041077 	0.99999994 	0.99979035 	0.99995669 	0.98470764 	0.99512343 	0.99999261 	0.99999477 	0.69959041 	0.99399015 	0.99056140 	0.99556448 	0.99999901 	0.99999667 	0.99982178 	0.99998084 	
0.99041077 	0.99999994 	0.99979035 	0.99995669 	0.98470764 	0.99512343 	0.99999261 	0.99999477 	0.69959041 	0.99399015 	0.99056140 	0.99556448 	0.99999901 	0.99999667 	0.99982178 	0.99998084 	
0.99041077 	0.99999994 	0.99979035 	0.99995669 	0.98470764 	0.99512343 	0.99999261 	0.99999477 	0.69959041 	0.99399015 	0.99056140 	0.99556448 	0.99999901 	0.99999667 	0.99982178 	0.99998084 	
0.99041077 	0.99999994 	0.99979035 	0.99995669 	0.98470764 	0.99512343 	0.99999261 	0.99999477 	0.69959041 	0.99399015 	0.99056140 	0.99556448 	0.99999901 	0.99999667 	0.99982178 	0.99998084 	
0.99041077 	0.99999994 	0.99979035 	0.99995669 	0.98470764 	0.99512343 	0.99999261 	0.99999477 	0.69959041 	0.99399015 	0.99056140 	0.99556448 	0.99999901 	0.99999667 	0.99982178 	0.99998084 	
0.99041077 	0.99999994 	0.99979035 	0.99995669 	0.98470764 	0.99512343 	0.99999261 	0.99999477 	0.69959041 	0.99399015 	0.99056140 	0.99556448 	0.99999901 	0.99999667 	0.99982178 	0.99998084 	
0.99041077 	0.99999994 	0.99979035 	0.99995669 	0.98470764 	0.99512343 	0.99999261 	0.99999477 	0.69959041 	0.99399015 	0.99056140 	0.99556448 	0.99999901 	0.99999667 	0.99982178 	0.99998084 	
0.99041077 	0.99999994 	0.99979035 	0.99995669 	0.98470764 	0.99512343 	0.99999261 	0.99999477 	0.69959041 	0.99399015 	0.99056140 	0.99556448 	0.99999901 	0.99999667 	0.99982178 	0.99998084 	
0.99041077 	0.99999994 	0.99979035 	0.99995669 	0.98470764 	0.99512343 	0.99999261 	0.99999477 	0.69959041 	0.99399015 	0.99056140 	0.99556448 	0.99999901 	0.99999667 	0.99982178 	0.99998084 	
0.99041077 	0.99999994 	0.99979035 	0.99995669 	0.98470764 	0.99512343 	0.99999261 	0.99999477 	0.69959041 	0.99399015 	0.99056140 	0.99556448 	0.99999901 	0.99999667 	0.99982178 	0.99998084 	
0.99041077 	0.99999994 	0.99979035 	0.99995669 	0.98470764 	0.99512343 	0.99999261 	0.99999477 	0.69959041 	0.99399015 	0.99056140 	0.99556448 	0.99999901 	0.99999667 	0.99982178 	0.99998084 	
0.99041077 	0.99999994 	0.99979035 	0.99995669 	0.98470764 	0.99512343 	0.99999261 	0.99999477 	0.69959041 	0.99399015 	0.99056140 	0.99556448 	0.99999901 	0.99999667 	0.99982178 	0.99998084 	
0.99041077 	0.99999994 	0.99979035 	0.99998592 	0.98470764 	0.99512343 	0.99999261 	0.99999477 	0.69959041 	0.99399015 	0.99056140 	0.99556448 	0.99999901 	0.99999667 	0.99982178 	0.99998084 	
0.99041077 	0.99999994 	0.99979035 	0.99998592 	0.98470764 	0.99512343 	0.99999261 	0.99999477 	0.69959041 	0.99399015 	0.99056140 	0.99556448 	0.99999901 	0.99999667 	0.99982178 	0.99998084 	
0.99041077 	0.99999994 	0.99979035 	0.99998592 	0.98470764 	0.99512343 	0.99999261 	0.99999477 	0.69959041 	0.99399015 	0.99056140 	0.99556448 	0.99999901 	0.99999667 	0.99982178 	0.99998084 	
0.99041077 	0.99999994 	0.99979035 	0.99998592 	0.98470764 	0.99512343 	0.99999261 	0.99999477 	0.69959041 	0.99399015 	0.99056140 	0.99556448 	0.99999901 	0.99999667 	0.99982178 	0.99998084 	
0.99041077 	0.99999994 	0.99979035 	0.99998592 	0.98470764 	0.99512343 	0.99999261 	0.99999477 	0.69959041 	0.99399015 	0.99056140 	0.99556448 	0.99999901 	0.99999667 	0.99982178 	0.99998084 	
0.99041077 	0.99999994 	0.99979035 	0.99998592 	0.98470764 	0.99512343 	0.99999261 	0.99999477 	0.69959041 	0.99399015 	0.99056140 	0.99556448 	0.99999901 	0.99999667 	0.99982178 	0.99998084 	
0.99041077 	0.99999994 	0.99979035 	0.99998592 	0.98470764 	0.99512343 	0.99999261 	0.99999477 	0.69959041 	0.99416776 	0.99056140 	0.99556448 	0.99999901 	0.99999667 	0.99982178 	0.99998084 	
0.99041077 	0.99999994 	0.99979035 	0.99998592 	0.98470764 	0.99512343 	0.99999261 	0.99999477 	0.69959041 	0.99416776 	0.99054761 	0.99556448 	0.99999901 	0.99999667 	0.99982178 	0.99998084 	
0.99041077 	0.99999994 	0.99979035 	0.99998592 	0.98470764 	0.99512343 	0.99999261 	0.99999477 	0.69959041 	0.99416776 	0.99054761 	0.99556448 	0.99999901 	0.99999667 	0.99982178 	0.99998084 	
0.99041077 	0.99999994 	0.99979035 	0.99998592 	0.98470764 	0.99512343 	0.99999261 	0.99999477 	0.69959041 	0.99416776 	0.99054761 	0.99556448 	0.99999992 	0.99999667 	0.99982178 	0.99998084 	
0.99041077 	0.99999994 	0.99979035 	0.99998592 	0.98470764 	0.99512343 	0.99999261 	0.99999477 	0.69959041 	0.99416776 	0.99054761 	0.99556448 	0.99999992 	0.99999667 	0.99982178 	0.99998084 	
0.99041077 	0.99999994 	0.99979035 	0.99998592 	0.98470764 	0.99512343 	0.99999261 	0.99999477 	0.69959041 	0.99416776 	0.99054761 	0.99556448 	0.99999992 	0.99999667 	0.99982178 	0.99998084 	
0.99041077 	0.99999994 	0.99979035 	0.99998592 	0.98470764 	0.99512343 	0.99999261 	0.99999477 	0.69959041 	0.99416776 	0.99054761 	0.99556448 	0.99999992 	0.99999667 	0.99982178 	0.99999443 	
0.99041077 	0.99999994 	0.99979035 	0.99998592 	0.98470764 	0.99512343 	0.99999261 	0.99999477 	0.69959041 	0.99416776 	0.99054761 	0.99556448 	0.99999992 	0.99999667 	0.99982178 	0.99999443 	
0.99041077 	0.99999994 	0.99979035 	0.99998592 	0.98470764 	0.99512343 	0.99999261 	0.99999477 	0.69959041 	0.99416776 	0.99054761 	0.99556448 	0.99999992 	0.99999667 	0.99982178 	0.99999443 	
0.99041077 	0.99999994 	0.99979035 	0.99998592 	0.98470764 	0.99512343 	0.99999261 	0.99999477 	0.69959041 	0.99416776 	0.99054761 	0.99556448 	0.99999992 	0.99999667 	0.99982178 	0.99999443 	
0.99041077 	0.99999994 	0.99979035 	0.99999124 	0.98470764 	0.99512343 	0.99999261 	0.99999477 	0.69959041 	0.99416776 	0.99054761 	0.99556448 	0.99999992 	0.99999667 	0.99982178 	0.99999443 	
0.99041077 	0.99999994 	0.99979035 	0.99999124 	0.98493980 	0.99512343 	0.99999261 	0.99999477 	0.69959041 	0.99416776 	0.99054761 	0.99556448 	0.99999992 	0.99999667 	0.99982178 	0.99999443 	
0.99041077 	0.99999994 	0.99979035 	0.99999124 	0.98493980 	0.99512343 	0.99999261 	0.99999477 	0.69959041 	0.99416776 	0.99054761 	0.99556448 	0.99999992 	0.99999667 	0.99982178 	0.99999443 	
0.99041077 	0.99999994 	0.99979035 	0.99999124 	0.98493980 	0.99512343 	0.99999400 	0.99999477 	0.69959041 	0.99416776 	0.99054761 	0.99556448 	0.99999992 	0.99999667 	0.99982178 	0.99999443 	
0.99041077 	0.99999994 	0.99979035 	0.99999124 	0.98493980 	0.99512343 	0.99999400 	0.99999477 	0.69959041 	0.99416776 	0.99054761 	0.99556448 	0.99999992 	0.99999667 	0.99982178 	0.99999443 	
0.99041077 	0.99999994 	0.99979035 	0.99999124 	0.98493980 	0.99512343 	0.99999400 	0.99999477 	0.69959041 	0.99416776 	0.99054761 	0.99556448 	0.99999992 	0.99999667 	0.99982178 	0.99999443 	
0.99041077 	0.99999994 	0.99979035 	0.99999124 	0.98493980 	0.99512343 	0.99999400 	0.99999477 	0.69959041 	0.99416776 	0.99054761 	0.99556448 	0.99999992 	0.99999667 	0.99982178 	0.99999443 	
0.99041077 	0.99999994 	0.99979035 	0.99999124 	0.98493980 	0.99512343 	0.99999400 	0.99999477 	0.69959041 	0.99416776 	0.99054761 	0.99556448 	0.99999992 	0.99999667 	0.99982178 	0.99999443 	
0.99041077 	0.99999994 	0.99979035 	0.99999124 	0.98493980 	0.99512343 	0.99999400 	0.99999477 	0.69959041 	0.99416776 	0.99054761 	0.99556448 	0.99999992 	0.99999667 	0.99982178 	0.99999443 	
0.99041077 	0.99999994 	0.99979035 	0.99999124 	0.98493980 	0.99512343 	0.99999400 	0.99999477 	0.69959041 	0.99416776 	0.99054761 	0.99556448 	0.99999992 	0.99999667 	0.99982178 	0.99999443 	
0.99041077 	0.99999994 	0.99979035 	0.99999124 	0.98493980 	0.99512343 	0.99999400 	0.99999477 	0.69959041 	0.99416776 	0.99054761 	0.99556448 	0.99999992 	0.99999852 	0.99982178 	0.99999443 	
0.99041077 	0.99999994 	0.99979035 	0.99999124 	0.98493980 	0.99512343 	0.99999400 	0.99999477 	0.69959041 	0.99416776 	0.99054761 	0.99556448 	0.99999992 	0.99999852 	0.99997365 	0.99999443 	
0.99041077 	0.99999994 	0.99979035 	0.99999124 	0.98493980 	0.99512343 	0.99999400 	0.99999477 	0.69959041 	0.99416776 	0.99054761 	0.99556448 	0.99999992 	0.99999852 	0.99997365 	0.99999443 	
0.99041077 	0.99999994 	0.99979035 	0.99999124 	0.98493980 	0.99512343 	0.99999400 	0.99999477 	0.69959041 	0.99416776 	0.99054761 	0.99556448 	0.99999992 	0.99999852 	0.99997365 	0.99999443 	
0.99041077 	0.99999994 	0.99979035 	0.99999124 	0.98493980 	0.99512343 	0.99999400 	0.99999477 	0.69959041 	0.99416776 	0.99054761 	0.99556448 	0.99999992 	0.99999852 	0.99997365 	0.99999443 	
0.99041077 	0.99999994 	0.99979035 	0.99999124 	0.98493980 	0.99512343 	0.99999400 	0.99999477 	0.69959041 	0.99416776 	0.99054761 	0.99556448 	0.99999992 	0.99999852 	0.99997365 	0.99999443 	
0.99041077 	0.99999994 	0.99979035 	0.99999124 	0.98493980 	0.99512343 	0.99999400 	0.99999477 	0.69959041 	0.99416776 	0.99054761 	0.99556448 	0.99999992 	0.99999852 	0.99997365 	0.99999443 	
0.99041077 	0.99999994 	0.99979035 	0.99999124 	0.98494283 	0.99512343 	0.99999400 	0.99999477 	0.69959041 	0.99416776 	0.99054761 	0.99556448 	0.99999992 	0.99999852 	0.99997365 	0.99999443 	
0.99041077 	0.99999994 	0.99979035 	0.99999124 	0.98494283 	0.99505868 	0.99999400 	0.99999477 	0.69959041 	0.99416776 	0.99054761 	0.99556448 	0.99999992 	0.99999852 	0.99997365 	0.99999443 	
0.99041077 	0.99999994 	0.99979035 	0.99999124 	0.98494283 	0.99505868 	0.99999875 	0.99999477 	0.69959041 	0.99416776 	0.99054761 	0.99556448 	0.99999992 	0.99999852 	0.99997365 	0.99999443 	
0.99041077 	0.99999994 	0.99979035 	0.99999124 	0.98494283 	0.99505868 	0.99999875 	0.99999477 	0.69959041 	0.99416776 	0.99054761 	0.99556448 	0.99999992 	0.99999852 	0.99997365 	0.99999443 	
0.99041077 	0.99999994 	0.99979035 	0.99999124 	0.98494283 	0.99505868 	0.99999875 	0.99999477 	0.69959041 	0.99416776 	0.99054761 	0.99556448 	0.99999992 	0.99999852 	0.99997365 	0.99999443 	
0.99041077 	0.99999994 	0.99979035 	0.99999124 	0.98494283 	0.99505868 	0.99999875 	0.99999477 	0.69959041 	0.99416776 	0.99054761 	0.99556448 	0.99999992 	0.99999852 	0.99997365 	0.99999443 	
0.99041077 	0.99999994 	0.99979035 	0.99999124 	0.98494283 	0.99505868 	0.99999875 	0.99999477 	0.69959041 	0.99416776 	0.99054761 	0.99556448 	0.99999992 	0.99999852 	0.99997365 	0.99999443 	
0.99041077 	0.99999994 	0.99979035 	0.99999124 	0.98494283 	0.99505868 	0.99999875 	0.99999477 	0.69959041 	0.99416776 	0.99054761 	0.99555828 	0.99999992 	0.99999852 	0.99997365 	0.99999443 	
0.99041077 	0.99999994 	0.99979035 	0.99999124 	0.98494283 	0.99505868 	0.99999875 	0.99999477 	0.69959041 	0.99416776 	0.99054761 	0.99555828 	0.99999992 	0.99999852 	0.99997365 	0.99999443 	
0.99041077 	0.99999994 	0.99979035 	0.99999124 	0.98494283 	0.99505868 	0.99999875 	0.99999477 	0.69959041 	0.99416776 	0.99054761 	0.99555828 	0.99999992 	0.99999852 	0.99997365 	0.99999443 	
0.99041077 	0.99999994 	0.99979035 	0.99999124 	0.98494283 	0.99505868 	0.99999875 	0.99999477 	0.69959041 	0.99416776 	0.99054761 	0.99555828 	0.99999992 	0.99999852 	0.99999205 	0.99999443 	
0.99041077 	0.99999994 	0.99979035 	0.99999124 	0.98494283 	0.99505868 	0.99999875 	0.99999477 	0.69959041 	0.99416776 	0.99054761 	0.99555828 	0.99999992 	0.99999852 	0.99999205 	0.99999443 	
0.99041077 	0.99999994 	0.99979035 	0.99999124 	0.98494283 	0.99505868 	0.99999875 	0.99999477 	0.69959041 	0.99416776 	0.99054761 	0.99555828 	0.99999992 	0.99999852 	0.99999205 	0.99999443 	
0.99041077 	0.99999994 	0.99979035 	0.99999124 	0.98494283 	0.99505868 	0.99999875 	0.99999477 	0.69959041 	0.99416776 	0.99054761 	0.99555828 	0.99999992 	0.99999852 	0.99999205 	0.99999443 	
0.99041077 	0.99999994 	0.99979035 	0.99999124 	0.98494283 	0.99505868 	0.99999875 	0.99999477 	0.69959041 	0.99416776 	0.99054761 	0.99555828 	0.99999992 	0.99999852 	0.99999205 	0.99999443 	
0.99041077 	0.99999994 	0.99979035 	0.99999124 	0.98494283 	0.99505868 	0.99999875 	0.99999477 	0.69959041 	0.99416776 	0.99054761 	0.99555828 	0.99999992 	0.99999852 	0.99999205 	0.99999443 	
0.99041077 	0.99999994 	0.99979035 	0.99999124 	0.98496647 	0.99505868 	0.99999875 	0.99999477 	0.69959041 	0.99416776 	0.99054761 	0.99555828 	0.99999992 	0.99999852 	0.99999205 	0.99999443 	
0.99041077 	0.99999994 	0.99979035 	0.99999124 	0.98496647 	0.99505873 	0.99999875 	0.99999477 	0.69959041 	0.99416776 	0.99054761 	0.99555828 	0.99999992 	0.99999852 	0.99999205 	0.99999443 	
0.99041077 	0.99999994 	0.99979035 	0.99999124 	0.98496647 	0.99505873 	0.99999875 	0.99999477 	0.69959041 	0.99416776 	0.99054761 	0.99555828 	0.99999992 	0.99999852 	0.99999205 	0.99999443 	
0.99041077 	0.99999994 	0.99979035 	0.99999124 	0.98496647 	0.99505873 	0.99999875 	0.99999477 	0.69959041 	0.99416776 	0.99054761 	0.99555828 	0.99999992 	0.99999852 	0.99999205 	0.99999443 	
0.99041077 	0.99999994 	0.99979035 	0.99999124 	0.98496647 	0.99505873 	0.99999875 	0.99999477 	0.69959041 	0.99416776 	0.99054761 	0.99555828 	0.99999992 	0.99999852 	0.99999205 	0.99999443 	
0.99041077 	0.99999994 	0.99979035 	0.99999124 	0.98496647 	0.99505873 	0.99999875 	0.99999477 	0.69959041 	0.99416776 	0.99054761 	0.99555828 	0.99999992 	0.99999852 	0.99999205 	0.99999443 	
0.99041077 	0.99999994 	0.99979035 	0.99999124 	0.98496647 	0.99505873 	0.99999875 	0.99999477 	0.69959041 	0.99416776 	0.99054761 	0.99555828 	0.99999992 	0.99999852 	0.99999205 	0.99999443 	
0.99041077 	0.99999994 	0.99979035 	0.99999124 	0.98496647 	0.99505873 	0.99999875 	0.99999477 	0.69959041 	0.99416776 	0.99054761 	0.99555828 	0.99999992 	0.99999852 	0.99999205 	0.99999443 	
0.99041077 	0.99999994 	0.99979035 	0.99999124 	0.98496647 	0.99505873 	0.99999875 	0.99999477 	0.69959041 	0.99416776 	0.99054761 	0.99555828 	0.99999992 	0.99999852 	0.99999205 	0.99999443 	
0.99041077 	0.99999994 	0.99979035 	0.99999124 	0.98496647 	0.99505873 	0.99999875 	0.99999477 	0.69959041 	0.99416776 	0.99054761 	0.99555828 	0.99999992 	0.99999852 	0.99999205 	0.99999443 	
0.99041077 	0.99999994 	0.99979035 	0.99999124 	0.98496647 	0.99505873 	0.99999875 	0.99999477 	0.69959041 	0.99416776 	0.99054761 	0.99555828 	0.99999992 	0.99999852 	0.99999250 	0.99999443 	
0.99041077 	0.99999994 	0.99979035 	0.99999124 	0.98496647 	0.99505873 	0.99999875 	0.99999477 	0.69959041 	0.99416776 	0.99054761 	0.99555828 	0.99999992 	0.99999852 	0.99999250 	0.99999443 	
0.99041077 	0.99999994 	0.99979035 	0.99999124 	0.98496647 	0.99505873 	0.99999875 	0.99999477 	0.69959041 	0.99416776 	0.99054761 	0.99555828 	0.99999992 	0.99999852 	0.99999250 	0.99999443 	
0.99041077 	0.99999994 	0.99979035 	0.99999124 	0.98496647 	0.99505873 	0.99999875 	0.99999477 	0.69959041 	0.99416776 	0.99054761 	0.99555828 	0.99999992 	0.99999852 	0.99999250 	0.99999443 	
0.99041077 	0.99999994 	0.99979286 	0.99999124 	0.98496647 	0.99505873 	0.99999875 	0.99999477 	0.69959041 	0.99416776 	0.99054761 	0.99555828 	0.99999992 	0.99999852 	0.99999250 	0.99999443 	
0.99041077 	0.99999994 	0.99979286 	0.99999124 	0.98496647 	0.99505873 	0.99999875 	0.99999477 	0.69959041 	0.99416776 	0.99054761 	0.99555828 	0.99999992 	0.99999852 	0.99999250 	0.99999443 	
0.99041077 	0.99999994 	0.99979286 	0.99999124 	0.98496647 	0.99505873 	0.99999875 	0.99999477 	0.69959041 	0.99416776 	0.99054761 	0.99555828 	0.99999992 	0.99999852 	0.99999250 	0.99999443 	
0.99041077 	0.99999994 	0.99979286 	0.99999124 	0.98496647 	0.99505873 	0.99999875 	0.99999477 	0.69959041 	0.99416776 	0.99054761 	0.99555828 	0.99999992 	0.99999852 	0.99999250 	0.99999443 	
0.99041077 	0.99999994 	0.99979286 	0.99999124 	0.98496647 	0.99505873 	0.99999875 	0.99999477 	0.69959041 	0.99416776 	0.99054761 	0.99555828 	0.99999992 	0.99999852 	0.99999250 	0.99999443 	
0.99041077 	0.99999994 	0.99979286 	0.99999124 	0.98496647 	0.99505873 	0.99999875 	0.99999477 	0.69959041 	0.99416776 	0.99054761 	0.99555828 	0.99999992 	0.99999852 	0.99999250 	0.99999443 	
0.99041077 	0.99999994 	0.99979286 	0.99999124 	0.98496647 	0.99505873 	0.99999875 	0.99999477 	0.69959041 	0.99416776 	0.99054761 	0.99555828 	0.99999992 	0.99999852 	0.99999250 	0.99999443 	
0.99041077 	0.99999994 	0.99979286 	0.99999124 	0.98496647 	0.99505873 	0.99999875 	0.99999477 	0.69959041 	0.99416776 	0.99054761 	0.99555828 	0.99999992 	0.99999852 	0.99999250 	0.99999443 	
0.99041077 	0.99999994 	0.99979286 	0.99999124 	0.98496647 	0.99505873 	0.99999875 	0.99999477 	0.69959041 	0.99416776 	0.99054761 	0.99555828 	0.99999992 	0.99999852 	0.99999250 	0.99999443 	
0.99041077 	0.99999994 	0.99979286 	0.99999124 	0.98496647 	0.99505873 	0.99999875 	0.99999477 	0.69959041 	0.99416776 	0.99054761 	0.99555828 	0.99999992 	0.99999852 	0.99999250 	0.99999443 	
0.99041077 	0.99999994 	0.99979286 	0.99999124 	0.98496647 	0.99505873 	0.99999875 	0.99999477 	0.69959041 	0.99416776 	0.99054761 	0.99555828 	0.99999992 	0.99999852 	0.99999250 	0.99999443 	
0.99041077 	0.99999994 	0.99979286 	0.99999124 	0.98496647 	0.99505873 	0.99999875 	0.99999477 	0.69959041 	0.99416776 	0.99054761 	0.99555828 	0.99999992 	0.99999852 	0.99999250 	0.99999443 	
0.99041077 	0.99999994 	0.99979286 	0.99999124 	0.98496647 	0.99505873 	0.99999875 	0.99999477 	0.69959041 	0.99416776 	0.99054761 	0.99555828 	0.99999992 	0.99999852 	0.99999250 	0.99999443 	
0.99041077 	0.99999994 	0.99979286 	0.99999124 	0.98496647 	0.99505873 	0.99999875 	0.99999477 	0.69959041 	0.99416776 	0.99054761 	0.99555828 	0.99999992 	0.99999852 	0.99999250 	0.99999443 	
0.99041077 	0.99999994 	0.99979286 	0.99999124 	0.98496647 	0.99505873 	0.99999875 	0.99999477 	0.69959041 	0.99416776 	0.99054761 	0.99555828 	0.99999992 	0.99999852 	0.99999250 	0.99999443 	
0.99041077 	0.99999994 	0.99979286 	0.99999124 	0.98496647 	0.99505873 	0.99999875 	0.99999477 	0.69959041 	0.99416776 	0.99054761 	0.99555828 	0.99999992 	0.99999852 	0.99999250 	0.99999443 	
0.99041077 	0.99999994 	0.99979286 	0.99999124 	0.98496647 	0.99505873 	0.99999875 	0.99999477 	0.69959041 	0.99416776 	0.99054761 	0.99555828 	0.99999992 	0.99999852 	0.99999250 	0.99999443 	
0.99041077 	0.99999994 	0.99979286 	0.99999124 	0.98496647 	0.99505873 	0.99999875 	0.99999477 	0.69959041 	0.99416776 	0.99054761 	0.99555828 	0.99999992 	0.99999852 	0.99999250 	0.99999443 	
0.99041077 	0.99999994 	0.99979286 	0.99999124 	0.98496647 	0.99505873 	0.99999875 	0.99999477 	0.69959041 	0.99416776 	0.99054761 	0.99555828 	0.99999992 	0.99999852 	0.99999250 	0.99999443 	
0.99041077 	0.99999994 	0.99979286 	0.99999124 	0.98496647 	0.99505873 	0.99999875 	0.99999477 	0.69959041 	0.99416776 	0.99054761 	0.99555828 	0.99999992 	0.99999852 	0.99999250 	0.99999443 	
0.99041077 	0.99999994 	0.99979286 	0.99999124 	0.98496647 	0.99505873 	0.99999875 	0.99999477 	0.69959041 	0.99416776 	0.99054761 	0.99555828 	0.99999992 	0.99999852 	0.99999250 	0.99999443 	
0.99041077 	0.99999994 	0.99979286 	0.99999124 	0.98496647 	0.99505873 	0.99999875 	0.99999848 	0.69959041 	0.99416776 	0.99054761 	0.99555828 	0.99999992 	0.99999852 	0.99999250 	0.99999443 	
0.99041077 	0.99999994 	0.99979286 	0.99999124 	0.98496647 	0.99505873 	0.99999875 	0.99999848 	0.69959041 	0.99416776 	0.99054761 	0.99555828 	0.99999992 	0.99999852 	0.99999250 	0.99999443 	
0.99041077 	0.99999994 	0.99979286 	0.99999124 	0.98496647 	0.99505873 	0.99999875 	0.99999848 	0.69959041 	0.99416776 	0.99054761 	0.99555828 	0.99999992 	0.99999852 	0.99999250 	0.99999443 	
0.99041077 	0.99999994 	0.99979286 	0.99999124 	0.98496647 	0.99505873 	0.99999875 	0.99999848 	0.69959041 	0.99416776 	0.99054761 	0.99555828 	0.99999992 	0.99999852 	0.99999250 	0.99999443 	
0.99041077 	0.99999994 	0.99979286 	0.99999124 	0.98496647 	0.99505873 	0.99999875 	0.99999848 	0.69959041 	0.99416776 	0.99054761 	0.99555828 	0.99999992 	0.99999852 	0.99999250 	0.99999443 	
0.99041077 	0.99999994 	0.99979286 	0.99999124 	0.98496647 	0.99505873 	0.99999875 	0.99999848 	0.69959041 	0.99416776 	0.99054761 	0.99555828 	0.99999992 	0.99999852 	0.99999250 	0.99999443 	
0.99041077 	0.99999994 	0.99979286 	0.99999124 	0.98496647 	0.99505873 	0.99999875 	0.99999848 	0.69959041 	0.99416776 	0.99054761 	0.99555828 	0.99999992 	0.99999852 	0.99999250 	0.99999443 	
0.99041077 	0.99999994 	0.99979286 	0.99999124 	0.98496647 	0.99505873 	0.99999875 	0.99999848 	0.69959041 	0.99416776 	0.99054761 	0.99555828 	0.99999992 	0.99999852 	0.99999250 	0.99999443 	
0.99041077 	0.99999994 	0.99979286 	0.99999124 	0.98496647 	0.99505873 	0.99999875 	0.99999848 	0.69959041 	0.99416776 	0.99054761 	0.99555828 	0.99999992 	0.99999852 	0.99999250 	0.99999443 	
0.99041077 	0.99999994 	0.99979286 	0.99999124 	0.98496647 	0.99505873 	0.99999875 	0.99999848 	0.69959041 	0.99416776 	0.99054761 	0.99555828 	0.99999992 	0.99999852 	0.99999250 	0.99999443 	
0.99041077 	0.99999994 	0.99979286 	0.99999124 	0.98496647 	0.99505873 	0.99999875 	0.99999848 	0.69959041 	0.99416776 	0.99054761 	0.99555828 	0.99999992 	0.99999852 	0.99999250 	0.99999443 	
0.99041077 	0.99999994 	0.99979286 	0.99999124 	0.98496647 	0.99505873 	0.99999875 	0.99999848 	0.69959041 	0.99416776 	0.99054761 	0.99555828 	0.99999992 	0.99999852 	0.99999250 	0.99999443 	
0.99041077 	0.99999994 	0.99979286 	0.99999124 	0.98496647 	0.99505873 	0.99999875 	0.99999848 	0.69959041 	0.99416776 	0.99054761 	0.99555828 	0.99999992 	0.99999852 	0.99999250 	0.99999443 	
0.99041077 	0.99999994 	0.99979286 	0.99999124 	0.98499279 	0.99505873 	0.99999875 	0.99999848 	0.69959041 	0.99416776 	0.99054761 	0.99555828 	0.99999992 	0.99999852 	0.99999250 	0.99999443 	
0.99041077 	0.99999994 	0.99979286 	0.99999124 	0.98499279 	0.99508916 	0.99999875 	0.99999848 	0.69959041 	0.99416776 	0.99054761 	0.99555828 	0.99999992 	0.99999852 	0.99999250 	0.99999443 	
0.99041077 	0.99999994 	0.99979286 	0.99999124 	0.98499279 	0.99508916 	0.99999875 	0.99999848 	0.69959041 	0.99416776 	0.99054761 	0.99555828 	0.99999992 	0.99999852 	0.99999250 	0.99999443 	
0.99041077 	0.99999994 	0.99979286 	0.99999124 	0.98499279 	0.99508916 	0.99999875 	0.99999848 	0.69959041 	0.99416776 	0.99054761 	0.99555828 	0.99999992 	0.99999852 	0.99999250 	0.99999443 	
0.99041077 	0.99999994 	0.99979286 	0.99999124 	0.98499279 	0.99508916 	0.99999875 	0.99999848 	0.69959041 	0.99416776 	0.99054761 	0.99555828 	0.99999992 	0.99999852 	0.99999250 	0.99999443 	
0.99041077 	0.99999994 	0.99979286 	0.99999124 	0.98499279 	0.99508916 	0.99999875 	0.99999848 	0.69959041 	0.99416776 	0.99054761 	0.99555828 	0.99999992 	0.99999852 	0.99999250 	0.99999443 	
0.99041077 	0.99999994 	0.99979286 	0.99999124 	0.98499279 	0.99508916 	0.99999875 	0.99999848 	0.69959041 	0.99416776 	0.99054761 	0.99555828 	0.99999992 	0.99999852 	0.99999250 	0.99999443 	
0.99041077 	0.99999994 	0.99979286 	0.99999124 	0.98499279 	0.99508916 	0.99999875 	0.99999848 	0.69959041 	0.99416776 	0.99054761 	0.99555828 	0.99999992 	0.99999852 	0.99999250 	0.99999443 	
0.99041077 	0.99999994 	0.99979286 	0.99999124 	0.98499279 	0.99508916 	0.99999875 	0.99999848 	0.69959041 	0.99416776 	0.99054761 	0.99555828 	0.99999992 	0.99999852 	0.99999250 	0.99999443 	
0.99041077 	0.99999994 	0.99979286 	0.99999124 	0.98499279 	0.99508916 	0.99999875 	0.99999848 	0.69959041 	0.99416776 	0.99054761 	0.99555828 	0.99999992 	0.99999852 	0.99999250 	0.99999443 	
0.99041077 	0.99999994 	0.99979286 	0.99999124 	0.98499279 	0.99508916 	0.99999875 	0.99999848 	0.69959041 	0.99416776 	0.99054761 	0.99555828 	0.99999992 	0.99999852 	0.99999250 	0.99999443 	
0.99041077 	0.99999994 	0.99979286 	0.99999124 	0.98499279 	0.99508916 	0.99999875 	0.99999848 	0.69959041 	0.99416776 	0.99054761 	0.99555828 	0.99999992 	0.99999852 	0.99999250 	0.99999935 	
0.99033274 	0.99999994 	0.99979286 	0.99999124 	0.98499279 	0.99508916 	0.99999875 	0.99999848 	0.69959041 	0.99416776 	0.99054761 	0.99555828 	0.99999992 	0.99999852 	0.99999250 	0.99999935 	
0.99033274 	0.99999994 	0.99979286 	0.99999124 	0.98499279 	0.99508916 	0.99999875 	0.99999848 	0.69959041 	0.99416776 	0.99054761 	0.99555828 	0.99999992 	0.99999852 	0.99999250 	0.99999935 	
0.99033274 	0.99999994 	0.99979286 	0.99999124 	0.98499279 	0.99508916 	0.99999875 	0.99999848 	0.69959041 	0.99416776 	0.99054761 	0.99555828 	0.99999992 	0.99999852 	0.99999250 	0.99999935 	
0.99033274 	0.99999994 	0.99979286 	0.99999841 	0.98499279 	0.99508916 	0.99999875 	0.99999848 	0.69959041 	0.99416776 	0.99054761 	0.99555828 	0.99999992 	0.99999852 	0.99999250 	0.99999935 	
0.99033274 	0.99999994 	0.99979286 	0.99999841 	0.98499279 	0.99508916 	0.99999875 	0.99999848 	0.69959041 	0.99416776 	0.99054761 	0.99555828 	0.99999992 	0.99999852 	0.99999250 	0.99999935 	
0.99033274 	0.99999994 	0.99979286 	0.99999841 	0.98499279 	0.99507554 	0.99999875 	0.99999848 	0.69959041 	0.99416776 	0.99054761 	0.99555828 	0.99999992 	0.99999852 	0.99999250 	0.99999935 	
0.99033274 	0.99999994 	0.99979286 	0.99999841 	0.98499279 	0.99507554 	0.99999875 	0.99999848 	0.69959041 	0.99416776 	0.99054761 	0.99555828 	0.99999992 	0.99999852 	0.99999250 	0.99999935 	
0.99033274 	0.99999994 	0.99979286 	0.99999841 	0.98499279 	0.99507554 	0.99999875 	0.99999926 	0.69959041 	0.99416776 	0.99054761 	0.99555828 	0.99999992 	0.99999852 	0.99999250 	0.99999935 	
0.99033274 	0.99999994 	0.99979286 	0.99999841 	0.98499279 	0.99507554 	0.99999875 	0.99999926 	0.69959041 	0.99416776 	0.99054761 	0.99555828 	0.99999992 	0.99999852 	0.99999250 	0.99999935 	
0.99033274 	0.99999994 	0.99979286 	0.99999841 	0.98499279 	0.99507554 	0.99999875 	0.99999926 	0.69959041 	0.99416776 	0.99054761 	0.99555828 	0.99999992 	0.99999852 	0.99999250 	0.99999935 	
0.99033274 	0.99999994 	0.99979286 	0.99999841 	0.98499279 	0.99507554 	0.99999875 	0.99999926 	0.69959041 	0.99416776 	0.99053050 	0.99555828 	0.99999992 	0.99999852 	0.99999250 	0.99999935 	
0.99033274 	0.99999994 	0.99979286 	0.99999841 	0.98499279 	0.99507554 	0.99999875 	0.99999926 	0.69959041 	0.99416776 	0.99053050 	0.99555828 	0.99999992 	0.99999852 	0.99999250 	0.99999935 	
0.99033274 	0.99999994 	0.99979286 	0.99999841 	0.98499279 	0.99507554 	0.99999875 	0.99999926 	0.69959041 	0.99416776 	0.99053050 	0.99555828 	0.99999992 	0.99999852 	0.99999250 	0.99999935 	
0.99033274 	0.99999994 	0.99979286 	0.99999841 	0.98499279 	0.99507554 	0.99999875 	0.99999926 	0.69959041 	0.99416776 	0.99053050 	0.99555828 	0.99999992 	0.99999852 	0.99999250 	0.99999935 	
0.99033274 	0.99999994 	0.99979286 	0.99999841 	0.98499279 	0.99507554 	0.99999875 	0.99999926 	0.69959041 	0.99416776 	0.99053050 	0.99555828 	0.99999992 	0.99999852 	0.99999984 	0.99999935 	
0.99033274 	0.99999994 	0.99979286 	0.99999841 	0.98499279 	0.99507554 	0.99999875 	0.99999926 	0.69959041 	0.99416776 	0.99053050 	0.99555828 	0.99999992 	0.99999852 	0.99999984 	0.99999935 	
