0.93562780 	0.98829764 	0.59603706 	0.65991321 	0.23421879 	0.79652542 	0.98864874 	0.88033248 	0.67311073 	0.80609333 	0.24619069 	0.99625511 	0.24428178 	0.07624212 	0.73338590 	0.32736299 	
0.93562780 	0.98829764 	0.59603706 	0.65991321 	0.23421879 	0.79652542 	0.98864874 	0.88033248 	0.67311073 	0.80609333 	0.24619069 	0.99625511 	0.24428178 	0.07624212 	0.73338590 	0.32736299 	
0.93562780 	0.98829764 	0.98339746 	0.65991321 	0.23421879 	0.79652542 	0.98864874 	0.88033248 	0.67311073 	0.80609333 	0.24619069 	0.99625511 	0.24428178 	0.07624212 	0.73338590 	0.32736299 	
0.93562780 	0.98829764 	0.98339746 	0.94000275 	0.23421879 	0.79652542 	0.98864874 	0.88033248 	0.67311073 	0.80609333 	0.24619069 	0.99625511 	0.24428178 	0.07624212 	0.73338590 	0.32736299 	
0.93562780 	0.98829764 	0.98339746 	0.94000275 	0.99555624 	0.79652542 	0.98864874 	0.88033248 	0.67311073 	0.80609333 	0.24619069 	0.99625511 	0.24428178 	0.07624212 	0.73338590 	0.32736299 	
0.93562780 	0.98829764 	0.98339746 	0.94000275 	0.99555624 	0.96856288 	0.98864874 	0.88033248 	0.67311073 	0.80609333 	0.24619069 	0.99625511 	0.24428178 	0.07624212 	0.73338590 	0.32736299 	
0.93562780 	0.98829764 	0.98339746 	0.94000275 	0.99555624 	0.96856288 	0.98047500 	0.88033248 	0.67311073 	0.80609333 	0.24619069 	0.99625511 	0.24428178 	0.07624212 	0.73338590 	0.32736299 	
0.93562780 	0.98829764 	0.98339746 	0.94000275 	0.99555624 	0.96856288 	0.98047500 	0.96132491 	0.67311073 	0.80609333 	0.24619069 	0.99625511 	0.24428178 	0.07624212 	0.73338590 	0.32736299 	
0.93562780 	0.98829764 	0.98339746 	0.94000275 	0.99555624 	0.96856288 	0.98047500 	0.96132491 	0.93477780 	0.80609333 	0.24619069 	0.99625511 	0.24428178 	0.07624212 	0.73338590 	0.32736299 	
0.93562780 	0.98829764 	0.98339746 	0.94000275 	0.99555624 	0.96856288 	0.98047500 	0.96132491 	0.93477780 	0.97730411 	0.24619069 	0.99625511 	0.24428178 	0.07624212 	0.73338590 	0.32736299 	
0.93562780 	0.98829764 	0.98339746 	0.94000275 	0.99555624 	0.96856288 	0.98047500 	0.96132491 	0.93477780 	0.97730411 	0.98010176 	0.99625511 	0.24428178 	0.07624212 	0.73338590 	0.32736299 	
0.93562780 	0.98829764 	0.98339746 	0.94000275 	0.99555624 	0.96856288 	0.98047500 	0.96132491 	0.93477780 	0.97730411 	0.98010176 	0.99625511 	0.24428178 	0.07624212 	0.73338590 	0.32736299 	
0.93562780 	0.98829764 	0.98339746 	0.94000275 	0.99555624 	0.96856288 	0.98047500 	0.96132491 	0.93477780 	0.97730411 	0.98010176 	0.99625511 	0.94549914 	0.07624212 	0.73338590 	0.32736299 	
0.93562780 	0.98829764 	0.98339746 	0.94000275 	0.99555624 	0.96856288 	0.98047500 	0.96132491 	0.93477780 	0.97730411 	0.98010176 	0.99625511 	0.94549914 	0.97191980 	0.73338590 	0.32736299 	
0.93562780 	0.98829764 	0.98339746 	0.94000275 	0.99555624 	0.96856288 	0.98047500 	0.96132491 	0.93477780 	0.97730411 	0.98010176 	0.99625511 	0.94549914 	0.97191980 	0.98332750 	0.32736299 	
0.93562780 	0.98829764 	0.98339746 	0.94000275 	0.99555624 	0.96856288 	0.98047500 	0.96132491 	0.93477780 	0.97730411 	0.98010176 	0.99625511 	0.94549914 	0.97191980 	0.98332750 	0.97488864 	
0.94145577 	0.98829764 	0.98339746 	0.94000275 	0.99555624 	0.96856288 	0.98047500 	0.96132491 	0.93477780 	0.97730411 	0.98010176 	0.99625511 	0.94549914 	0.97191980 	0.98332750 	0.97488864 	
0.94145577 	0.98829764 	0.98339746 	0.94000275 	0.99555624 	0.96856288 	0.98047500 	0.96132491 	0.93477780 	0.97730411 	0.98010176 	0.99625511 	0.94549914 	0.97191980 	0.98332750 	0.97488864 	
0.94145577 	0.98829764 	0.99751491 	0.94000275 	0.99555624 	0.96856288 	0.98047500 	0.96132491 	0.93477780 	0.97730411 	0.98010176 	0.99625511 	0.94549914 	0.97191980 	0.98332750 	0.97488864 	
0.94145577 	0.98829764 	0.99751491 	0.99345381 	0.99555624 	0.96856288 	0.98047500 	0.96132491 	0.93477780 	0.97730411 	0.98010176 	0.99625511 	0.94549914 	0.97191980 	0.98332750 	0.97488864 	
0.94145577 	0.98829764 	0.99751491 	0.99345381 	0.99555624 	0.96856288 	0.98047500 	0.96132491 	0.93477780 	0.97730411 	0.98010176 	0.99625511 	0.94549914 	0.97191980 	0.98332750 	0.97488864 	
0.94145577 	0.98829764 	0.99751491 	0.99345381 	0.99555624 	0.96856288 	0.98047500 	0.96132491 	0.93477780 	0.97730411 	0.98010176 	0.99625511 	0.94549914 	0.97191980 	0.98332750 	0.97488864 	
0.94145577 	0.98829764 	0.99751491 	0.99345381 	0.99555624 	0.96856288 	0.98047500 	0.96132491 	0.93477780 	0.97730411 	0.98010176 	0.99625511 	0.94549914 	0.97191980 	0.98332750 	0.97488864 	
0.94145577 	0.98829764 	0.99751491 	0.99345381 	0.99555624 	0.96856288 	0.98047500 	0.97588253 	0.93477780 	0.97730411 	0.98010176 	0.99625511 	0.94549914 	0.97191980 	0.98332750 	0.97488864 	
0.94145577 	0.98829764 	0.99751491 	0.99345381 	0.99555624 	0.96856288 	0.98047500 	0.97588253 	0.71146790 	0.97730411 	0.98010176 	0.99625511 	0.94549914 	0.97191980 	0.98332750 	0.97488864 	
0.94145577 	0.98829764 	0.99751491 	0.99345381 	0.99555624 	0.96856288 	0.98047500 	0.97588253 	0.71146790 	0.97730411 	0.98010176 	0.99625511 	0.94549914 	0.97191980 	0.98332750 	0.97488864 	
0.94145577 	0.98829764 	0.99751491 	0.99345381 	0.99555624 	0.96856288 	0.98047500 	0.97588253 	0.71146790 	0.97730411 	0.98010176 	0.99625511 	0.94549914 	0.97191980 	0.98332750 	0.97488864 	
0.94145577 	0.98829764 	0.99751491 	0.99345381 	0.99555624 	0.96856288 	0.98047500 	0.97588253 	0.71146790 	0.97730411 	0.98010176 	0.99625511 	0.94549914 	0.97191980 	0.98332750 	0.97488864 	
0.94145577 	0.98829764 	0.99751491 	0.99345381 	0.99555624 	0.96856288 	0.98047500 	0.97588253 	0.71146790 	0.97730411 	0.98010176 	0.99625511 	0.98946600 	0.97191980 	0.98332750 	0.97488864 	
0.94145577 	0.98829764 	0.99751491 	0.99345381 	0.99555624 	0.96856288 	0.98047500 	0.97588253 	0.71146790 	0.97730411 	0.98010176 	0.99625511 	0.98946600 	0.97191980 	0.98332750 	0.97488864 	
0.94145577 	0.98829764 	0.99751491 	0.99345381 	0.99555624 	0.96856288 	0.98047500 	0.97588253 	0.71146790 	0.97730411 	0.98010176 	0.99625511 	0.98946600 	0.97191980 	0.98767523 	0.97488864 	
0.94145577 	0.98829764 	0.99751491 	0.99345381 	0.99555624 	0.96856288 	0.98047500 	0.97588253 	0.71146790 	0.97730411 	0.98010176 	0.99625511 	0.98946600 	0.97191980 	0.98767523 	0.98937773 	
0.94145577 	0.98829764 	0.99751491 	0.99345381 	0.99555624 	0.96856288 	0.98047500 	0.97588253 	0.71146790 	0.97730411 	0.98010176 	0.99625511 	0.98946600 	0.97191980 	0.98767523 	0.98937773 	
0.94145577 	0.99559310 	0.99751491 	0.99345381 	0.99555624 	0.96856288 	0.98047500 	0.97588253 	0.71146790 	0.97730411 	0.98010176 	0.99625511 	0.98946600 	0.97191980 	0.98767523 	0.98937773 	
0.94145577 	0.99559310 	0.99751491 	0.99345381 	0.99555624 	0.96856288 	0.98047500 	0.97588253 	0.71146790 	0.97730411 	0.98010176 	0.99625511 	0.98946600 	0.97191980 	0.98767523 	0.98937773 	
0.94145577 	0.99559310 	0.99751491 	0.99685401 	0.99555624 	0.96856288 	0.98047500 	0.97588253 	0.71146790 	0.97730411 	0.98010176 	0.99625511 	0.98946600 	0.97191980 	0.98767523 	0.98937773 	
0.94145577 	0.99559310 	0.99751491 	0.99685401 	0.99649558 	0.96856288 	0.98047500 	0.97588253 	0.71146790 	0.97730411 	0.98010176 	0.99625511 	0.98946600 	0.97191980 	0.98767523 	0.98937773 	
0.94145577 	0.99559310 	0.99751491 	0.99685401 	0.99649558 	0.99113329 	0.98047500 	0.97588253 	0.71146790 	0.97730411 	0.98010176 	0.99625511 	0.98946600 	0.97191980 	0.98767523 	0.98937773 	
0.94145577 	0.99559310 	0.99751491 	0.99685401 	0.99649558 	0.99113329 	0.98047500 	0.97588253 	0.71146790 	0.97730411 	0.98010176 	0.99625511 	0.98946600 	0.97191980 	0.98767523 	0.98937773 	
0.94145577 	0.99559310 	0.99751491 	0.99685401 	0.99649558 	0.99113329 	0.98047500 	0.98182478 	0.71146790 	0.97730411 	0.98010176 	0.99625511 	0.98946600 	0.97191980 	0.98767523 	0.98937773 	
0.94145577 	0.99559310 	0.99751491 	0.99685401 	0.99649558 	0.99113329 	0.98047500 	0.98182478 	0.71146790 	0.97730411 	0.98010176 	0.99625511 	0.98946600 	0.97191980 	0.98767523 	0.98937773 	
0.94145577 	0.99559310 	0.99751491 	0.99685401 	0.99649558 	0.99113329 	0.98047500 	0.98182478 	0.71146790 	0.98108225 	0.98010176 	0.99625511 	0.98946600 	0.97191980 	0.98767523 	0.98937773 	
0.94145577 	0.99559310 	0.99751491 	0.99685401 	0.99649558 	0.99113329 	0.98047500 	0.98182478 	0.71146790 	0.98108225 	0.98768562 	0.99625511 	0.98946600 	0.97191980 	0.98767523 	0.98937773 	
0.94145577 	0.99559310 	0.99751491 	0.99685401 	0.99649558 	0.99113329 	0.98047500 	0.98182478 	0.71146790 	0.98108225 	0.98768562 	0.99625511 	0.98946600 	0.97191980 	0.98767523 	0.98937773 	
0.94145577 	0.99559310 	0.99751491 	0.99685401 	0.99649558 	0.99113329 	0.98047500 	0.98182478 	0.71146790 	0.98108225 	0.98768562 	0.99625511 	0.98946600 	0.97191980 	0.98767523 	0.98937773 	
0.94145577 	0.99559310 	0.99751491 	0.99685401 	0.99649558 	0.99113329 	0.98047500 	0.98182478 	0.71146790 	0.98108225 	0.98768562 	0.99625511 	0.98946600 	0.97191980 	0.98767523 	0.98937773 	
0.94145577 	0.99559310 	0.99751491 	0.99685401 	0.99649558 	0.99113329 	0.98047500 	0.98182478 	0.71146790 	0.98108225 	0.98768562 	0.99625511 	0.98946600 	0.97191980 	0.99483381 	0.98937773 	
0.94145577 	0.99559310 	0.99751491 	0.99685401 	0.99649558 	0.99113329 	0.98047500 	0.98182478 	0.71146790 	0.98108225 	0.98768562 	0.99625511 	0.98946600 	0.97191980 	0.99483381 	0.99263523 	
0.96283223 	0.99559310 	0.99751491 	0.99685401 	0.99649558 	0.99113329 	0.98047500 	0.98182478 	0.71146790 	0.98108225 	0.98768562 	0.99625511 	0.98946600 	0.97191980 	0.99483381 	0.99263523 	
0.96283223 	0.99109349 	0.99751491 	0.99685401 	0.99649558 	0.99113329 	0.98047500 	0.98182478 	0.71146790 	0.98108225 	0.98768562 	0.99625511 	0.98946600 	0.97191980 	0.99483381 	0.99263523 	
0.96283223 	0.99109349 	0.99751491 	0.99685401 	0.99649558 	0.99113329 	0.98047500 	0.98182478 	0.71146790 	0.98108225 	0.98768562 	0.99625511 	0.98946600 	0.97191980 	0.99483381 	0.99263523 	
0.96283223 	0.99109349 	0.99751491 	0.99685401 	0.99649558 	0.99113329 	0.98047500 	0.98182478 	0.71146790 	0.98108225 	0.98768562 	0.99625511 	0.98946600 	0.97191980 	0.99483381 	0.99263523 	
0.96283223 	0.99109349 	0.99751491 	0.99685401 	0.99715134 	0.99113329 	0.98047500 	0.98182478 	0.71146790 	0.98108225 	0.98768562 	0.99625511 	0.98946600 	0.97191980 	0.99483381 	0.99263523 	
0.96283223 	0.99109349 	0.99751491 	0.99685401 	0.99715134 	0.99139042 	0.98047500 	0.98182478 	0.71146790 	0.98108225 	0.98768562 	0.99625511 	0.98946600 	0.97191980 	0.99483381 	0.99263523 	
0.96283223 	0.99109349 	0.99751491 	0.99685401 	0.99715134 	0.99139042 	0.98047500 	0.98182478 	0.71146790 	0.98108225 	0.98768562 	0.99625511 	0.98946600 	0.97191980 	0.99483381 	0.99263523 	
0.96283223 	0.99109349 	0.99751491 	0.99685401 	0.99715134 	0.99139042 	0.98047500 	0.98560458 	0.71146790 	0.98108225 	0.98768562 	0.99625511 	0.98946600 	0.97191980 	0.99483381 	0.99263523 	
0.96283223 	0.99109349 	0.99751491 	0.99685401 	0.99715134 	0.99139042 	0.98047500 	0.98560458 	0.68869261 	0.98108225 	0.98768562 	0.99625511 	0.98946600 	0.97191980 	0.99483381 	0.99263523 	
0.96283223 	0.99109349 	0.99751491 	0.99685401 	0.99715134 	0.99139042 	0.98047500 	0.98560458 	0.68869261 	0.98644269 	0.98768562 	0.99625511 	0.98946600 	0.97191980 	0.99483381 	0.99263523 	
0.96283223 	0.99109349 	0.99751491 	0.99685401 	0.99715134 	0.99139042 	0.98047500 	0.98560458 	0.68869261 	0.98644269 	0.99305674 	0.99625511 	0.98946600 	0.97191980 	0.99483381 	0.99263523 	
0.96283223 	0.99109349 	0.99751491 	0.99685401 	0.99715134 	0.99139042 	0.98047500 	0.98560458 	0.68869261 	0.98644269 	0.99305674 	0.99625511 	0.98946600 	0.97191980 	0.99483381 	0.99263523 	
0.96283223 	0.99109349 	0.99751491 	0.99685401 	0.99715134 	0.99139042 	0.98047500 	0.98560458 	0.68869261 	0.98644269 	0.99305674 	0.99625511 	0.98946600 	0.97191980 	0.99483381 	0.99263523 	
0.96283223 	0.99109349 	0.99751491 	0.99685401 	0.99715134 	0.99139042 	0.98047500 	0.98560458 	0.68869261 	0.98644269 	0.99305674 	0.99625511 	0.98946600 	0.98714871 	0.99483381 	0.99263523 	
0.96283223 	0.99109349 	0.99751491 	0.99685401 	0.99715134 	0.99139042 	0.98047500 	0.98560458 	0.68869261 	0.98644269 	0.99305674 	0.99625511 	0.98946600 	0.98714871 	0.99483381 	0.99263523 	
0.96283223 	0.99109349 	0.99751491 	0.99685401 	0.99715134 	0.99139042 	0.98047500 	0.98560458 	0.68869261 	0.98644269 	0.99305674 	0.99625511 	0.98946600 	0.98714871 	0.99483381 	0.99435844 	
0.99569636 	0.99109349 	0.99751491 	0.99685401 	0.99715134 	0.99139042 	0.98047500 	0.98560458 	0.68869261 	0.98644269 	0.99305674 	0.99625511 	0.98946600 	0.98714871 	0.99483381 	0.99435844 	
0.99569636 	0.97923623 	0.99751491 	0.99685401 	0.99715134 	0.99139042 	0.98047500 	0.98560458 	0.68869261 	0.98644269 	0.99305674 	0.99625511 	0.98946600 	0.98714871 	0.99483381 	0.99435844 	
0.99569636 	0.97923623 	0.99984926 	0.99685401 	0.99715134 	0.99139042 	0.98047500 	0.98560458 	0.68869261 	0.98644269 	0.99305674 	0.99625511 	0.98946600 	0.98714871 	0.99483381 	0.99435844 	
0.99569636 	0.97923623 	0.99984926 	0.99986342 	0.99715134 	0.99139042 	0.98047500 	0.98560458 	0.68869261 	0.98644269 	0.99305674 	0.99625511 	0.98946600 	0.98714871 	0.99483381 	0.99435844 	
0.99569636 	0.97923623 	0.99984926 	0.99986342 	0.99996919 	0.99139042 	0.98047500 	0.98560458 	0.68869261 	0.98644269 	0.99305674 	0.99625511 	0.98946600 	0.98714871 	0.99483381 	0.99435844 	
0.99569636 	0.97923623 	0.99984926 	0.99986342 	0.99996919 	0.99139042 	0.98047500 	0.98560458 	0.68869261 	0.98644269 	0.99305674 	0.99625511 	0.98946600 	0.98714871 	0.99483381 	0.99435844 	
0.99569636 	0.97923623 	0.99984926 	0.99986342 	0.99996919 	0.99139042 	0.98050180 	0.98560458 	0.68869261 	0.98644269 	0.99305674 	0.99625511 	0.98946600 	0.98714871 	0.99483381 	0.99435844 	
0.99569636 	0.97923623 	0.99984926 	0.99986342 	0.99996919 	0.99139042 	0.98050180 	0.98620551 	0.68869261 	0.98644269 	0.99305674 	0.99625511 	0.98946600 	0.98714871 	0.99483381 	0.99435844 	
0.99569636 	0.97923623 	0.99984926 	0.99986342 	0.99996919 	0.99139042 	0.98050180 	0.98620551 	0.70125431 	0.98644269 	0.99305674 	0.99625511 	0.98946600 	0.98714871 	0.99483381 	0.99435844 	
0.99569636 	0.97923623 	0.99984926 	0.99986342 	0.99996919 	0.99139042 	0.98050180 	0.98620551 	0.70125431 	0.99032564 	0.99305674 	0.99625511 	0.98946600 	0.98714871 	0.99483381 	0.99435844 	
0.99569636 	0.97923623 	0.99984926 	0.99986342 	0.99996919 	0.99139042 	0.98050180 	0.98620551 	0.70125431 	0.99032564 	0.99891477 	0.99625511 	0.98946600 	0.98714871 	0.99483381 	0.99435844 	
0.99569636 	0.97923623 	0.99984926 	0.99986342 	0.99996919 	0.99139042 	0.98050180 	0.98620551 	0.70125431 	0.99032564 	0.99891477 	0.99964905 	0.98946600 	0.98714871 	0.99483381 	0.99435844 	
0.99569636 	0.97923623 	0.99984926 	0.99986342 	0.99996919 	0.99139042 	0.98050180 	0.98620551 	0.70125431 	0.99032564 	0.99891477 	0.99964905 	0.97711185 	0.98714871 	0.99483381 	0.99435844 	
0.99569636 	0.97923623 	0.99984926 	0.99986342 	0.99996919 	0.99139042 	0.98050180 	0.98620551 	0.70125431 	0.99032564 	0.99891477 	0.99964905 	0.97711185 	0.98714871 	0.99483381 	0.99435844 	
0.99569636 	0.97923623 	0.99984926 	0.99986342 	0.99996919 	0.99139042 	0.98050180 	0.98620551 	0.70125431 	0.99032564 	0.99891477 	0.99964905 	0.97711185 	0.98714871 	0.99845572 	0.99435844 	
0.99569636 	0.97923623 	0.99984926 	0.99986342 	0.99996919 	0.99139042 	0.98050180 	0.98620551 	0.70125431 	0.99032564 	0.99891477 	0.99964905 	0.97711185 	0.98714871 	0.99845572 	0.99608053 	
0.99946087 	0.97923623 	0.99984926 	0.99986342 	0.99996919 	0.99139042 	0.98050180 	0.98620551 	0.70125431 	0.99032564 	0.99891477 	0.99964905 	0.97711185 	0.98714871 	0.99845572 	0.99608053 	
0.99946087 	0.98130717 	0.99984926 	0.99986342 	0.99996919 	0.99139042 	0.98050180 	0.98620551 	0.70125431 	0.99032564 	0.99891477 	0.99964905 	0.97711185 	0.98714871 	0.99845572 	0.99608053 	
0.99946087 	0.98130717 	0.99996806 	0.99986342 	0.99996919 	0.99139042 	0.98050180 	0.98620551 	0.70125431 	0.99032564 	0.99891477 	0.99964905 	0.97711185 	0.98714871 	0.99845572 	0.99608053 	
0.99946087 	0.98130717 	0.99996806 	0.99950694 	0.99996919 	0.99139042 	0.98050180 	0.98620551 	0.70125431 	0.99032564 	0.99891477 	0.99964905 	0.97711185 	0.98714871 	0.99845572 	0.99608053 	
0.99946087 	0.98130717 	0.99996806 	0.99950694 	0.99996919 	0.99139042 	0.98050180 	0.98620551 	0.70125431 	0.99032564 	0.99891477 	0.99964905 	0.97711185 	0.98714871 	0.99845572 	0.99608053 	
0.99946087 	0.98130717 	0.99996806 	0.99950694 	0.99996919 	0.99162549 	0.98050180 	0.98620551 	0.70125431 	0.99032564 	0.99891477 	0.99964905 	0.97711185 	0.98714871 	0.99845572 	0.99608053 	
0.99946087 	0.98130717 	0.99996806 	0.99950694 	0.99996919 	0.99162549 	0.97979819 	0.98620551 	0.70125431 	0.99032564 	0.99891477 	0.99964905 	0.97711185 	0.98714871 	0.99845572 	0.99608053 	
0.99946087 	0.98130717 	0.99996806 	0.99950694 	0.99996919 	0.99162549 	0.97979819 	0.99271949 	0.70125431 	0.99032564 	0.99891477 	0.99964905 	0.97711185 	0.98714871 	0.99845572 	0.99608053 	
0.99946087 	0.98130717 	0.99996806 	0.99950694 	0.99996919 	0.99162549 	0.97979819 	0.99271949 	0.70119700 	0.99032564 	0.99891477 	0.99964905 	0.97711185 	0.98714871 	0.99845572 	0.99608053 	
0.99946087 	0.98130717 	0.99996806 	0.99950694 	0.99996919 	0.99162549 	0.97979819 	0.99271949 	0.70119700 	0.99032564 	0.99891477 	0.99964905 	0.97711185 	0.98714871 	0.99845572 	0.99608053 	
0.99946087 	0.98130717 	0.99996806 	0.99950694 	0.99996919 	0.99162549 	0.97979819 	0.99271949 	0.70119700 	0.99032564 	0.99938103 	0.99964905 	0.97711185 	0.98714871 	0.99845572 	0.99608053 	
0.99946087 	0.98130717 	0.99996806 	0.99950694 	0.99996919 	0.99162549 	0.97979819 	0.99271949 	0.70119700 	0.99032564 	0.99938103 	0.99964905 	0.97711185 	0.98714871 	0.99845572 	0.99608053 	
0.99946087 	0.98130717 	0.99996806 	0.99950694 	0.99996919 	0.99162549 	0.97979819 	0.99271949 	0.70119700 	0.99032564 	0.99938103 	0.99964905 	0.97711185 	0.98714871 	0.99845572 	0.99608053 	
0.99946087 	0.98130717 	0.99996806 	0.99950694 	0.99996919 	0.99162549 	0.97979819 	0.99271949 	0.70119700 	0.99032564 	0.99938103 	0.99964905 	0.97711185 	0.98626468 	0.99845572 	0.99608053 	
0.99946087 	0.98130717 	0.99996806 	0.99950694 	0.99996919 	0.99162549 	0.97979819 	0.99271949 	0.70119700 	0.99032564 	0.99938103 	0.99964905 	0.97711185 	0.98626468 	0.99959469 	0.99608053 	
0.99946087 	0.98130717 	0.99996806 	0.99950694 	0.99996919 	0.99162549 	0.97979819 	0.99271949 	0.70119700 	0.99032564 	0.99938103 	0.99964905 	0.97711185 	0.98626468 	0.99959469 	0.99640382 	
0.99946087 	0.98130717 	0.99996806 	0.99950694 	0.99996919 	0.99162549 	0.97979819 	0.99271949 	0.70119700 	0.99032564 	0.99938103 	0.99964905 	0.97711185 	0.98626468 	0.99959469 	0.99640382 	
0.99946087 	0.98130717 	0.99996806 	0.99950694 	0.99996919 	0.99162549 	0.97979819 	0.99271949 	0.70119700 	0.99032564 	0.99938103 	0.99964905 	0.97711185 	0.98626468 	0.99959469 	0.99640382 	
0.99946087 	0.98130717 	0.99998319 	0.99950694 	0.99996919 	0.99162549 	0.97979819 	0.99271949 	0.70119700 	0.99032564 	0.99938103 	0.99964905 	0.97711185 	0.98626468 	0.99959469 	0.99640382 	
0.99946087 	0.98130717 	0.99998319 	0.99984044 	0.99996919 	0.99162549 	0.97979819 	0.99271949 	0.70119700 	0.99032564 	0.99938103 	0.99964905 	0.97711185 	0.98626468 	0.99959469 	0.99640382 	
0.99946087 	0.98130717 	0.99998319 	0.99984044 	0.99996919 	0.99162549 	0.97979819 	0.99271949 	0.70119700 	0.99032564 	0.99938103 	0.99964905 	0.97711185 	0.98626468 	0.99959469 	0.99640382 	
0.99946087 	0.98130717 	0.99998319 	0.99984044 	0.99996919 	0.99950176 	0.97979819 	0.99271949 	0.70119700 	0.99032564 	0.99938103 	0.99964905 	0.97711185 	0.98626468 	0.99959469 	0.99640382 	
0.99946087 	0.98130717 	0.99998319 	0.99984044 	0.99996919 	0.99950176 	0.97979819 	0.99271949 	0.70119700 	0.99032564 	0.99938103 	0.99964905 	0.97711185 	0.98626468 	0.99959469 	0.99640382 	
0.99946087 	0.98130717 	0.99998319 	0.99984044 	0.99996919 	0.99950176 	0.97979819 	0.99777466 	0.70119700 	0.99032564 	0.99938103 	0.99964905 	0.97711185 	0.98626468 	0.99959469 	0.99640382 	
0.99946087 	0.98130717 	0.99998319 	0.99984044 	0.99996919 	0.99950176 	0.97979819 	0.99777466 	0.70119700 	0.99032564 	0.99938103 	0.99964905 	0.97711185 	0.98626468 	0.99959469 	0.99640382 	
0.99946087 	0.98130717 	0.99998319 	0.99984044 	0.99996919 	0.99950176 	0.97979819 	0.99777466 	0.70119700 	0.99051300 	0.99938103 	0.99964905 	0.97711185 	0.98626468 	0.99959469 	0.99640382 	
0.99946087 	0.98130717 	0.99998319 	0.99984044 	0.99996919 	0.99950176 	0.97979819 	0.99777466 	0.70119700 	0.99051300 	0.99963455 	0.99964905 	0.97711185 	0.98626468 	0.99959469 	0.99640382 	
0.99946087 	0.98130717 	0.99998319 	0.99984044 	0.99996919 	0.99950176 	0.97979819 	0.99777466 	0.70119700 	0.99051300 	0.99963455 	0.99964905 	0.97711185 	0.98626468 	0.99959469 	0.99640382 	
0.99946087 	0.98130717 	0.99998319 	0.99984044 	0.99996919 	0.99950176 	0.97979819 	0.99777466 	0.70119700 	0.99051300 	0.99963455 	0.99964905 	0.97721491 	0.98626468 	0.99959469 	0.99640382 	
0.99946087 	0.98130717 	0.99998319 	0.99984044 	0.99996919 	0.99950176 	0.97979819 	0.99777466 	0.70119700 	0.99051300 	0.99963455 	0.99964905 	0.97721491 	0.98569473 	0.99959469 	0.99640382 	
0.99946087 	0.98130717 	0.99998319 	0.99984044 	0.99996919 	0.99950176 	0.97979819 	0.99777466 	0.70119700 	0.99051300 	0.99963455 	0.99964905 	0.97721491 	0.98569473 	0.99969698 	0.99640382 	
0.99946087 	0.98130717 	0.99998319 	0.99984044 	0.99996919 	0.99950176 	0.97979819 	0.99777466 	0.70119700 	0.99051300 	0.99963455 	0.99964905 	0.97721491 	0.98569473 	0.99969698 	0.99655569 	
0.99976937 	0.98130717 	0.99998319 	0.99984044 	0.99996919 	0.99950176 	0.97979819 	0.99777466 	0.70119700 	0.99051300 	0.99963455 	0.99964905 	0.97721491 	0.98569473 	0.99969698 	0.99655569 	
0.99976937 	0.98130717 	0.99998319 	0.99984044 	0.99996919 	0.99950176 	0.97979819 	0.99777466 	0.70119700 	0.99051300 	0.99963455 	0.99964905 	0.97721491 	0.98569473 	0.99969698 	0.99655569 	
0.99976937 	0.98130717 	0.99998319 	0.99984044 	0.99996919 	0.99950176 	0.97979819 	0.99777466 	0.70119700 	0.99051300 	0.99963455 	0.99964905 	0.97721491 	0.98569473 	0.99969698 	0.99655569 	
0.99976937 	0.98130717 	0.99998319 	0.99975614 	0.99996919 	0.99950176 	0.97979819 	0.99777466 	0.70119700 	0.99051300 	0.99963455 	0.99964905 	0.97721491 	0.98569473 	0.99969698 	0.99655569 	
0.99976937 	0.98130717 	0.99998319 	0.99975614 	0.99996919 	0.99950176 	0.97979819 	0.99777466 	0.70119700 	0.99051300 	0.99963455 	0.99964905 	0.97721491 	0.98569473 	0.99969698 	0.99655569 	
0.99976937 	0.98130717 	0.99998319 	0.99975614 	0.99996919 	0.99951746 	0.97979819 	0.99777466 	0.70119700 	0.99051300 	0.99963455 	0.99964905 	0.97721491 	0.98569473 	0.99969698 	0.99655569 	
0.99976937 	0.98130717 	0.99998319 	0.99975614 	0.99996919 	0.99951746 	0.97979819 	0.99777466 	0.70119700 	0.99051300 	0.99963455 	0.99964905 	0.97721491 	0.98569473 	0.99969698 	0.99655569 	
0.99976937 	0.98130717 	0.99998319 	0.99975614 	0.99996919 	0.99951746 	0.97979819 	0.99819571 	0.70119700 	0.99051300 	0.99963455 	0.99964905 	0.97721491 	0.98569473 	0.99969698 	0.99655569 	
0.99976937 	0.98130717 	0.99998319 	0.99975614 	0.99996919 	0.99951746 	0.97979819 	0.99819571 	0.70061951 	0.99051300 	0.99963455 	0.99964905 	0.97721491 	0.98569473 	0.99969698 	0.99655569 	
0.99976937 	0.98130717 	0.99998319 	0.99975614 	0.99996919 	0.99951746 	0.97979819 	0.99819571 	0.70061951 	0.99808248 	0.99963455 	0.99964905 	0.97721491 	0.98569473 	0.99969698 	0.99655569 	
0.99976937 	0.98130717 	0.99998319 	0.99975614 	0.99996919 	0.99951746 	0.97979819 	0.99819571 	0.70061951 	0.99808248 	0.99963455 	0.99964905 	0.97721491 	0.98569473 	0.99969698 	0.99655569 	
0.99976937 	0.98130717 	0.99998319 	0.99975614 	0.99996919 	0.99951746 	0.97979819 	0.99819571 	0.70061951 	0.99808248 	0.99963455 	0.99964905 	0.97721491 	0.98569473 	0.99969698 	0.99655569 	
0.99976937 	0.98130717 	0.99998319 	0.99975614 	0.99996919 	0.99951746 	0.97979819 	0.99819571 	0.70061951 	0.99808248 	0.99963455 	0.99964905 	0.97736788 	0.98569473 	0.99969698 	0.99655569 	
0.99976937 	0.98130717 	0.99998319 	0.99975614 	0.99996919 	0.99951746 	0.97979819 	0.99819571 	0.70061951 	0.99808248 	0.99963455 	0.99964905 	0.97736788 	0.98569473 	0.99969698 	0.99655569 	
0.99976937 	0.98130717 	0.99998319 	0.99975614 	0.99996919 	0.99951746 	0.97979819 	0.99819571 	0.70061951 	0.99808248 	0.99963455 	0.99964905 	0.97736788 	0.98569473 	0.99969698 	0.99655569 	
0.99976937 	0.98130717 	0.99998319 	0.99975614 	0.99996919 	0.99951746 	0.97979819 	0.99819571 	0.70061951 	0.99808248 	0.99963455 	0.99964905 	0.97736788 	0.98569473 	0.99969698 	0.99576635 	
0.99976937 	0.98130717 	0.99998319 	0.99975614 	0.99996919 	0.99951746 	0.97979819 	0.99819571 	0.70061951 	0.99808248 	0.99963455 	0.99964905 	0.97736788 	0.98569473 	0.99969698 	0.99576635 	
0.99976937 	0.98130717 	0.99998319 	0.99975614 	0.99996919 	0.99951746 	0.97979819 	0.99819571 	0.70061951 	0.99808248 	0.99963455 	0.99964905 	0.97736788 	0.98569473 	0.99969698 	0.99576635 	
0.99976937 	0.98130717 	0.99998319 	0.99975614 	0.99996919 	0.99951746 	0.97979819 	0.99819571 	0.70061951 	0.99808248 	0.99963455 	0.99964905 	0.97736788 	0.98569473 	0.99969698 	0.99576635 	
0.99976937 	0.98130717 	0.99998319 	0.99975614 	0.99996919 	0.99951746 	0.97979819 	0.99819571 	0.70061951 	0.99808248 	0.99963455 	0.99964905 	0.97736788 	0.98569473 	0.99969698 	0.99576635 	
0.99976937 	0.98130717 	0.99998319 	0.99975614 	0.99997821 	0.99951746 	0.97979819 	0.99819571 	0.70061951 	0.99808248 	0.99963455 	0.99964905 	0.97736788 	0.98569473 	0.99969698 	0.99576635 	
0.99976937 	0.98130717 	0.99998319 	0.99975614 	0.99997821 	0.99983792 	0.97979819 	0.99819571 	0.70061951 	0.99808248 	0.99963455 	0.99964905 	0.97736788 	0.98569473 	0.99969698 	0.99576635 	
0.99976937 	0.98130717 	0.99998319 	0.99975614 	0.99997821 	0.99983792 	0.97979819 	0.99819571 	0.70061951 	0.99808248 	0.99963455 	0.99964905 	0.97736788 	0.98569473 	0.99969698 	0.99576635 	
0.99976937 	0.98130717 	0.99998319 	0.99975614 	0.99997821 	0.99983792 	0.97979819 	0.99903127 	0.70061951 	0.99808248 	0.99963455 	0.99964905 	0.97736788 	0.98569473 	0.99969698 	0.99576635 	
0.99976937 	0.98130717 	0.99998319 	0.99975614 	0.99997821 	0.99983792 	0.97979819 	0.99903127 	0.69951063 	0.99808248 	0.99963455 	0.99964905 	0.97736788 	0.98569473 	0.99969698 	0.99576635 	
0.99976937 	0.98130717 	0.99998319 	0.99975614 	0.99997821 	0.99983792 	0.97979819 	0.99903127 	0.69951063 	0.99868627 	0.99963455 	0.99964905 	0.97736788 	0.98569473 	0.99969698 	0.99576635 	
0.99976937 	0.98130717 	0.99998319 	0.99975614 	0.99997821 	0.99983792 	0.97979819 	0.99903127 	0.69951063 	0.99868627 	0.99998209 	0.99964905 	0.97736788 	0.98569473 	0.99969698 	0.99576635 	
0.99976937 	0.98130717 	0.99998319 	0.99975614 	0.99997821 	0.99983792 	0.97979819 	0.99903127 	0.69951063 	0.99868627 	0.99998209 	0.99964905 	0.97736788 	0.98569473 	0.99969698 	0.99576635 	
0.99976937 	0.98130717 	0.99998319 	0.99975614 	0.99997821 	0.99983792 	0.97979819 	0.99903127 	0.69951063 	0.99868627 	0.99998209 	0.99964905 	0.97736788 	0.98569473 	0.99969698 	0.99576635 	
0.99976937 	0.98130717 	0.99998319 	0.99975614 	0.99997821 	0.99983792 	0.97979819 	0.99903127 	0.69951063 	0.99868627 	0.99998209 	0.99964905 	0.97736788 	0.98569473 	0.99969698 	0.99576635 	
0.99976937 	0.98130717 	0.99998319 	0.99975614 	0.99997821 	0.99983792 	0.97979819 	0.99903127 	0.69951063 	0.99868627 	0.99998209 	0.99964905 	0.97736788 	0.98569473 	0.99969698 	0.99576635 	
0.99976937 	0.98130717 	0.99998319 	0.99975614 	0.99997821 	0.99983792 	0.97979819 	0.99903127 	0.69951063 	0.99868627 	0.99998209 	0.99964905 	0.97736788 	0.98569473 	0.99969698 	0.99576635 	
0.99976937 	0.98130717 	0.99998319 	0.99975614 	0.99997821 	0.99983792 	0.97979819 	0.99903127 	0.69951063 	0.99868627 	0.99998209 	0.99964905 	0.97736788 	0.98569473 	0.99969698 	0.99576635 	
0.99976937 	0.98130717 	0.99998319 	0.99975614 	0.99997821 	0.99983792 	0.97979819 	0.99903127 	0.69951063 	0.99868627 	0.99998209 	0.99964905 	0.97736788 	0.98569473 	0.99969698 	0.99576635 	
0.99976937 	0.98130717 	0.99998319 	0.99975614 	0.99997821 	0.99983792 	0.97979819 	0.99903127 	0.69951063 	0.99868627 	0.99998209 	0.99964905 	0.97736788 	0.98569473 	0.99969698 	0.99576635 	
0.99976937 	0.98130717 	0.99998319 	0.99975614 	0.99997821 	0.99983792 	0.97979819 	0.99903127 	0.69951063 	0.99868627 	0.99998209 	0.99964905 	0.97736788 	0.98569473 	0.99969698 	0.99576635 	
0.99976937 	0.98130717 	0.99998319 	0.99975614 	0.99997821 	0.99983792 	0.97979819 	0.99903127 	0.69951063 	0.99868627 	0.99998209 	0.99964905 	0.97736788 	0.98569473 	0.99969698 	0.99576635 	
0.99976937 	0.98130717 	0.99998319 	0.99975614 	0.99997821 	0.99990835 	0.97979819 	0.99903127 	0.69951063 	0.99868627 	0.99998209 	0.99964905 	0.97736788 	0.98569473 	0.99969698 	0.99576635 	
0.99976937 	0.98130717 	0.99998319 	0.99975614 	0.99997821 	0.99990835 	0.97979819 	0.99903127 	0.69951063 	0.99868627 	0.99998209 	0.99964905 	0.97736788 	0.98569473 	0.99969698 	0.99576635 	
0.99976937 	0.98130717 	0.99998319 	0.99975614 	0.99997821 	0.99990835 	0.97979819 	0.99900613 	0.69951063 	0.99868627 	0.99998209 	0.99964905 	0.97736788 	0.98569473 	0.99969698 	0.99576635 	
0.99976937 	0.98130717 	0.99998319 	0.99975614 	0.99997821 	0.99990835 	0.97979819 	0.99900613 	0.69923717 	0.99868627 	0.99998209 	0.99964905 	0.97736788 	0.98569473 	0.99969698 	0.99576635 	
0.99976937 	0.98130717 	0.99998319 	0.99975614 	0.99997821 	0.99990835 	0.97979819 	0.99900613 	0.69923717 	0.99895110 	0.99998209 	0.99964905 	0.97736788 	0.98569473 	0.99969698 	0.99576635 	
0.99976937 	0.98130717 	0.99998319 	0.99975614 	0.99997821 	0.99990835 	0.97979819 	0.99900613 	0.69923717 	0.99895110 	0.99998209 	0.99964905 	0.97736788 	0.98569473 	0.99969698 	0.99576635 	
0.99976937 	0.98130717 	0.99998319 	0.99975614 	0.99997821 	0.99990835 	0.97979819 	0.99900613 	0.69923717 	0.99895110 	0.99998209 	0.99972680 	0.97736788 	0.98569473 	0.99969698 	0.99576635 	
0.99976937 	0.98130717 	0.99998319 	0.99975614 	0.99997821 	0.99990835 	0.97979819 	0.99900613 	0.69923717 	0.99895110 	0.99998209 	0.99972680 	0.97795004 	0.98569473 	0.99969698 	0.99576635 	
0.99976937 	0.98130717 	0.99998319 	0.99975614 	0.99997821 	0.99990835 	0.97979819 	0.99900613 	0.69923717 	0.99895110 	0.99998209 	0.99972680 	0.97795004 	0.98569473 	0.99969698 	0.99576635 	
0.99976937 	0.98130717 	0.99998319 	0.99975614 	0.99997821 	0.99990835 	0.97979819 	0.99900613 	0.69923717 	0.99895110 	0.99998209 	0.99972680 	0.97795004 	0.98569473 	0.99991398 	0.99576635 	
0.99976937 	0.98130717 	0.99998319 	0.99975614 	0.99997821 	0.99990835 	0.97979819 	0.99900613 	0.69923717 	0.99895110 	0.99998209 	0.99972680 	0.97795004 	0.98569473 	0.99991398 	0.99576635 	
0.99994840 	0.98130717 	0.99998319 	0.99975614 	0.99997821 	0.99990835 	0.97979819 	0.99900613 	0.69923717 	0.99895110 	0.99998209 	0.99972680 	0.97795004 	0.98569473 	0.99991398 	0.99576635 	
0.99994840 	0.98130717 	0.99998319 	0.99975614 	0.99997821 	0.99990835 	0.97979819 	0.99900613 	0.69923717 	0.99895110 	0.99998209 	0.99972680 	0.97795004 	0.98569473 	0.99991398 	0.99576635 	
0.99994840 	0.98130717 	0.99998319 	0.99975614 	0.99997821 	0.99990835 	0.97979819 	0.99900613 	0.69923717 	0.99895110 	0.99998209 	0.99972680 	0.97795004 	0.98569473 	0.99991398 	0.99576635 	
0.99994840 	0.98130717 	0.99998319 	0.99975614 	0.99997821 	0.99990835 	0.97979819 	0.99900613 	0.69923717 	0.99895110 	0.99998209 	0.99972680 	0.97795004 	0.98569473 	0.99991398 	0.99576635 	
0.99994840 	0.98130717 	0.99998319 	0.99975614 	0.99997821 	0.99990835 	0.97979819 	0.99900613 	0.69923717 	0.99895110 	0.99998209 	0.99972680 	0.97795004 	0.98569473 	0.99991398 	0.99576635 	
0.99994840 	0.98130717 	0.99998319 	0.99975614 	0.99997821 	0.99990835 	0.97979819 	0.99900613 	0.69923717 	0.99895110 	0.99998209 	0.99972680 	0.97795004 	0.98569473 	0.99991398 	0.99576635 	
0.99994840 	0.98130717 	0.99998319 	0.99975614 	0.99997821 	0.99990835 	0.97979819 	0.99900613 	0.69923717 	0.99895110 	0.99998209 	0.99972680 	0.97795004 	0.98569473 	0.99991398 	0.99576635 	
0.99994840 	0.98130717 	0.99998319 	0.99975614 	0.99997821 	0.99990835 	0.97979819 	0.99888344 	0.69923717 	0.99895110 	0.99998209 	0.99972680 	0.97795004 	0.98569473 	0.99991398 	0.99576635 	
0.99994840 	0.98130717 	0.99998319 	0.99975614 	0.99997821 	0.99990835 	0.97979819 	0.99888344 	0.69923717 	0.99895110 	0.99998209 	0.99972680 	0.97795004 	0.98569473 	0.99991398 	0.99576635 	
0.99994840 	0.98130717 	0.99998319 	0.99975614 	0.99997821 	0.99990835 	0.97979819 	0.99888344 	0.69923717 	0.99983191 	0.99998209 	0.99972680 	0.97795004 	0.98569473 	0.99991398 	0.99576635 	
0.99994840 	0.98130717 	0.99998319 	0.99975614 	0.99997821 	0.99990835 	0.97979819 	0.99888344 	0.69923717 	0.99983191 	0.99999201 	0.99972680 	0.97795004 	0.98569473 	0.99991398 	0.99576635 	
0.99994840 	0.98130717 	0.99998319 	0.99975614 	0.99997821 	0.99990835 	0.97979819 	0.99888344 	0.69923717 	0.99983191 	0.99999201 	0.99990792 	0.97795004 	0.98569473 	0.99991398 	0.99576635 	
0.99994840 	0.98130717 	0.99998319 	0.99975614 	0.99997821 	0.99990835 	0.97979819 	0.99888344 	0.69923717 	0.99983191 	0.99999201 	0.99990792 	0.97795004 	0.98569473 	0.99991398 	0.99576635 	
0.99994840 	0.98130717 	0.99998319 	0.99975614 	0.99997821 	0.99990835 	0.97979819 	0.99888344 	0.69923717 	0.99983191 	0.99999201 	0.99990792 	0.97795004 	0.98569473 	0.99991398 	0.99576635 	
0.99994840 	0.98130717 	0.99998319 	0.99975614 	0.99997821 	0.99990835 	0.97979819 	0.99888344 	0.69923717 	0.99983191 	0.99999201 	0.99990792 	0.97795004 	0.98569473 	0.99996064 	0.99576635 	
0.99994840 	0.98130717 	0.99998319 	0.99975614 	0.99997821 	0.99990835 	0.97979819 	0.99888344 	0.69923717 	0.99983191 	0.99999201 	0.99990792 	0.97795004 	0.98569473 	0.99996064 	0.99576635 	
0.99997023 	0.98130717 	0.99998319 	0.99975614 	0.99997821 	0.99990835 	0.97979819 	0.99888344 	0.69923717 	0.99983191 	0.99999201 	0.99990792 	0.97795004 	0.98569473 	0.99996064 	0.99576635 	
0.99997023 	0.98130717 	0.99998319 	0.99975614 	0.99997821 	0.99990835 	0.97979819 	0.99888344 	0.69923717 	0.99983191 	0.99999201 	0.99990792 	0.97795004 	0.98569473 	0.99996064 	0.99576635 	
0.99997023 	0.98130717 	0.99998389 	0.99975614 	0.99997821 	0.99990835 	0.97979819 	0.99888344 	0.69923717 	0.99983191 	0.99999201 	0.99990792 	0.97795004 	0.98569473 	0.99996064 	0.99576635 	
0.99997023 	0.98130717 	0.99998389 	0.99975614 	0.99997821 	0.99990835 	0.97979819 	0.99888344 	0.69923717 	0.99983191 	0.99999201 	0.99990792 	0.97795004 	0.98569473 	0.99996064 	0.99576635 	
0.99997023 	0.98130717 	0.99998389 	0.99975614 	0.99998304 	0.99990835 	0.97979819 	0.99888344 	0.69923717 	0.99983191 	0.99999201 	0.99990792 	0.97795004 	0.98569473 	0.99996064 	0.99576635 	
0.99997023 	0.98130717 	0.99998389 	0.99975614 	0.99998304 	0.99993229 	0.97979819 	0.99888344 	0.69923717 	0.99983191 	0.99999201 	0.99990792 	0.97795004 	0.98569473 	0.99996064 	0.99576635 	
0.99997023 	0.98130717 	0.99998389 	0.99975614 	0.99998304 	0.99993229 	0.97979819 	0.99888344 	0.69923717 	0.99983191 	0.99999201 	0.99990792 	0.97795004 	0.98569473 	0.99996064 	0.99576635 	
0.99997023 	0.98130717 	0.99998389 	0.99975614 	0.99998304 	0.99993229 	0.97979819 	0.99886887 	0.69923717 	0.99983191 	0.99999201 	0.99990792 	0.97795004 	0.98569473 	0.99996064 	0.99576635 	
0.99997023 	0.98130717 	0.99998389 	0.99975614 	0.99998304 	0.99993229 	0.97979819 	0.99886887 	0.69891855 	0.99983191 	0.99999201 	0.99990792 	0.97795004 	0.98569473 	0.99996064 	0.99576635 	
0.99997023 	0.98130717 	0.99998389 	0.99975614 	0.99998304 	0.99993229 	0.97979819 	0.99886887 	0.69891855 	0.99983191 	0.99999201 	0.99990792 	0.97795004 	0.98569473 	0.99996064 	0.99576635 	
0.99997023 	0.98130717 	0.99998389 	0.99975614 	0.99998304 	0.99993229 	0.97979819 	0.99886887 	0.69891855 	0.99983191 	0.99999314 	0.99990792 	0.97795004 	0.98569473 	0.99996064 	0.99576635 	
0.99997023 	0.98130717 	0.99998389 	0.99975614 	0.99998304 	0.99993229 	0.97979819 	0.99886887 	0.69891855 	0.99983191 	0.99999314 	0.99990792 	0.97795004 	0.98569473 	0.99996064 	0.99576635 	
0.99997023 	0.98130717 	0.99998389 	0.99975614 	0.99998304 	0.99993229 	0.97979819 	0.99886887 	0.69891855 	0.99983191 	0.99999314 	0.99990792 	0.97795004 	0.98569473 	0.99996064 	0.99576635 	
0.99997023 	0.98130717 	0.99998389 	0.99975614 	0.99998304 	0.99993229 	0.97979819 	0.99886887 	0.69891855 	0.99983191 	0.99999314 	0.99990792 	0.97795004 	0.98569473 	0.99996064 	0.99576635 	
0.99997023 	0.98130717 	0.99998389 	0.99975614 	0.99998304 	0.99993229 	0.97979819 	0.99886887 	0.69891855 	0.99983191 	0.99999314 	0.99990792 	0.97795004 	0.98569473 	0.99999409 	0.99576635 	
0.99997023 	0.98130717 	0.99998389 	0.99975614 	0.99998304 	0.99993229 	0.97979819 	0.99886887 	0.69891855 	0.99983191 	0.99999314 	0.99990792 	0.97795004 	0.98569473 	0.99999409 	0.99572517 	
0.99997023 	0.98130717 	0.99998389 	0.99975614 	0.99998304 	0.99993229 	0.97979819 	0.99886887 	0.69891855 	0.99983191 	0.99999314 	0.99990792 	0.97795004 	0.98569473 	0.99999409 	0.99572517 	
0.99997023 	0.98130717 	0.99998389 	0.99975614 	0.99998304 	0.99993229 	0.97979819 	0.99886887 	0.69891855 	0.99983191 	0.99999314 	0.99990792 	0.97795004 	0.98569473 	0.99999409 	0.99572517 	
0.99997023 	0.98130717 	0.99999547 	0.99975614 	0.99998304 	0.99993229 	0.97979819 	0.99886887 	0.69891855 	0.99983191 	0.99999314 	0.99990792 	0.97795004 	0.98569473 	0.99999409 	0.99572517 	
0.99997023 	0.98130717 	0.99999547 	0.99975614 	0.99998304 	0.99993229 	0.97979819 	0.99886887 	0.69891855 	0.99983191 	0.99999314 	0.99990792 	0.97795004 	0.98569473 	0.99999409 	0.99572517 	
0.99997023 	0.98130717 	0.99999547 	0.99975614 	0.99998304 	0.99993229 	0.97979819 	0.99886887 	0.69891855 	0.99983191 	0.99999314 	0.99990792 	0.97795004 	0.98569473 	0.99999409 	0.99572517 	
0.99997023 	0.98130717 	0.99999547 	0.99975614 	0.99998304 	0.99993229 	0.97979819 	0.99886887 	0.69891855 	0.99983191 	0.99999314 	0.99990792 	0.97795004 	0.98569473 	0.99999409 	0.99572517 	
0.99997023 	0.98130717 	0.99999547 	0.99975614 	0.99998304 	0.99993229 	0.97979819 	0.99886887 	0.69891855 	0.99983191 	0.99999314 	0.99990792 	0.97795004 	0.98569473 	0.99999409 	0.99572517 	
0.99997023 	0.98130717 	0.99999547 	0.99975614 	0.99998304 	0.99993229 	0.97979819 	0.99886887 	0.69891855 	0.99983191 	0.99999314 	0.99990792 	0.97795004 	0.98569473 	0.99999409 	0.99572517 	
0.99997023 	0.98130717 	0.99999547 	0.99975614 	0.99998304 	0.99993229 	0.97979819 	0.99886887 	0.69891855 	0.99983191 	0.99999314 	0.99990792 	0.97795004 	0.98569473 	0.99999409 	0.99572517 	
0.99997023 	0.98130717 	0.99999547 	0.99975614 	0.99998304 	0.99993229 	0.97979819 	0.99886887 	0.69891855 	0.99992130 	0.99999314 	0.99990792 	0.97795004 	0.98569473 	0.99999409 	0.99572517 	
0.99997023 	0.98130717 	0.99999547 	0.99975614 	0.99998304 	0.99993229 	0.97979819 	0.99886887 	0.69891855 	0.99992130 	0.99999851 	0.99990792 	0.97795004 	0.98569473 	0.99999409 	0.99572517 	
0.99997023 	0.98130717 	0.99999547 	0.99975614 	0.99998304 	0.99993229 	0.97979819 	0.99886887 	0.69891855 	0.99992130 	0.99999851 	0.99990792 	0.97795004 	0.98569473 	0.99999409 	0.99572517 	
0.99997023 	0.98130717 	0.99999547 	0.99975614 	0.99998304 	0.99993229 	0.97979819 	0.99886887 	0.69891855 	0.99992130 	0.99999851 	0.99990792 	0.97795004 	0.98569473 	0.99999409 	0.99572517 	
0.99997023 	0.98130717 	0.99999547 	0.99975614 	0.99998304 	0.99993229 	0.97979819 	0.99886887 	0.69891855 	0.99992130 	0.99999851 	0.99990792 	0.97795004 	0.98571562 	0.99999409 	0.99572517 	
0.99997023 	0.98130717 	0.99999547 	0.99975614 	0.99998304 	0.99993229 	0.97979819 	0.99886887 	0.69891855 	0.99992130 	0.99999851 	0.99990792 	0.97795004 	0.98571562 	0.99999409 	0.99572517 	
0.99997023 	0.98130717 	0.99999547 	0.99975614 	0.99998304 	0.99993229 	0.97979819 	0.99886887 	0.69891855 	0.99992130 	0.99999851 	0.99990792 	0.97795004 	0.98571562 	0.99999409 	0.99568362 	
0.99997608 	0.98130717 	0.99999547 	0.99975614 	0.99998304 	0.99993229 	0.97979819 	0.99886887 	0.69891855 	0.99992130 	0.99999851 	0.99990792 	0.97795004 	0.98571562 	0.99999409 	0.99568362 	
0.99997608 	0.98130717 	0.99999547 	0.99975614 	0.99998304 	0.99993229 	0.97979819 	0.99886887 	0.69891855 	0.99992130 	0.99999851 	0.99990792 	0.97795004 	0.98571562 	0.99999409 	0.99568362 	
0.99997608 	0.98130717 	0.99999547 	0.99975614 	0.99998304 	0.99993229 	0.97979819 	0.99886887 	0.69891855 	0.99992130 	0.99999851 	0.99990792 	0.97795004 	0.98571562 	0.99999409 	0.99568362 	
0.99997608 	0.98130717 	0.99999547 	0.99975614 	0.99998304 	0.99993229 	0.97979819 	0.99886887 	0.69891855 	0.99992130 	0.99999851 	0.99990792 	0.97795004 	0.98571562 	0.99999409 	0.99568362 	
0.99997608 	0.98130717 	0.99999547 	0.99975614 	0.99998387 	0.99993229 	0.97979819 	0.99886887 	0.69891855 	0.99992130 	0.99999851 	0.99990792 	0.97795004 	0.98571562 	0.99999409 	0.99568362 	
0.99997608 	0.98130717 	0.99999547 	0.99975614 	0.99998387 	0.99993548 	0.97979819 	0.99886887 	0.69891855 	0.99992130 	0.99999851 	0.99990792 	0.97795004 	0.98571562 	0.99999409 	0.99568362 	
0.99997608 	0.98130717 	0.99999547 	0.99975614 	0.99998387 	0.99993548 	0.97968702 	0.99886887 	0.69891855 	0.99992130 	0.99999851 	0.99990792 	0.97795004 	0.98571562 	0.99999409 	0.99568362 	
0.99997608 	0.98130717 	0.99999547 	0.99975614 	0.99998387 	0.99993548 	0.97968702 	0.99886855 	0.69891855 	0.99992130 	0.99999851 	0.99990792 	0.97795004 	0.98571562 	0.99999409 	0.99568362 	
0.99997608 	0.98130717 	0.99999547 	0.99975614 	0.99998387 	0.99993548 	0.97968702 	0.99886855 	0.69881806 	0.99992130 	0.99999851 	0.99990792 	0.97795004 	0.98571562 	0.99999409 	0.99568362 	
0.99997608 	0.98130717 	0.99999547 	0.99975614 	0.99998387 	0.99993548 	0.97968702 	0.99886855 	0.69881806 	0.99992130 	0.99999851 	0.99990792 	0.97795004 	0.98571562 	0.99999409 	0.99568362 	
0.99997608 	0.98130717 	0.99999547 	0.99975614 	0.99998387 	0.99993548 	0.97968702 	0.99886855 	0.69881806 	0.99992130 	0.99999851 	0.99990792 	0.97795004 	0.98571562 	0.99999409 	0.99568362 	
0.99997608 	0.98130717 	0.99999547 	0.99975614 	0.99998387 	0.99993548 	0.97968702 	0.99886855 	0.69881806 	0.99992130 	0.99999851 	0.99990969 	0.97795004 	0.98571562 	0.99999409 	0.99568362 	
0.99997608 	0.98130717 	0.99999547 	0.99975614 	0.99998387 	0.99993548 	0.97968702 	0.99886855 	0.69881806 	0.99992130 	0.99999851 	0.99990969 	0.97804906 	0.98571562 	0.99999409 	0.99568362 	
0.99997608 	0.98130717 	0.99999547 	0.99975614 	0.99998387 	0.99993548 	0.97968702 	0.99886855 	0.69881806 	0.99992130 	0.99999851 	0.99990969 	0.97804906 	0.98577644 	0.99999409 	0.99568362 	
0.99997608 	0.98130717 	0.99999547 	0.99975614 	0.99998387 	0.99993548 	0.97968702 	0.99886855 	0.69881806 	0.99992130 	0.99999851 	0.99990969 	0.97804906 	0.98577644 	0.99999409 	0.99568362 	
0.99997608 	0.98130717 	0.99999547 	0.99975614 	0.99998387 	0.99993548 	0.97968702 	0.99886855 	0.69881806 	0.99992130 	0.99999851 	0.99990969 	0.97804906 	0.98577644 	0.99999409 	0.99565548 	
0.99997608 	0.98130717 	0.99999547 	0.99975614 	0.99998387 	0.99993548 	0.97968702 	0.99886855 	0.69881806 	0.99992130 	0.99999851 	0.99990969 	0.97804906 	0.98577644 	0.99999409 	0.99565548 	
0.99997608 	0.98129543 	0.99999547 	0.99975614 	0.99998387 	0.99993548 	0.97968702 	0.99886855 	0.69881806 	0.99992130 	0.99999851 	0.99990969 	0.97804906 	0.98577644 	0.99999409 	0.99565548 	
0.99997608 	0.98129543 	0.99999547 	0.99975614 	0.99998387 	0.99993548 	0.97968702 	0.99886855 	0.69881806 	0.99992130 	0.99999851 	0.99990969 	0.97804906 	0.98577644 	0.99999409 	0.99565548 	
0.99997608 	0.98129543 	0.99999547 	0.99975614 	0.99998387 	0.99993548 	0.97968702 	0.99886855 	0.69881806 	0.99992130 	0.99999851 	0.99990969 	0.97804906 	0.98577644 	0.99999409 	0.99565548 	
0.99997608 	0.98129543 	0.99999547 	0.99975614 	0.99998387 	0.99993548 	0.97968702 	0.99886855 	0.69881806 	0.99992130 	0.99999851 	0.99990969 	0.97804906 	0.98577644 	0.99999409 	0.99565548 	
0.99997608 	0.98129543 	0.99999547 	0.99975614 	0.99998387 	0.99997979 	0.97968702 	0.99886855 	0.69881806 	0.99992130 	0.99999851 	0.99990969 	0.97804906 	0.98577644 	0.99999409 	0.99565548 	
0.99997608 	0.98129543 	0.99999547 	0.99975614 	0.99998387 	0.99997979 	0.97968871 	0.99886855 	0.69881806 	0.99992130 	0.99999851 	0.99990969 	0.97804906 	0.98577644 	0.99999409 	0.99565548 	
0.99997608 	0.98129543 	0.99999547 	0.99975614 	0.99998387 	0.99997979 	0.97968871 	0.99886855 	0.69881806 	0.99992130 	0.99999851 	0.99990969 	0.97804906 	0.98577644 	0.99999409 	0.99565548 	
0.99997608 	0.98129543 	0.99999547 	0.99975614 	0.99998387 	0.99997979 	0.97968871 	0.99886855 	0.69881806 	0.99992130 	0.99999851 	0.99990969 	0.97804906 	0.98577644 	0.99999409 	0.99565548 	
0.99997608 	0.98129543 	0.99999547 	0.99975614 	0.99998387 	0.99997979 	0.97968871 	0.99886855 	0.69881806 	0.99999544 	0.99999851 	0.99990969 	0.97804906 	0.98577644 	0.99999409 	0.99565548 	
0.99997608 	0.98129543 	0.99999547 	0.99975614 	0.99998387 	0.99997979 	0.97968871 	0.99886855 	0.69881806 	0.99999544 	0.99999851 	0.99990969 	0.97804906 	0.98577644 	0.99999409 	0.99565548 	
0.99997608 	0.98129543 	0.99999547 	0.99975614 	0.99998387 	0.99997979 	0.97968871 	0.99886855 	0.69881806 	0.99999544 	0.99999851 	0.99990969 	0.97804906 	0.98577644 	0.99999409 	0.99565548 	
0.99997608 	0.98129543 	0.99999547 	0.99975614 	0.99998387 	0.99997979 	0.97968871 	0.99886855 	0.69881806 	0.99999544 	0.99999851 	0.99990969 	0.97813512 	0.98577644 	0.99999409 	0.99565548 	
0.99997608 	0.98129543 	0.99999547 	0.99975614 	0.99998387 	0.99997979 	0.97968871 	0.99886855 	0.69881806 	0.99999544 	0.99999851 	0.99990969 	0.97813512 	0.98577644 	0.99999409 	0.99565548 	
0.99997608 	0.98129543 	0.99999547 	0.99975614 	0.99998387 	0.99997979 	0.97968871 	0.99886855 	0.69881806 	0.99999544 	0.99999851 	0.99990969 	0.97813512 	0.98577644 	0.99999646 	0.99565548 	
0.99997608 	0.98129543 	0.99999547 	0.99975614 	0.99998387 	0.99997979 	0.97968871 	0.99886855 	0.69881806 	0.99999544 	0.99999851 	0.99990969 	0.97813512 	0.98577644 	0.99999646 	0.99565548 	
0.99997608 	0.98129543 	0.99999547 	0.99975614 	0.99998387 	0.99997979 	0.97968871 	0.99886855 	0.69881806 	0.99999544 	0.99999851 	0.99990969 	0.97813512 	0.98577644 	0.99999646 	0.99565548 	
0.99997608 	0.98129543 	0.99999547 	0.99975614 	0.99998387 	0.99997979 	0.97968871 	0.99886855 	0.69881806 	0.99999544 	0.99999851 	0.99990969 	0.97813512 	0.98577644 	0.99999646 	0.99565548 	
0.99997608 	0.98129543 	0.99999547 	0.99975614 	0.99998387 	0.99997979 	0.97968871 	0.99886855 	0.69881806 	0.99999544 	0.99999851 	0.99990969 	0.97813512 	0.98577644 	0.99999646 	0.99565548 	
0.99997608 	0.98129543 	0.99999547 	0.99975614 	0.99998387 	0.99997979 	0.97968871 	0.99886855 	0.69881806 	0.99999544 	0.99999851 	0.99990969 	0.97813512 	0.98577644 	0.99999646 	0.99565548 	
0.99997608 	0.98129543 	0.99999547 	0.99975614 	0.99998387 	0.99997979 	0.97968871 	0.99886855 	0.69881806 	0.99999544 	0.99999851 	0.99990969 	0.97813512 	0.98577644 	0.99999646 	0.99565548 	
0.99997608 	0.98129543 	0.99999547 	0.99975614 	0.99998387 	0.99997979 	0.97968871 	0.99886855 	0.69881806 	0.99999544 	0.99999851 	0.99990969 	0.97813512 	0.98577644 	0.99999646 	0.99565548 	
0.99997608 	0.98129543 	0.99999547 	0.99975614 	0.99998387 	0.99997979 	0.97974142 	0.99886855 	0.69881806 	0.99999544 	0.99999851 	0.99990969 	0.97813512 	0.98577644 	0.99999646 	0.99565548 	
0.99997608 	0.98129543 	0.99999547 	0.99975614 	0.99998387 	0.99997979 	0.97974142 	0.99886855 	0.69881806 	0.99999544 	0.99999851 	0.99990969 	0.97813512 	0.98577644 	0.99999646 	0.99565548 	
0.99997608 	0.98129543 	0.99999547 	0.99975614 	0.99998387 	0.99997979 	0.97974142 	0.99886855 	0.69881806 	0.99999544 	0.99999851 	0.99990969 	0.97813512 	0.98577644 	0.99999646 	0.99565548 	
0.99997608 	0.98129543 	0.99999547 	0.99975614 	0.99998387 	0.99997979 	0.97974142 	0.99886855 	0.69881806 	0.99999544 	0.99999851 	0.99990969 	0.97813512 	0.98577644 	0.99999646 	0.99565548 	
0.99997608 	0.98129543 	0.99999547 	0.99975614 	0.99998387 	0.99997979 	0.97974142 	0.99886855 	0.69881806 	0.99999544 	0.99999851 	0.99990969 	0.97813512 	0.98577644 	0.99999646 	0.99565548 	
0.99997608 	0.98129543 	0.99999547 	0.99975614 	0.99998387 	0.99997979 	0.97974142 	0.99886855 	0.69881806 	0.99999544 	0.99999851 	0.99998054 	0.97813512 	0.98577644 	0.99999646 	0.99565548 	
0.99997608 	0.98129543 	0.99999547 	0.99975614 	0.99998387 	0.99997979 	0.97974142 	0.99886855 	0.69881806 	0.99999544 	0.99999851 	0.99998054 	0.97812709 	0.98577644 	0.99999646 	0.99565548 	
0.99997608 	0.98129543 	0.99999547 	0.99975614 	0.99998387 	0.99997979 	0.97974142 	0.99886855 	0.69881806 	0.99999544 	0.99999851 	0.99998054 	0.97812709 	0.98577749 	0.99999646 	0.99565548 	
0.99997608 	0.98129543 	0.99999547 	0.99975614 	0.99998387 	0.99997979 	0.97974142 	0.99886855 	0.69881806 	0.99999544 	0.99999851 	0.99998054 	0.97812709 	0.98577749 	0.99999646 	0.99565548 	
0.99997608 	0.98129543 	0.99999547 	0.99975614 	0.99998387 	0.99997979 	0.97974142 	0.99886855 	0.69881806 	0.99999544 	0.99999851 	0.99998054 	0.97812709 	0.98577749 	0.99999646 	0.99560579 	
0.99997608 	0.98129543 	0.99999547 	0.99975614 	0.99998387 	0.99997979 	0.97974142 	0.99886855 	0.69881806 	0.99999544 	0.99999851 	0.99998054 	0.97812709 	0.98577749 	0.99999646 	0.99560579 	
0.99997608 	0.98129543 	0.99999547 	0.99975614 	0.99998387 	0.99997979 	0.97974142 	0.99886855 	0.69881806 	0.99999544 	0.99999851 	0.99998054 	0.97812709 	0.98577749 	0.99999646 	0.99560579 	
0.99997608 	0.98129543 	0.99999547 	0.99975614 	0.99998387 	0.99997979 	0.97974142 	0.99886855 	0.69881806 	0.99999544 	0.99999851 	0.99998054 	0.97812709 	0.98577749 	0.99999646 	0.99560579 	
0.99997608 	0.98129543 	0.99999547 	0.99962373 	0.99998387 	0.99997979 	0.97974142 	0.99886855 	0.69881806 	0.99999544 	0.99999851 	0.99998054 	0.97812709 	0.98577749 	0.99999646 	0.99560579 	
0.99997608 	0.98129543 	0.99999547 	0.99962373 	0.99998387 	0.99997979 	0.97974142 	0.99886855 	0.69881806 	0.99999544 	0.99999851 	0.99998054 	0.97812709 	0.98577749 	0.99999646 	0.99560579 	
0.99997608 	0.98129543 	0.99999547 	0.99962373 	0.99998387 	0.99999218 	0.97974142 	0.99886855 	0.69881806 	0.99999544 	0.99999851 	0.99998054 	0.97812709 	0.98577749 	0.99999646 	0.99560579 	
0.99997608 	0.98129543 	0.99999547 	0.99962373 	0.99998387 	0.99999218 	0.97968871 	0.99886855 	0.69881806 	0.99999544 	0.99999851 	0.99998054 	0.97812709 	0.98577749 	0.99999646 	0.99560579 	
0.99997608 	0.98129543 	0.99999547 	0.99962373 	0.99998387 	0.99999218 	0.97968871 	0.99886855 	0.69881806 	0.99999544 	0.99999851 	0.99998054 	0.97812709 	0.98577749 	0.99999646 	0.99560579 	
0.99997608 	0.98129543 	0.99999547 	0.99962373 	0.99998387 	0.99999218 	0.97968871 	0.99886855 	0.69881806 	0.99999544 	0.99999851 	0.99998054 	0.97812709 	0.98577749 	0.99999646 	0.99560579 	
0.99997608 	0.98129543 	0.99999547 	0.99962373 	0.99998387 	0.99999218 	0.97968871 	0.99886855 	0.69881806 	0.99999882 	0.99999851 	0.99998054 	0.97812709 	0.98577749 	0.99999646 	0.99560579 	
0.99997608 	0.98129543 	0.99999547 	0.99962373 	0.99998387 	0.99999218 	0.97968871 	0.99886855 	0.69881806 	0.99999882 	0.99999851 	0.99998054 	0.97812709 	0.98577749 	0.99999646 	0.99560579 	
0.99997608 	0.98129543 	0.99999547 	0.99962373 	0.99998387 	0.99999218 	0.97968871 	0.99886855 	0.69881806 	0.99999882 	0.99999851 	0.99999568 	0.97812709 	0.98577749 	0.99999646 	0.99560579 	
0.99997608 	0.98129543 	0.99999547 	0.99962373 	0.99998387 	0.99999218 	0.97968871 	0.99886855 	0.69881806 	0.99999882 	0.99999851 	0.99999568 	0.97812668 	0.98577749 	0.99999646 	0.99560579 	
0.99997608 	0.98129543 	0.99999547 	0.99962373 	0.99998387 	0.99999218 	0.97968871 	0.99886855 	0.69881806 	0.99999882 	0.99999851 	0.99999568 	0.97812668 	0.98577749 	0.99999646 	0.99560579 	
0.99997608 	0.98129543 	0.99999547 	0.99962373 	0.99998387 	0.99999218 	0.97968871 	0.99886855 	0.69881806 	0.99999882 	0.99999851 	0.99999568 	0.97812668 	0.98577749 	0.99999646 	0.99560579 	
0.99997608 	0.98129543 	0.99999547 	0.99962373 	0.99998387 	0.99999218 	0.97968871 	0.99886855 	0.69881806 	0.99999882 	0.99999851 	0.99999568 	0.97812668 	0.98577749 	0.99999646 	0.99557696 	
0.99997608 	0.98129543 	0.99999547 	0.99962373 	0.99998387 	0.99999218 	0.97968871 	0.99886855 	0.69881806 	0.99999882 	0.99999851 	0.99999568 	0.97812668 	0.98577749 	0.99999646 	0.99557696 	
0.99997608 	0.98121924 	0.99999547 	0.99962373 	0.99998387 	0.99999218 	0.97968871 	0.99886855 	0.69881806 	0.99999882 	0.99999851 	0.99999568 	0.97812668 	0.98577749 	0.99999646 	0.99557696 	
0.99997608 	0.98121924 	0.99999643 	0.99962373 	0.99998387 	0.99999218 	0.97968871 	0.99886855 	0.69881806 	0.99999882 	0.99999851 	0.99999568 	0.97812668 	0.98577749 	0.99999646 	0.99557696 	
0.99997608 	0.98121924 	0.99999643 	0.99962373 	0.99998387 	0.99999218 	0.97968871 	0.99886855 	0.69881806 	0.99999882 	0.99999851 	0.99999568 	0.97812668 	0.98577749 	0.99999646 	0.99557696 	
0.99997608 	0.98121924 	0.99999643 	0.99962373 	0.99998387 	0.99999218 	0.97968871 	0.99886855 	0.69881806 	0.99999882 	0.99999851 	0.99999568 	0.97812668 	0.98577749 	0.99999646 	0.99557696 	
0.99997608 	0.98121924 	0.99999643 	0.99962373 	0.99998387 	0.99999218 	0.97968871 	0.99886855 	0.69881806 	0.99999882 	0.99999851 	0.99999568 	0.97812668 	0.98577749 	0.99999646 	0.99557696 	
0.99997608 	0.98121924 	0.99999643 	0.99962373 	0.99998387 	0.99999218 	0.97968871 	0.99886855 	0.69881806 	0.99999882 	0.99999851 	0.99999568 	0.97812668 	0.98577749 	0.99999646 	0.99557696 	
0.99997608 	0.98121924 	0.99999643 	0.99962373 	0.99998387 	0.99999218 	0.97968871 	0.99886855 	0.69881806 	0.99999882 	0.99999851 	0.99999568 	0.97812668 	0.98577749 	0.99999646 	0.99557696 	
0.99997608 	0.98121924 	0.99999643 	0.99962373 	0.99998387 	0.99999218 	0.97968871 	0.99886855 	0.69881806 	0.99999882 	0.99999851 	0.99999568 	0.97812668 	0.98577749 	0.99999646 	0.99557696 	
0.99997608 	0.98121924 	0.99999643 	0.99962373 	0.99998387 	0.99999218 	0.97968871 	0.99886855 	0.69881806 	0.99999882 	0.99999851 	0.99999568 	0.97812668 	0.98577749 	0.99999646 	0.99557696 	
0.99997608 	0.98121924 	0.99999643 	0.99962373 	0.99998387 	0.99999218 	0.97968871 	0.99886855 	0.69881806 	0.99999882 	0.99999851 	0.99999568 	0.97812668 	0.98577749 	0.99999646 	0.99557696 	
0.99997608 	0.98121924 	0.99999643 	0.99962373 	0.99998387 	0.99999218 	0.97968871 	0.99886855 	0.69881806 	0.99999882 	0.99999851 	0.99999568 	0.97812668 	0.98577749 	0.99999646 	0.99557696 	
0.99997608 	0.98121924 	0.99999643 	0.99962373 	0.99998387 	0.99999218 	0.97968871 	0.99886855 	0.69881806 	0.99999882 	0.99999851 	0.99999568 	0.97812610 	0.98577749 	0.99999646 	0.99557696 	
0.99997608 	0.98121924 	0.99999643 	0.99962373 	0.99998387 	0.99999218 	0.97968871 	0.99886855 	0.69881806 	0.99999882 	0.99999851 	0.99999568 	0.97812610 	0.98577749 	0.99999646 	0.99557696 	
0.99997608 	0.98121924 	0.99999643 	0.99962373 	0.99998387 	0.99999218 	0.97968871 	0.99886855 	0.69881806 	0.99999882 	0.99999851 	0.99999568 	0.97812610 	0.98577749 	0.99999646 	0.99557696 	
0.99997608 	0.98121924 	0.99999643 	0.99962373 	0.99998387 	0.99999218 	0.97968871 	0.99886855 	0.69881806 	0.99999882 	0.99999851 	0.99999568 	0.97812610 	0.98577749 	0.99999646 	0.99554702 	
0.99997608 	0.98121924 	0.99999643 	0.99962373 	0.99998387 	0.99999218 	0.97968871 	0.99886855 	0.69881806 	0.99999882 	0.99999851 	0.99999568 	0.97812610 	0.98577749 	0.99999646 	0.99554702 	
0.99997608 	0.98121924 	0.99999643 	0.99962373 	0.99998387 	0.99999218 	0.97968871 	0.99886855 	0.69881806 	0.99999882 	0.99999851 	0.99999568 	0.97812610 	0.98577749 	0.99999646 	0.99554702 	
0.99997608 	0.98121924 	0.99999643 	0.99962373 	0.99998387 	0.99999218 	0.97968871 	0.99886855 	0.69881806 	0.99999882 	0.99999851 	0.99999568 	0.97812610 	0.98577749 	0.99999646 	0.99554702 	
0.99997608 	0.98121924 	0.99999643 	0.99963273 	0.99998387 	0.99999218 	0.97968871 	0.99886855 	0.69881806 	0.99999882 	0.99999851 	0.99999568 	0.97812610 	0.98577749 	0.99999646 	0.99554702 	
0.99997608 	0.98121924 	0.99999643 	0.99963273 	0.99998387 	0.99999218 	0.97968871 	0.99886855 	0.69881806 	0.99999882 	0.99999851 	0.99999568 	0.97812610 	0.98577749 	0.99999646 	0.99554702 	
0.99997608 	0.98121924 	0.99999643 	0.99963273 	0.99998387 	0.99999832 	0.97968871 	0.99886855 	0.69881806 	0.99999882 	0.99999851 	0.99999568 	0.97812610 	0.98577749 	0.99999646 	0.99554702 	
0.99997608 	0.98121924 	0.99999643 	0.99963273 	0.99998387 	0.99999832 	0.97968871 	0.99886855 	0.69881806 	0.99999882 	0.99999851 	0.99999568 	0.97812610 	0.98577749 	0.99999646 	0.99554702 	
0.99997608 	0.98121924 	0.99999643 	0.99963273 	0.99998387 	0.99999832 	0.97968871 	0.99886855 	0.69881806 	0.99999882 	0.99999851 	0.99999568 	0.97812610 	0.98577749 	0.99999646 	0.99554702 	
0.99997608 	0.98121924 	0.99999643 	0.99963273 	0.99998387 	0.99999832 	0.97968871 	0.99886855 	0.69881806 	0.99999882 	0.99999851 	0.99999568 	0.97812610 	0.98577749 	0.99999646 	0.99554702 	
0.99997608 	0.98121924 	0.99999643 	0.99963273 	0.99998387 	0.99999832 	0.97968871 	0.99886855 	0.69881806 	0.99999882 	0.99999851 	0.99999568 	0.97812610 	0.98577749 	0.99999646 	0.99554702 	
0.99997608 	0.98121924 	0.99999643 	0.99963273 	0.99998387 	0.99999832 	0.97968871 	0.99886855 	0.69881806 	0.99999882 	0.99999851 	0.99999568 	0.97812610 	0.98577749 	0.99999646 	0.99554702 	
0.99997608 	0.98121924 	0.99999643 	0.99963273 	0.99998387 	0.99999832 	0.97968871 	0.99886855 	0.69881806 	0.99999882 	0.99999851 	0.99999766 	0.97812610 	0.98577749 	0.99999646 	0.99554702 	
0.99997608 	0.98121924 	0.99999643 	0.99963273 	0.99998387 	0.99999832 	0.97968871 	0.99886855 	0.69881806 	0.99999882 	0.99999851 	0.99999766 	0.97812610 	0.98577749 	0.99999646 	0.99554702 	
0.99997608 	0.98121924 	0.99999643 	0.99963273 	0.99998387 	0.99999832 	0.97968871 	0.99886855 	0.69881806 	0.99999882 	0.99999851 	0.99999766 	0.97812610 	0.98578735 	0.99999646 	0.99554702 	
0.99997608 	0.98121924 	0.99999643 	0.99963273 	0.99998387 	0.99999832 	0.97968871 	0.99886855 	0.69881806 	0.99999882 	0.99999851 	0.99999766 	0.97812610 	0.98578735 	0.99999646 	0.99554702 	
0.99997608 	0.98121924 	0.99999643 	0.99963273 	0.99998387 	0.99999832 	0.97968871 	0.99886855 	0.69881806 	0.99999882 	0.99999851 	0.99999766 	0.97812610 	0.98578735 	0.99999646 	0.99554702 	
0.99997620 	0.98121924 	0.99999643 	0.99963273 	0.99998387 	0.99999832 	0.97968871 	0.99886855 	0.69881806 	0.99999882 	0.99999851 	0.99999766 	0.97812610 	0.98578735 	0.99999646 	0.99554702 	
0.99997620 	0.98121924 	0.99999643 	0.99963273 	0.99998387 	0.99999832 	0.97968871 	0.99886855 	0.69881806 	0.99999882 	0.99999851 	0.99999766 	0.97812610 	0.98578735 	0.99999646 	0.99554702 	
0.99997620 	0.98121924 	0.99999643 	0.99963273 	0.99998387 	0.99999832 	0.97968871 	0.99886855 	0.69881806 	0.99999882 	0.99999851 	0.99999766 	0.97812610 	0.98578735 	0.99999646 	0.99554702 	
0.99997620 	0.98121924 	0.99999643 	0.99963273 	0.99998387 	0.99999832 	0.97968871 	0.99886855 	0.69881806 	0.99999882 	0.99999851 	0.99999766 	0.97812610 	0.98578735 	0.99999646 	0.99554702 	
0.99997620 	0.98121924 	0.99999643 	0.99963273 	0.99998387 	0.99999832 	0.97968871 	0.99886855 	0.69881806 	0.99999882 	0.99999851 	0.99999766 	0.97812610 	0.98578735 	0.99999646 	0.99554702 	
0.99997620 	0.98121924 	0.99999643 	0.99963273 	0.99998387 	0.99999832 	0.97968871 	0.99886855 	0.69881806 	0.99999882 	0.99999851 	0.99999766 	0.97812610 	0.98578735 	0.99999646 	0.99554702 	
0.99997620 	0.98121924 	0.99999643 	0.99963273 	0.99998387 	0.99999832 	0.97968871 	0.99886855 	0.69881806 	0.99999882 	0.99999851 	0.99999766 	0.97812610 	0.98578735 	0.99999646 	0.99554702 	
0.99997620 	0.98121924 	0.99999643 	0.99963273 	0.99998387 	0.99999832 	0.97968871 	0.99886855 	0.69881806 	0.99999882 	0.99999851 	0.99999766 	0.97812610 	0.98578735 	0.99999646 	0.99554702 	
0.99997620 	0.98121924 	0.99999643 	0.99963273 	0.99998387 	0.99999832 	0.97968871 	0.99886855 	0.69882062 	0.99999882 	0.99999851 	0.99999766 	0.97812610 	0.98578735 	0.99999646 	0.99554702 	
0.99997620 	0.98121924 	0.99999643 	0.99963273 	0.99998387 	0.99999832 	0.97968871 	0.99886855 	0.69882062 	0.99999882 	0.99999851 	0.99999766 	0.97812610 	0.98578735 	0.99999646 	0.99554702 	
0.99997620 	0.98121924 	0.99999643 	0.99963273 	0.99998387 	0.99999832 	0.97968871 	0.99886855 	0.69882062 	0.99999882 	0.99999851 	0.99999766 	0.97812610 	0.98578735 	0.99999646 	0.99554702 	
0.99997620 	0.98121924 	0.99999643 	0.99963273 	0.99998387 	0.99999832 	0.97968871 	0.99886855 	0.69882062 	0.99999882 	0.99999851 	0.99999766 	0.97812610 	0.98578735 	0.99999646 	0.99554702 	
0.99997620 	0.98121924 	0.99999643 	0.99963273 	0.99998387 	0.99999832 	0.97968871 	0.99886855 	0.69882062 	0.99999882 	0.99999851 	0.99999766 	0.97812610 	0.98578735 	0.99999646 	0.99554702 	
0.99997620 	0.98121924 	0.99999643 	0.99963273 	0.99998387 	0.99999832 	0.97968871 	0.99886855 	0.69882062 	0.99999882 	0.99999851 	0.99999766 	0.97812610 	0.98578735 	0.99999646 	0.99554702 	
0.99997620 	0.98121924 	0.99999643 	0.99963273 	0.99998387 	0.99999832 	0.97968871 	0.99886855 	0.69882062 	0.99999882 	0.99999851 	0.99999766 	0.97812610 	0.98578735 	0.99999646 	0.99554702 	
0.99997620 	0.98121924 	0.99999643 	0.99963273 	0.99998387 	0.99999832 	0.97968871 	0.99886855 	0.69882062 	0.99999882 	0.99999851 	0.99999766 	0.97812610 	0.98578735 	0.99999646 	0.99554702 	
0.99997793 	0.98121924 	0.99999643 	0.99963273 	0.99998387 	0.99999832 	0.97968871 	0.99886855 	0.69882062 	0.99999882 	0.99999851 	0.99999766 	0.97812610 	0.98578735 	0.99999646 	0.99554702 	
0.99997793 	0.98121924 	0.99999643 	0.99963273 	0.99998387 	0.99999832 	0.97968871 	0.99886855 	0.69882062 	0.99999882 	0.99999851 	0.99999766 	0.97812610 	0.98578735 	0.99999646 	0.99554702 	
0.99997793 	0.98121924 	0.99999987 	0.99963273 	0.99998387 	0.99999832 	0.97968871 	0.99886855 	0.69882062 	0.99999882 	0.99999851 	0.99999766 	0.97812610 	0.98578735 	0.99999646 	0.99554702 	
0.99997793 	0.98121924 	0.99999987 	0.99963273 	0.99998387 	0.99999832 	0.97968871 	0.99886855 	0.69882062 	0.99999882 	0.99999851 	0.99999766 	0.97812610 	0.98578735 	0.99999646 	0.99554702 	
0.99997793 	0.98121924 	0.99999987 	0.99963273 	0.99999035 	0.99999832 	0.97968871 	0.99886855 	0.69882062 	0.99999882 	0.99999851 	0.99999766 	0.97812610 	0.98578735 	0.99999646 	0.99554702 	
0.99997793 	0.98121924 	0.99999987 	0.99963273 	0.99999035 	0.99999998 	0.97968871 	0.99886855 	0.69882062 	0.99999882 	0.99999851 	0.99999766 	0.97812610 	0.98578735 	0.99999646 	0.99554702 	
0.99997793 	0.98121924 	0.99999987 	0.99963273 	0.99999035 	0.99999998 	0.97968871 	0.99886855 	0.69882062 	0.99999882 	0.99999851 	0.99999766 	0.97812610 	0.98578735 	0.99999646 	0.99554702 	
0.99997793 	0.98121924 	0.99999987 	0.99963273 	0.99999035 	0.99999998 	0.97968871 	0.99886855 	0.69882062 	0.99999882 	0.99999851 	0.99999766 	0.97812610 	0.98578735 	0.99999646 	0.99554702 	
0.99997793 	0.98121924 	0.99999987 	0.99963273 	0.99999035 	0.99999998 	0.97968871 	0.99886855 	0.69882062 	0.99999882 	0.99999851 	0.99999766 	0.97812610 	0.98578735 	0.99999646 	0.99554702 	
0.99997793 	0.98121924 	0.99999987 	0.99963273 	0.99999035 	0.99999998 	0.97968871 	0.99886855 	0.69882062 	0.99999882 	0.99999851 	0.99999766 	0.97812610 	0.98578735 	0.99999646 	0.99554702 	
0.99997793 	0.98121924 	0.99999987 	0.99963273 	0.99999035 	0.99999998 	0.97968871 	0.99886855 	0.69882062 	0.99999882 	0.99999851 	0.99999766 	0.97812610 	0.98578735 	0.99999646 	0.99554702 	
0.99997793 	0.98121924 	0.99999987 	0.99963273 	0.99999035 	0.99999998 	0.97968871 	0.99886855 	0.69882062 	0.99999882 	0.99999851 	0.99999766 	0.97812610 	0.98578735 	0.99999646 	0.99554702 	
0.99997793 	0.98121924 	0.99999987 	0.99963273 	0.99999035 	0.99999998 	0.97968871 	0.99886855 	0.69882062 	0.99999882 	0.99999851 	0.99999766 	0.97812610 	0.98578735 	0.99999646 	0.99554702 	
0.99997793 	0.98121924 	0.99999987 	0.99963273 	0.99999035 	0.99999998 	0.97968871 	0.99886855 	0.69882062 	0.99999882 	0.99999851 	0.99999766 	0.97812610 	0.98580418 	0.99999646 	0.99554702 	
0.99997793 	0.98121924 	0.99999987 	0.99963273 	0.99999035 	0.99999998 	0.97968871 	0.99886855 	0.69882062 	0.99999882 	0.99999851 	0.99999766 	0.97812610 	0.98580418 	0.99999653 	0.99554702 	
0.99997793 	0.98121924 	0.99999987 	0.99963273 	0.99999035 	0.99999998 	0.97968871 	0.99886855 	0.69882062 	0.99999882 	0.99999851 	0.99999766 	0.97812610 	0.98580418 	0.99999653 	0.99554702 	
0.99997793 	0.98121924 	0.99999987 	0.99963273 	0.99999035 	0.99999998 	0.97968871 	0.99886855 	0.69882062 	0.99999882 	0.99999851 	0.99999766 	0.97812610 	0.98580418 	0.99999653 	0.99554702 	
0.99997793 	0.98122961 	0.99999987 	0.99963273 	0.99999035 	0.99999998 	0.97968871 	0.99886855 	0.69882062 	0.99999882 	0.99999851 	0.99999766 	0.97812610 	0.98580418 	0.99999653 	0.99554702 	
0.99997793 	0.98122961 	0.99999987 	0.99963273 	0.99999035 	0.99999998 	0.97968871 	0.99886855 	0.69882062 	0.99999882 	0.99999851 	0.99999766 	0.97812610 	0.98580418 	0.99999653 	0.99554702 	
0.99997793 	0.98122961 	0.99999987 	0.99963661 	0.99999035 	0.99999998 	0.97968871 	0.99886855 	0.69882062 	0.99999882 	0.99999851 	0.99999766 	0.97812610 	0.98580418 	0.99999653 	0.99554702 	
0.99997793 	0.98122961 	0.99999987 	0.99963661 	0.99999035 	0.99999998 	0.97968871 	0.99886855 	0.69882062 	0.99999882 	0.99999851 	0.99999766 	0.97812610 	0.98580418 	0.99999653 	0.99554702 	
0.99997793 	0.98122961 	0.99999987 	0.99963661 	0.99999035 	0.99999998 	0.97968871 	0.99886855 	0.69882062 	0.99999882 	0.99999851 	0.99999766 	0.97812610 	0.98580418 	0.99999653 	0.99554702 	
0.99997793 	0.98122961 	0.99999987 	0.99963661 	0.99999035 	0.99999998 	0.97968871 	0.99886855 	0.69882062 	0.99999882 	0.99999851 	0.99999766 	0.97812610 	0.98580418 	0.99999653 	0.99554702 	
0.99997793 	0.98122961 	0.99999987 	0.99963661 	0.99999035 	0.99999998 	0.97968871 	0.99886855 	0.69882062 	0.99999882 	0.99999851 	0.99999766 	0.97812610 	0.98580418 	0.99999653 	0.99554702 	
0.99997793 	0.98122961 	0.99999987 	0.99963661 	0.99999035 	0.99999998 	0.97968871 	0.99886855 	0.69882062 	0.99999882 	0.99999851 	0.99999766 	0.97812610 	0.98580418 	0.99999653 	0.99554702 	
0.99997793 	0.98122961 	0.99999987 	0.99963661 	0.99999035 	0.99999998 	0.97968871 	0.99886855 	0.69882062 	0.99999882 	0.99999851 	0.99999766 	0.97812610 	0.98580418 	0.99999653 	0.99554702 	
0.99997793 	0.98122961 	0.99999987 	0.99963661 	0.99999035 	0.99999998 	0.97968871 	0.99886855 	0.69882062 	0.99999882 	0.99999899 	0.99999766 	0.97812610 	0.98580418 	0.99999653 	0.99554702 	
0.99997793 	0.98122961 	0.99999987 	0.99963661 	0.99999035 	0.99999998 	0.97968871 	0.99886855 	0.69882062 	0.99999882 	0.99999899 	0.99999766 	0.97812610 	0.98580418 	0.99999653 	0.99554702 	
0.99997793 	0.98122961 	0.99999987 	0.99963661 	0.99999035 	0.99999998 	0.97968871 	0.99886855 	0.69882062 	0.99999882 	0.99999899 	0.99999766 	0.97812610 	0.98580418 	0.99999653 	0.99554702 	
0.99997793 	0.98122961 	0.99999987 	0.99963661 	0.99999035 	0.99999998 	0.97968871 	0.99886855 	0.69882062 	0.99999882 	0.99999899 	0.99999766 	0.97812610 	0.98586483 	0.99999653 	0.99554702 	
0.99997793 	0.98122961 	0.99999987 	0.99963661 	0.99999035 	0.99999998 	0.97968871 	0.99886855 	0.69882062 	0.99999882 	0.99999899 	0.99999766 	0.97812610 	0.98586483 	0.99999653 	0.99554702 	
0.99997793 	0.98122961 	0.99999987 	0.99963661 	0.99999035 	0.99999998 	0.97968871 	0.99886855 	0.69882062 	0.99999882 	0.99999899 	0.99999766 	0.97812610 	0.98586483 	0.99999653 	0.99554702 	
0.99998844 	0.98122961 	0.99999987 	0.99963661 	0.99999035 	0.99999998 	0.97968871 	0.99886855 	0.69882062 	0.99999882 	0.99999899 	0.99999766 	0.97812610 	0.98586483 	0.99999653 	0.99554702 	
0.99998844 	0.98122961 	0.99999987 	0.99963661 	0.99999035 	0.99999998 	0.97968871 	0.99886855 	0.69882062 	0.99999882 	0.99999899 	0.99999766 	0.97812610 	0.98586483 	0.99999653 	0.99554702 	
0.99998844 	0.98122961 	0.99999987 	0.99963661 	0.99999035 	0.99999998 	0.97968871 	0.99886855 	0.69882062 	0.99999882 	0.99999899 	0.99999766 	0.97812610 	0.98586483 	0.99999653 	0.99554702 	
0.99998844 	0.98122961 	0.99999987 	0.99963661 	0.99999035 	0.99999998 	0.97968871 	0.99886855 	0.69882062 	0.99999882 	0.99999899 	0.99999766 	0.97812610 	0.98586483 	0.99999653 	0.99554702 	
0.99998844 	0.98122961 	0.99999987 	0.99963661 	0.99999035 	0.99999998 	0.97968871 	0.99886855 	0.69882062 	0.99999882 	0.99999899 	0.99999766 	0.97812610 	0.98586483 	0.99999653 	0.99554702 	
0.99998844 	0.98122961 	0.99999987 	0.99963661 	0.99999035 	0.99999998 	0.97968871 	0.99886855 	0.69882062 	0.99999882 	0.99999899 	0.99999766 	0.97812610 	0.98586483 	0.99999653 	0.99554702 	
0.99998844 	0.98122961 	0.99999987 	0.99963661 	0.99999035 	0.99999998 	0.97968871 	0.99886855 	0.69882062 	0.99999882 	0.99999899 	0.99999766 	0.97812610 	0.98586483 	0.99999653 	0.99554702 	
0.99998844 	0.98122961 	0.99999987 	0.99963661 	0.99999035 	0.99999998 	0.97968871 	0.99885337 	0.69882062 	0.99999882 	0.99999899 	0.99999766 	0.97812610 	0.98586483 	0.99999653 	0.99554702 	
0.99998844 	0.98122961 	0.99999987 	0.99963661 	0.99999035 	0.99999998 	0.97968871 	0.99885337 	0.69882062 	0.99999882 	0.99999899 	0.99999766 	0.97812610 	0.98586483 	0.99999653 	0.99554702 	
0.99998844 	0.98122961 	0.99999987 	0.99963661 	0.99999035 	0.99999998 	0.97968871 	0.99885337 	0.69882062 	0.99999882 	0.99999899 	0.99999766 	0.97812610 	0.98586483 	0.99999653 	0.99554702 	
0.99998844 	0.98122961 	0.99999987 	0.99963661 	0.99999035 	0.99999998 	0.97968871 	0.99885337 	0.69882062 	0.99999882 	0.99999899 	0.99999766 	0.97812610 	0.98586483 	0.99999653 	0.99554702 	
0.99998844 	0.98122961 	0.99999987 	0.99963661 	0.99999035 	0.99999998 	0.97968871 	0.99885337 	0.69882062 	0.99999882 	0.99999899 	0.99999766 	0.97812610 	0.98586483 	0.99999653 	0.99554702 	
0.99998844 	0.98122961 	0.99999987 	0.99963661 	0.99999035 	0.99999998 	0.97968871 	0.99885337 	0.69882062 	0.99999882 	0.99999899 	0.99999766 	0.97812610 	0.98586483 	0.99999653 	0.99554702 	
0.99998844 	0.98122961 	0.99999987 	0.99963661 	0.99999035 	0.99999998 	0.97968871 	0.99885337 	0.69882062 	0.99999882 	0.99999899 	0.99999766 	0.97812610 	0.98586483 	0.99999653 	0.99554702 	
0.99998844 	0.98122961 	0.99999987 	0.99963661 	0.99999035 	0.99999998 	0.97968871 	0.99885337 	0.69882062 	0.99999882 	0.99999899 	0.99999766 	0.97812610 	0.98586483 	0.99999956 	0.99554702 	
0.99998844 	0.98122961 	0.99999987 	0.99963661 	0.99999035 	0.99999998 	0.97968871 	0.99885337 	0.69882062 	0.99999882 	0.99999899 	0.99999766 	0.97812610 	0.98586483 	0.99999956 	0.99554702 	
0.99998844 	0.98122961 	0.99999987 	0.99963661 	0.99999035 	0.99999998 	0.97968871 	0.99885337 	0.69882062 	0.99999882 	0.99999899 	0.99999766 	0.97812610 	0.98586483 	0.99999956 	0.99554702 	
0.99998844 	0.98122961 	0.99999987 	0.99963661 	0.99999035 	0.99999998 	0.97968871 	0.99885337 	0.69882062 	0.99999882 	0.99999899 	0.99999766 	0.97812610 	0.98586483 	0.99999956 	0.99554702 	
0.99998844 	0.98122961 	0.99999993 	0.99963661 	0.99999035 	0.99999998 	0.97968871 	0.99885337 	0.69882062 	0.99999882 	0.99999899 	0.99999766 	0.97812610 	0.98586483 	0.99999956 	0.99554702 	
0.99998844 	0.98122961 	0.99999993 	0.99963661 	0.99999035 	0.99999998 	0.97968871 	0.99885337 	0.69882062 	0.99999882 	0.99999899 	0.99999766 	0.97812610 	0.98586483 	0.99999956 	0.99554702 	
0.99998844 	0.98122961 	0.99999993 	0.99963661 	0.99999565 	0.99999998 	0.97968871 	0.99885337 	0.69882062 	0.99999882 	0.99999899 	0.99999766 	0.97812610 	0.98586483 	0.99999956 	0.99554702 	
0.99998844 	0.98122961 	0.99999993 	0.99963661 	0.99999565 	0.99999998 	0.97968871 	0.99885337 	0.69882062 	0.99999882 	0.99999899 	0.99999766 	0.97812610 	0.98586483 	0.99999956 	0.99554702 	
0.99998844 	0.98122961 	0.99999993 	0.99963661 	0.99999565 	0.99999998 	0.97968871 	0.99885337 	0.69882062 	0.99999882 	0.99999899 	0.99999766 	0.97812610 	0.98586483 	0.99999956 	0.99554702 	
0.99998844 	0.98122961 	0.99999993 	0.99963661 	0.99999565 	0.99999998 	0.97968871 	0.99883320 	0.69882062 	0.99999882 	0.99999899 	0.99999766 	0.97812610 	0.98586483 	0.99999956 	0.99554702 	
0.99998844 	0.98122961 	0.99999993 	0.99963661 	0.99999565 	0.99999998 	0.97968871 	0.99883320 	0.69882062 	0.99999882 	0.99999899 	0.99999766 	0.97812610 	0.98586483 	0.99999956 	0.99554702 	
0.99998844 	0.98122961 	0.99999993 	0.99963661 	0.99999565 	0.99999998 	0.97968871 	0.99883320 	0.69882062 	0.99999882 	0.99999899 	0.99999766 	0.97812610 	0.98586483 	0.99999956 	0.99554702 	
0.99998844 	0.98122961 	0.99999993 	0.99963661 	0.99999565 	0.99999998 	0.97968871 	0.99883320 	0.69882062 	0.99999882 	0.99999899 	0.99999766 	0.97812610 	0.98586483 	0.99999956 	0.99554702 	
0.99998844 	0.98122961 	0.99999993 	0.99963661 	0.99999565 	0.99999998 	0.97968871 	0.99883320 	0.69882062 	0.99999882 	0.99999899 	0.99999898 	0.97812610 	0.98586483 	0.99999956 	0.99554702 	
0.99998844 	0.98122961 	0.99999993 	0.99963661 	0.99999565 	0.99999998 	0.97968871 	0.99883320 	0.69882062 	0.99999882 	0.99999899 	0.99999898 	0.97812610 	0.98586483 	0.99999956 	0.99554702 	
0.99998844 	0.98122961 	0.99999993 	0.99963661 	0.99999565 	0.99999998 	0.97968871 	0.99883320 	0.69882062 	0.99999882 	0.99999899 	0.99999898 	0.97812610 	0.98586483 	0.99999956 	0.99554702 	
0.99998844 	0.98122961 	0.99999993 	0.99963661 	0.99999565 	0.99999998 	0.97968871 	0.99883320 	0.69882062 	0.99999882 	0.99999899 	0.99999898 	0.97812610 	0.98586483 	0.99999956 	0.99554702 	
0.99998844 	0.98122961 	0.99999993 	0.99963661 	0.99999565 	0.99999998 	0.97968871 	0.99883320 	0.69882062 	0.99999882 	0.99999899 	0.99999898 	0.97812610 	0.98586483 	0.99999956 	0.99554702 	
0.99999719 	0.98122961 	0.99999993 	0.99963661 	0.99999565 	0.99999998 	0.97968871 	0.99883320 	0.69882062 	0.99999882 	0.99999899 	0.99999898 	0.97812610 	0.98586483 	0.99999956 	0.99554702 	
0.99999719 	0.98122961 	0.99999993 	0.99963661 	0.99999565 	0.99999998 	0.97968871 	0.99883320 	0.69882062 	0.99999882 	0.99999899 	0.99999898 	0.97812610 	0.98586483 	0.99999956 	0.99554702 	
0.99999719 	0.98122961 	0.99999993 	0.99963661 	0.99999565 	0.99999998 	0.97968871 	0.99883320 	0.69882062 	0.99999882 	0.99999899 	0.99999898 	0.97812610 	0.98586483 	0.99999956 	0.99554702 	
0.99999719 	0.98122961 	0.99999993 	0.99963661 	0.99999565 	0.99999998 	0.97968871 	0.99883320 	0.69882062 	0.99999882 	0.99999899 	0.99999898 	0.97812610 	0.98586483 	0.99999956 	0.99554702 	
0.99999719 	0.98122961 	0.99999993 	0.99963661 	0.99999569 	0.99999998 	0.97968871 	0.99883320 	0.69882062 	0.99999882 	0.99999899 	0.99999898 	0.97812610 	0.98586483 	0.99999956 	0.99554702 	
0.99999719 	0.98122961 	0.99999993 	0.99963661 	0.99999569 	0.99999998 	0.97968871 	0.99883320 	0.69882062 	0.99999882 	0.99999899 	0.99999898 	0.97812610 	0.98586483 	0.99999956 	0.99554702 	
0.99999719 	0.98122961 	0.99999993 	0.99963661 	0.99999569 	0.99999998 	0.97968871 	0.99883320 	0.69882062 	0.99999882 	0.99999899 	0.99999898 	0.97812610 	0.98586483 	0.99999956 	0.99554702 	
0.99999719 	0.98122961 	0.99999993 	0.99963661 	0.99999569 	0.99999998 	0.97968871 	0.99883320 	0.69882062 	0.99999882 	0.99999899 	0.99999898 	0.97812610 	0.98586483 	0.99999956 	0.99554702 	
0.99999719 	0.98122961 	0.99999993 	0.99963661 	0.99999569 	0.99999998 	0.97968871 	0.99883320 	0.69882062 	0.99999882 	0.99999899 	0.99999898 	0.97812610 	0.98586483 	0.99999956 	0.99554702 	
0.99999719 	0.98122961 	0.99999993 	0.99963661 	0.99999569 	0.99999998 	0.97968871 	0.99883320 	0.69882062 	0.99999882 	0.99999899 	0.99999898 	0.97812610 	0.98586483 	0.99999956 	0.99554702 	
0.99999719 	0.98122961 	0.99999993 	0.99963661 	0.99999569 	0.99999998 	0.97968871 	0.99883320 	0.69882062 	0.99999882 	0.99999970 	0.99999898 	0.97812610 	0.98586483 	0.99999956 	0.99554702 	
0.99999719 	0.98122961 	0.99999993 	0.99963661 	0.99999569 	0.99999998 	0.97968871 	0.99883320 	0.69882062 	0.99999882 	0.99999970 	0.99999974 	0.97812610 	0.98586483 	0.99999956 	0.99554702 	
0.99999719 	0.98122961 	0.99999993 	0.99963661 	0.99999569 	0.99999998 	0.97968871 	0.99883320 	0.69882062 	0.99999882 	0.99999970 	0.99999974 	0.97812610 	0.98586483 	0.99999956 	0.99554702 	
0.99999719 	0.98122961 	0.99999993 	0.99963661 	0.99999569 	0.99999998 	0.97968871 	0.99883320 	0.69882062 	0.99999882 	0.99999970 	0.99999974 	0.97812610 	0.98586483 	0.99999956 	0.99554702 	
0.99999719 	0.98122961 	0.99999993 	0.99963661 	0.99999569 	0.99999998 	0.97968871 	0.99883320 	0.69882062 	0.99999882 	0.99999970 	0.99999974 	0.97812610 	0.98586483 	0.99999956 	0.99554702 	
0.99999719 	0.98122961 	0.99999993 	0.99963661 	0.99999569 	0.99999998 	0.97968871 	0.99883320 	0.69882062 	0.99999882 	0.99999970 	0.99999974 	0.97812610 	0.98586483 	0.99999956 	0.99554702 	
