0.89150339 	0.55146784 	0.90608100 	0.98870693 	0.31710651 	0.57727692 	0.24316843 	0.76782072 	0.93277099 	0.69635282 	0.54884711 	0.04163683 	0.11898043 	0.97053501 	0.76138126 	0.76721575 	
0.89150339 	0.95198667 	0.90608100 	0.98870693 	0.31710651 	0.57727692 	0.24316843 	0.76782072 	0.93277099 	0.69635282 	0.54884711 	0.04163683 	0.11898043 	0.97053501 	0.76138126 	0.76721575 	
0.89150339 	0.95198667 	0.98820621 	0.98870693 	0.31710651 	0.57727692 	0.24316843 	0.76782072 	0.93277099 	0.69635282 	0.54884711 	0.04163683 	0.11898043 	0.97053501 	0.76138126 	0.76721575 	
0.89150339 	0.95198667 	0.98820621 	0.99259323 	0.31710651 	0.57727692 	0.24316843 	0.76782072 	0.93277099 	0.69635282 	0.54884711 	0.04163683 	0.11898043 	0.97053501 	0.76138126 	0.76721575 	
0.89150339 	0.95198667 	0.98820621 	0.99259323 	0.94962556 	0.57727692 	0.24316843 	0.76782072 	0.93277099 	0.69635282 	0.54884711 	0.04163683 	0.11898043 	0.97053501 	0.76138126 	0.76721575 	
0.89150339 	0.95198667 	0.98820621 	0.99259323 	0.94962556 	0.92456784 	0.24316843 	0.76782072 	0.93277099 	0.69635282 	0.54884711 	0.04163683 	0.11898043 	0.97053501 	0.76138126 	0.76721575 	
0.89150339 	0.95198667 	0.98820621 	0.99259323 	0.94962556 	0.92456784 	0.92564006 	0.76782072 	0.93277099 	0.69635282 	0.54884711 	0.04163683 	0.11898043 	0.97053501 	0.76138126 	0.76721575 	
0.89150339 	0.95198667 	0.98820621 	0.99259323 	0.94962556 	0.92456784 	0.92564006 	0.98563643 	0.93277099 	0.69635282 	0.54884711 	0.04163683 	0.11898043 	0.97053501 	0.76138126 	0.76721575 	
0.89150339 	0.95198667 	0.98820621 	0.99259323 	0.94962556 	0.92456784 	0.92564006 	0.98563643 	0.82901757 	0.69635282 	0.54884711 	0.04163683 	0.11898043 	0.97053501 	0.76138126 	0.76721575 	
0.89150339 	0.95198667 	0.98820621 	0.99259323 	0.94962556 	0.92456784 	0.92564006 	0.98563643 	0.82901757 	0.92645725 	0.54884711 	0.04163683 	0.11898043 	0.97053501 	0.76138126 	0.76721575 	
0.89150339 	0.95198667 	0.98820621 	0.99259323 	0.94962556 	0.92456784 	0.92564006 	0.98563643 	0.82901757 	0.92645725 	0.96578491 	0.04163683 	0.11898043 	0.97053501 	0.76138126 	0.76721575 	
0.89150339 	0.95198667 	0.98820621 	0.99259323 	0.94962556 	0.92456784 	0.92564006 	0.98563643 	0.82901757 	0.92645725 	0.96578491 	0.91696386 	0.11898043 	0.97053501 	0.76138126 	0.76721575 	
0.89150339 	0.95198667 	0.98820621 	0.99259323 	0.94962556 	0.92456784 	0.92564006 	0.98563643 	0.82901757 	0.92645725 	0.96578491 	0.91696386 	0.99300311 	0.97053501 	0.76138126 	0.76721575 	
0.89150339 	0.95198667 	0.98820621 	0.99259323 	0.94962556 	0.92456784 	0.92564006 	0.98563643 	0.82901757 	0.92645725 	0.96578491 	0.91696386 	0.99300311 	0.98203434 	0.76138126 	0.76721575 	
0.89150339 	0.95198667 	0.98820621 	0.99259323 	0.94962556 	0.92456784 	0.92564006 	0.98563643 	0.82901757 	0.92645725 	0.96578491 	0.91696386 	0.99300311 	0.98203434 	0.77038890 	0.76721575 	
0.89150339 	0.95198667 	0.98820621 	0.99259323 	0.94962556 	0.92456784 	0.92564006 	0.98563643 	0.82901757 	0.92645725 	0.96578491 	0.91696386 	0.99300311 	0.98203434 	0.77038890 	0.98628151 	
0.89292232 	0.95198667 	0.98820621 	0.99259323 	0.94962556 	0.92456784 	0.92564006 	0.98563643 	0.82901757 	0.92645725 	0.96578491 	0.91696386 	0.99300311 	0.98203434 	0.77038890 	0.98628151 	
0.89292232 	0.97824523 	0.98820621 	0.99259323 	0.94962556 	0.92456784 	0.92564006 	0.98563643 	0.82901757 	0.92645725 	0.96578491 	0.91696386 	0.99300311 	0.98203434 	0.77038890 	0.98628151 	
0.89292232 	0.97824523 	0.98820621 	0.99259323 	0.94962556 	0.92456784 	0.92564006 	0.98563643 	0.82901757 	0.92645725 	0.96578491 	0.91696386 	0.99300311 	0.98203434 	0.77038890 	0.98628151 	
0.89292232 	0.97824523 	0.98820621 	0.99612656 	0.94962556 	0.92456784 	0.92564006 	0.98563643 	0.82901757 	0.92645725 	0.96578491 	0.91696386 	0.99300311 	0.98203434 	0.77038890 	0.98628151 	
0.89292232 	0.97824523 	0.98820621 	0.99612656 	0.97411724 	0.92456784 	0.92564006 	0.98563643 	0.82901757 	0.92645725 	0.96578491 	0.91696386 	0.99300311 	0.98203434 	0.77038890 	0.98628151 	
0.89292232 	0.97824523 	0.98820621 	0.99612656 	0.97411724 	0.92807140 	0.92564006 	0.98563643 	0.82901757 	0.92645725 	0.96578491 	0.91696386 	0.99300311 	0.98203434 	0.77038890 	0.98628151 	
0.89292232 	0.97824523 	0.98820621 	0.99612656 	0.97411724 	0.92807140 	0.92839717 	0.98563643 	0.82901757 	0.92645725 	0.96578491 	0.91696386 	0.99300311 	0.98203434 	0.77038890 	0.98628151 	
0.89292232 	0.97824523 	0.98820621 	0.99612656 	0.97411724 	0.92807140 	0.92839717 	0.98850948 	0.82901757 	0.92645725 	0.96578491 	0.91696386 	0.99300311 	0.98203434 	0.77038890 	0.98628151 	
0.89292232 	0.97824523 	0.98820621 	0.99612656 	0.97411724 	0.92807140 	0.92839717 	0.98850948 	0.71657877 	0.92645725 	0.96578491 	0.91696386 	0.99300311 	0.98203434 	0.77038890 	0.98628151 	
0.89292232 	0.97824523 	0.98820621 	0.99612656 	0.97411724 	0.92807140 	0.92839717 	0.98850948 	0.71657877 	0.92645725 	0.96578491 	0.91696386 	0.99300311 	0.98203434 	0.77038890 	0.98628151 	
0.89292232 	0.97824523 	0.98820621 	0.99612656 	0.97411724 	0.92807140 	0.92839717 	0.98850948 	0.71657877 	0.92645725 	0.99610661 	0.91696386 	0.99300311 	0.98203434 	0.77038890 	0.98628151 	
0.89292232 	0.97824523 	0.98820621 	0.99612656 	0.97411724 	0.92807140 	0.92839717 	0.98850948 	0.71657877 	0.92645725 	0.99610661 	0.99755555 	0.99300311 	0.98203434 	0.77038890 	0.98628151 	
0.89292232 	0.97824523 	0.98820621 	0.99612656 	0.97411724 	0.92807140 	0.92839717 	0.98850948 	0.71657877 	0.92645725 	0.99610661 	0.99755555 	0.99300311 	0.98203434 	0.77038890 	0.98628151 	
0.89292232 	0.97824523 	0.98820621 	0.99612656 	0.97411724 	0.92807140 	0.92839717 	0.98850948 	0.71657877 	0.92645725 	0.99610661 	0.99755555 	0.99300311 	0.99173914 	0.77038890 	0.98628151 	
0.89292232 	0.97824523 	0.98820621 	0.99612656 	0.97411724 	0.92807140 	0.92839717 	0.98850948 	0.71657877 	0.92645725 	0.99610661 	0.99755555 	0.99300311 	0.99173914 	0.77038890 	0.98628151 	
0.89292232 	0.97824523 	0.98820621 	0.99612656 	0.97411724 	0.92807140 	0.92839717 	0.98850948 	0.71657877 	0.92645725 	0.99610661 	0.99755555 	0.99300311 	0.99173914 	0.77038890 	0.99860408 	
0.98795425 	0.97824523 	0.98820621 	0.99612656 	0.97411724 	0.92807140 	0.92839717 	0.98850948 	0.71657877 	0.92645725 	0.99610661 	0.99755555 	0.99300311 	0.99173914 	0.77038890 	0.99860408 	
0.98795425 	0.99981155 	0.98820621 	0.99612656 	0.97411724 	0.92807140 	0.92839717 	0.98850948 	0.71657877 	0.92645725 	0.99610661 	0.99755555 	0.99300311 	0.99173914 	0.77038890 	0.99860408 	
0.98795425 	0.99981155 	0.99205914 	0.99612656 	0.97411724 	0.92807140 	0.92839717 	0.98850948 	0.71657877 	0.92645725 	0.99610661 	0.99755555 	0.99300311 	0.99173914 	0.77038890 	0.99860408 	
0.98795425 	0.99981155 	0.99205914 	0.99612656 	0.97411724 	0.92807140 	0.92839717 	0.98850948 	0.71657877 	0.92645725 	0.99610661 	0.99755555 	0.99300311 	0.99173914 	0.77038890 	0.99860408 	
0.98795425 	0.99981155 	0.99205914 	0.99612656 	0.98399107 	0.92807140 	0.92839717 	0.98850948 	0.71657877 	0.92645725 	0.99610661 	0.99755555 	0.99300311 	0.99173914 	0.77038890 	0.99860408 	
0.98795425 	0.99981155 	0.99205914 	0.99612656 	0.98399107 	0.94702249 	0.92839717 	0.98850948 	0.71657877 	0.92645725 	0.99610661 	0.99755555 	0.99300311 	0.99173914 	0.77038890 	0.99860408 	
0.98795425 	0.99981155 	0.99205914 	0.99612656 	0.98399107 	0.94702249 	0.92839717 	0.98850948 	0.71657877 	0.92645725 	0.99610661 	0.99755555 	0.99300311 	0.99173914 	0.77038890 	0.99860408 	
0.98795425 	0.99981155 	0.99205914 	0.99612656 	0.98399107 	0.94702249 	0.92839717 	0.99888349 	0.71657877 	0.92645725 	0.99610661 	0.99755555 	0.99300311 	0.99173914 	0.77038890 	0.99860408 	
0.98795425 	0.99981155 	0.99205914 	0.99612656 	0.98399107 	0.94702249 	0.92839717 	0.99888349 	0.72652257 	0.92645725 	0.99610661 	0.99755555 	0.99300311 	0.99173914 	0.77038890 	0.99860408 	
0.98795425 	0.99981155 	0.99205914 	0.99612656 	0.98399107 	0.94702249 	0.92839717 	0.99888349 	0.72652257 	0.93532942 	0.99610661 	0.99755555 	0.99300311 	0.99173914 	0.77038890 	0.99860408 	
0.98795425 	0.99981155 	0.99205914 	0.99612656 	0.98399107 	0.94702249 	0.92839717 	0.99888349 	0.72652257 	0.93532942 	0.99610661 	0.99755555 	0.99300311 	0.99173914 	0.77038890 	0.99860408 	
0.98795425 	0.99981155 	0.99205914 	0.99612656 	0.98399107 	0.94702249 	0.92839717 	0.99888349 	0.72652257 	0.93532942 	0.99610661 	0.99755555 	0.99300311 	0.99173914 	0.77038890 	0.99860408 	
0.98795425 	0.99981155 	0.99205914 	0.99612656 	0.98399107 	0.94702249 	0.92839717 	0.99888349 	0.72652257 	0.93532942 	0.99610661 	0.99755555 	0.99300311 	0.99173914 	0.77038890 	0.99860408 	
0.98795425 	0.99981155 	0.99205914 	0.99612656 	0.98399107 	0.94702249 	0.92839717 	0.99888349 	0.72652257 	0.93532942 	0.99610661 	0.99755555 	0.99300311 	0.98973296 	0.77038890 	0.99860408 	
0.98795425 	0.99981155 	0.99205914 	0.99612656 	0.98399107 	0.94702249 	0.92839717 	0.99888349 	0.72652257 	0.93532942 	0.99610661 	0.99755555 	0.99300311 	0.98973296 	0.77855712 	0.99860408 	
0.98795425 	0.99981155 	0.99205914 	0.99612656 	0.98399107 	0.94702249 	0.92839717 	0.99888349 	0.72652257 	0.93532942 	0.99610661 	0.99755555 	0.99300311 	0.98973296 	0.77855712 	0.99995713 	
0.98355402 	0.99981155 	0.99205914 	0.99612656 	0.98399107 	0.94702249 	0.92839717 	0.99888349 	0.72652257 	0.93532942 	0.99610661 	0.99755555 	0.99300311 	0.98973296 	0.77855712 	0.99995713 	
0.98355402 	0.99981155 	0.99205914 	0.99612656 	0.98399107 	0.94702249 	0.92839717 	0.99888349 	0.72652257 	0.93532942 	0.99610661 	0.99755555 	0.99300311 	0.98973296 	0.77855712 	0.99995713 	
0.98355402 	0.99981155 	0.99550263 	0.99612656 	0.98399107 	0.94702249 	0.92839717 	0.99888349 	0.72652257 	0.93532942 	0.99610661 	0.99755555 	0.99300311 	0.98973296 	0.77855712 	0.99995713 	
0.98355402 	0.99981155 	0.99550263 	0.99612656 	0.98399107 	0.94702249 	0.92839717 	0.99888349 	0.72652257 	0.93532942 	0.99610661 	0.99755555 	0.99300311 	0.98973296 	0.77855712 	0.99995713 	
0.98355402 	0.99981155 	0.99550263 	0.99612656 	0.98399107 	0.94702249 	0.92839717 	0.99888349 	0.72652257 	0.93532942 	0.99610661 	0.99755555 	0.99300311 	0.98973296 	0.77855712 	0.99995713 	
0.98355402 	0.99981155 	0.99550263 	0.99612656 	0.98399107 	0.94944780 	0.92839717 	0.99888349 	0.72652257 	0.93532942 	0.99610661 	0.99755555 	0.99300311 	0.98973296 	0.77855712 	0.99995713 	
0.98355402 	0.99981155 	0.99550263 	0.99612656 	0.98399107 	0.94944780 	0.99879249 	0.99888349 	0.72652257 	0.93532942 	0.99610661 	0.99755555 	0.99300311 	0.98973296 	0.77855712 	0.99995713 	
0.98355402 	0.99981155 	0.99550263 	0.99612656 	0.98399107 	0.94944780 	0.99879249 	0.99888349 	0.72652257 	0.93532942 	0.99610661 	0.99755555 	0.99300311 	0.98973296 	0.77855712 	0.99995713 	
0.98355402 	0.99981155 	0.99550263 	0.99612656 	0.98399107 	0.94944780 	0.99879249 	0.99888349 	0.72354703 	0.93532942 	0.99610661 	0.99755555 	0.99300311 	0.98973296 	0.77855712 	0.99995713 	
0.98355402 	0.99981155 	0.99550263 	0.99612656 	0.98399107 	0.94944780 	0.99879249 	0.99888349 	0.72354703 	0.94524988 	0.99610661 	0.99755555 	0.99300311 	0.98973296 	0.77855712 	0.99995713 	
0.98355402 	0.99981155 	0.99550263 	0.99612656 	0.98399107 	0.94944780 	0.99879249 	0.99888349 	0.72354703 	0.94524988 	0.99725055 	0.99755555 	0.99300311 	0.98973296 	0.77855712 	0.99995713 	
0.98355402 	0.99981155 	0.99550263 	0.99612656 	0.98399107 	0.94944780 	0.99879249 	0.99888349 	0.72354703 	0.94524988 	0.99725055 	0.99530713 	0.99300311 	0.98973296 	0.77855712 	0.99995713 	
0.98355402 	0.99981155 	0.99550263 	0.99612656 	0.98399107 	0.94944780 	0.99879249 	0.99888349 	0.72354703 	0.94524988 	0.99725055 	0.99530713 	0.99300311 	0.98973296 	0.77855712 	0.99995713 	
0.98355402 	0.99981155 	0.99550263 	0.99612656 	0.98399107 	0.94944780 	0.99879249 	0.99888349 	0.72354703 	0.94524988 	0.99725055 	0.99530713 	0.99300311 	0.98681326 	0.77855712 	0.99995713 	
0.98355402 	0.99981155 	0.99550263 	0.99612656 	0.98399107 	0.94944780 	0.99879249 	0.99888349 	0.72354703 	0.94524988 	0.99725055 	0.99530713 	0.99300311 	0.98681326 	0.81745762 	0.99995713 	
0.98355402 	0.99981155 	0.99550263 	0.99612656 	0.98399107 	0.94944780 	0.99879249 	0.99888349 	0.72354703 	0.94524988 	0.99725055 	0.99530713 	0.99300311 	0.98681326 	0.81745762 	0.99995713 	
0.98355402 	0.99981155 	0.99550263 	0.99612656 	0.98399107 	0.94944780 	0.99879249 	0.99888349 	0.72354703 	0.94524988 	0.99725055 	0.99530713 	0.99300311 	0.98681326 	0.81745762 	0.99995713 	
0.98355402 	0.99990917 	0.99550263 	0.99612656 	0.98399107 	0.94944780 	0.99879249 	0.99888349 	0.72354703 	0.94524988 	0.99725055 	0.99530713 	0.99300311 	0.98681326 	0.81745762 	0.99995713 	
0.98355402 	0.99990917 	0.99550263 	0.99612656 	0.98399107 	0.94944780 	0.99879249 	0.99888349 	0.72354703 	0.94524988 	0.99725055 	0.99530713 	0.99300311 	0.98681326 	0.81745762 	0.99995713 	
0.98355402 	0.99990917 	0.99550263 	0.99884533 	0.98399107 	0.94944780 	0.99879249 	0.99888349 	0.72354703 	0.94524988 	0.99725055 	0.99530713 	0.99300311 	0.98681326 	0.81745762 	0.99995713 	
0.98355402 	0.99990917 	0.99550263 	0.99884533 	0.99893804 	0.94944780 	0.99879249 	0.99888349 	0.72354703 	0.94524988 	0.99725055 	0.99530713 	0.99300311 	0.98681326 	0.81745762 	0.99995713 	
0.98355402 	0.99990917 	0.99550263 	0.99884533 	0.99893804 	0.96566357 	0.99879249 	0.99888349 	0.72354703 	0.94524988 	0.99725055 	0.99530713 	0.99300311 	0.98681326 	0.81745762 	0.99995713 	
0.98355402 	0.99990917 	0.99550263 	0.99884533 	0.99893804 	0.96566357 	0.99879111 	0.99888349 	0.72354703 	0.94524988 	0.99725055 	0.99530713 	0.99300311 	0.98681326 	0.81745762 	0.99995713 	
0.98355402 	0.99990917 	0.99550263 	0.99884533 	0.99893804 	0.96566357 	0.99879111 	0.99930617 	0.72354703 	0.94524988 	0.99725055 	0.99530713 	0.99300311 	0.98681326 	0.81745762 	0.99995713 	
0.98355402 	0.99990917 	0.99550263 	0.99884533 	0.99893804 	0.96566357 	0.99879111 	0.99930617 	0.71802139 	0.94524988 	0.99725055 	0.99530713 	0.99300311 	0.98681326 	0.81745762 	0.99995713 	
0.98355402 	0.99990917 	0.99550263 	0.99884533 	0.99893804 	0.96566357 	0.99879111 	0.99930617 	0.71802139 	0.99632471 	0.99725055 	0.99530713 	0.99300311 	0.98681326 	0.81745762 	0.99995713 	
0.98355402 	0.99990917 	0.99550263 	0.99884533 	0.99893804 	0.96566357 	0.99879111 	0.99930617 	0.71802139 	0.99632471 	0.99942525 	0.99530713 	0.99300311 	0.98681326 	0.81745762 	0.99995713 	
0.98355402 	0.99990917 	0.99550263 	0.99884533 	0.99893804 	0.96566357 	0.99879111 	0.99930617 	0.71802139 	0.99632471 	0.99942525 	0.99144480 	0.99300311 	0.98681326 	0.81745762 	0.99995713 	
0.98355402 	0.99990917 	0.99550263 	0.99884533 	0.99893804 	0.96566357 	0.99879111 	0.99930617 	0.71802139 	0.99632471 	0.99942525 	0.99144480 	0.99300311 	0.98681326 	0.81745762 	0.99995713 	
0.98355402 	0.99990917 	0.99550263 	0.99884533 	0.99893804 	0.96566357 	0.99879111 	0.99930617 	0.71802139 	0.99632471 	0.99942525 	0.99144480 	0.99300311 	0.98681326 	0.81745762 	0.99995713 	
0.98355402 	0.99990917 	0.99550263 	0.99884533 	0.99893804 	0.96566357 	0.99879111 	0.99930617 	0.71802139 	0.99632471 	0.99942525 	0.99144480 	0.99300311 	0.98681326 	0.81745762 	0.99995713 	
0.98355402 	0.99990917 	0.99550263 	0.99884533 	0.99893804 	0.96566357 	0.99879111 	0.99930617 	0.71802139 	0.99632471 	0.99942525 	0.99144480 	0.99300311 	0.98681326 	0.81745762 	0.99136658 	
0.98355402 	0.99990917 	0.99550263 	0.99884533 	0.99893804 	0.96566357 	0.99879111 	0.99930617 	0.71802139 	0.99632471 	0.99942525 	0.99144480 	0.99300311 	0.98681326 	0.81745762 	0.99136658 	
0.98355402 	0.99990917 	0.99550263 	0.99884533 	0.99893804 	0.96566357 	0.99879111 	0.99930617 	0.71802139 	0.99632471 	0.99942525 	0.99144480 	0.99300311 	0.98681326 	0.81745762 	0.99136658 	
0.98355402 	0.99990917 	0.99550263 	0.99884533 	0.99893804 	0.96566357 	0.99879111 	0.99930617 	0.71802139 	0.99632471 	0.99942525 	0.99144480 	0.99300311 	0.98681326 	0.81745762 	0.99136658 	
0.98355402 	0.99990917 	0.99550263 	0.99884533 	0.99893804 	0.96566357 	0.99879111 	0.99930617 	0.71802139 	0.99632471 	0.99942525 	0.99144480 	0.99300311 	0.98681326 	0.81745762 	0.99136658 	
0.98355402 	0.99990917 	0.99550263 	0.99884533 	0.99928044 	0.96566357 	0.99879111 	0.99930617 	0.71802139 	0.99632471 	0.99942525 	0.99144480 	0.99300311 	0.98681326 	0.81745762 	0.99136658 	
0.98355402 	0.99990917 	0.99550263 	0.99884533 	0.99928044 	0.97515907 	0.99879111 	0.99930617 	0.71802139 	0.99632471 	0.99942525 	0.99144480 	0.99300311 	0.98681326 	0.81745762 	0.99136658 	
0.98355402 	0.99990917 	0.99550263 	0.99884533 	0.99928044 	0.97515907 	0.99501747 	0.99930617 	0.71802139 	0.99632471 	0.99942525 	0.99144480 	0.99300311 	0.98681326 	0.81745762 	0.99136658 	
0.98355402 	0.99990917 	0.99550263 	0.99884533 	0.99928044 	0.97515907 	0.99501747 	0.99930617 	0.71802139 	0.99632471 	0.99942525 	0.99144480 	0.99300311 	0.98681326 	0.81745762 	0.99136658 	
0.98355402 	0.99990917 	0.99550263 	0.99884533 	0.99928044 	0.97515907 	0.99501747 	0.99930617 	0.71828741 	0.99632471 	0.99942525 	0.99144480 	0.99300311 	0.98681326 	0.81745762 	0.99136658 	
0.98355402 	0.99990917 	0.99550263 	0.99884533 	0.99928044 	0.97515907 	0.99501747 	0.99930617 	0.71828741 	0.99827447 	0.99942525 	0.99144480 	0.99300311 	0.98681326 	0.81745762 	0.99136658 	
0.98355402 	0.99990917 	0.99550263 	0.99884533 	0.99928044 	0.97515907 	0.99501747 	0.99930617 	0.71828741 	0.99827447 	0.99996527 	0.99144480 	0.99300311 	0.98681326 	0.81745762 	0.99136658 	
0.98355402 	0.99990917 	0.99550263 	0.99884533 	0.99928044 	0.97515907 	0.99501747 	0.99930617 	0.71828741 	0.99827447 	0.99996527 	0.99144480 	0.99300311 	0.98681326 	0.81745762 	0.99136658 	
0.98355402 	0.99990917 	0.99550263 	0.99884533 	0.99928044 	0.97515907 	0.99501747 	0.99930617 	0.71828741 	0.99827447 	0.99996527 	0.99144480 	0.99300311 	0.98681326 	0.81745762 	0.99136658 	
0.98355402 	0.99990917 	0.99550263 	0.99884533 	0.99928044 	0.97515907 	0.99501747 	0.99930617 	0.71828741 	0.99827447 	0.99996527 	0.99144480 	0.99300311 	0.98681326 	0.81745762 	0.99136658 	
0.98355402 	0.99990917 	0.99550263 	0.99884533 	0.99928044 	0.97515907 	0.99501747 	0.99930617 	0.71828741 	0.99827447 	0.99996527 	0.99144480 	0.99300311 	0.98681326 	0.89964692 	0.99136658 	
0.98355402 	0.99990917 	0.99550263 	0.99884533 	0.99928044 	0.97515907 	0.99501747 	0.99930617 	0.71828741 	0.99827447 	0.99996527 	0.99144480 	0.99300311 	0.98681326 	0.89964692 	0.98747872 	
0.98313662 	0.99990917 	0.99550263 	0.99884533 	0.99928044 	0.97515907 	0.99501747 	0.99930617 	0.71828741 	0.99827447 	0.99996527 	0.99144480 	0.99300311 	0.98681326 	0.89964692 	0.98747872 	
0.98313662 	0.99993250 	0.99550263 	0.99884533 	0.99928044 	0.97515907 	0.99501747 	0.99930617 	0.71828741 	0.99827447 	0.99996527 	0.99144480 	0.99300311 	0.98681326 	0.89964692 	0.98747872 	
0.98313662 	0.99993250 	0.99581285 	0.99884533 	0.99928044 	0.97515907 	0.99501747 	0.99930617 	0.71828741 	0.99827447 	0.99996527 	0.99144480 	0.99300311 	0.98681326 	0.89964692 	0.98747872 	
0.98313662 	0.99993250 	0.99581285 	0.99949756 	0.99928044 	0.97515907 	0.99501747 	0.99930617 	0.71828741 	0.99827447 	0.99996527 	0.99144480 	0.99300311 	0.98681326 	0.89964692 	0.98747872 	
0.98313662 	0.99993250 	0.99581285 	0.99949756 	0.99975460 	0.97515907 	0.99501747 	0.99930617 	0.71828741 	0.99827447 	0.99996527 	0.99144480 	0.99300311 	0.98681326 	0.89964692 	0.98747872 	
0.98313662 	0.99993250 	0.99581285 	0.99949756 	0.99975460 	0.99749316 	0.99501747 	0.99930617 	0.71828741 	0.99827447 	0.99996527 	0.99144480 	0.99300311 	0.98681326 	0.89964692 	0.98747872 	
0.98313662 	0.99993250 	0.99581285 	0.99949756 	0.99975460 	0.99749316 	0.99501747 	0.99930617 	0.71828741 	0.99827447 	0.99996527 	0.99144480 	0.99300311 	0.98681326 	0.89964692 	0.98747872 	
0.98313662 	0.99993250 	0.99581285 	0.99949756 	0.99975460 	0.99749316 	0.99501747 	0.99930617 	0.71828741 	0.99827447 	0.99996527 	0.99144480 	0.99300311 	0.98681326 	0.89964692 	0.98747872 	
0.98313662 	0.99993250 	0.99581285 	0.99949756 	0.99975460 	0.99749316 	0.99501747 	0.99930617 	0.71323806 	0.99827447 	0.99996527 	0.99144480 	0.99300311 	0.98681326 	0.89964692 	0.98747872 	
0.98313662 	0.99993250 	0.99581285 	0.99949756 	0.99975460 	0.99749316 	0.99501747 	0.99930617 	0.71323806 	0.99991933 	0.99996527 	0.99144480 	0.99300311 	0.98681326 	0.89964692 	0.98747872 	
0.98313662 	0.99993250 	0.99581285 	0.99949756 	0.99975460 	0.99749316 	0.99501747 	0.99930617 	0.71323806 	0.99991933 	0.99996527 	0.99144480 	0.99300311 	0.98681326 	0.89964692 	0.98747872 	
0.98313662 	0.99993250 	0.99581285 	0.99949756 	0.99975460 	0.99749316 	0.99501747 	0.99930617 	0.71323806 	0.99991933 	0.99996527 	0.99144480 	0.99300311 	0.98681326 	0.89964692 	0.98747872 	
0.98313662 	0.99993250 	0.99581285 	0.99949756 	0.99975460 	0.99749316 	0.99501747 	0.99930617 	0.71323806 	0.99991933 	0.99996527 	0.99144480 	0.99721969 	0.98681326 	0.89964692 	0.98747872 	
0.98313662 	0.99993250 	0.99581285 	0.99949756 	0.99975460 	0.99749316 	0.99501747 	0.99930617 	0.71323806 	0.99991933 	0.99996527 	0.99144480 	0.99721969 	0.98681326 	0.89964692 	0.98747872 	
0.98313662 	0.99993250 	0.99581285 	0.99949756 	0.99975460 	0.99749316 	0.99501747 	0.99930617 	0.71323806 	0.99991933 	0.99996527 	0.99144480 	0.99721969 	0.98681326 	0.98606716 	0.98747872 	
0.98313662 	0.99993250 	0.99581285 	0.99949756 	0.99975460 	0.99749316 	0.99501747 	0.99930617 	0.71323806 	0.99991933 	0.99996527 	0.99144480 	0.99721969 	0.98681326 	0.98606716 	0.98734189 	
0.98193767 	0.99993250 	0.99581285 	0.99949756 	0.99975460 	0.99749316 	0.99501747 	0.99930617 	0.71323806 	0.99991933 	0.99996527 	0.99144480 	0.99721969 	0.98681326 	0.98606716 	0.98734189 	
0.98193767 	0.99877758 	0.99581285 	0.99949756 	0.99975460 	0.99749316 	0.99501747 	0.99930617 	0.71323806 	0.99991933 	0.99996527 	0.99144480 	0.99721969 	0.98681326 	0.98606716 	0.98734189 	
0.98193767 	0.99877758 	0.99715035 	0.99949756 	0.99975460 	0.99749316 	0.99501747 	0.99930617 	0.71323806 	0.99991933 	0.99996527 	0.99144480 	0.99721969 	0.98681326 	0.98606716 	0.98734189 	
0.98193767 	0.99877758 	0.99715035 	0.99950630 	0.99975460 	0.99749316 	0.99501747 	0.99930617 	0.71323806 	0.99991933 	0.99996527 	0.99144480 	0.99721969 	0.98681326 	0.98606716 	0.98734189 	
0.98193767 	0.99877758 	0.99715035 	0.99950630 	0.99975460 	0.99749316 	0.99501747 	0.99930617 	0.71323806 	0.99991933 	0.99996527 	0.99144480 	0.99721969 	0.98681326 	0.98606716 	0.98734189 	
0.98193767 	0.99877758 	0.99715035 	0.99950630 	0.99975460 	0.99843540 	0.99501747 	0.99930617 	0.71323806 	0.99991933 	0.99996527 	0.99144480 	0.99721969 	0.98681326 	0.98606716 	0.98734189 	
0.98193767 	0.99877758 	0.99715035 	0.99950630 	0.99975460 	0.99843540 	0.99501747 	0.99930617 	0.71323806 	0.99991933 	0.99996527 	0.99144480 	0.99721969 	0.98681326 	0.98606716 	0.98734189 	
0.98193767 	0.99877758 	0.99715035 	0.99950630 	0.99975460 	0.99843540 	0.99501747 	0.99982778 	0.71323806 	0.99991933 	0.99996527 	0.99144480 	0.99721969 	0.98681326 	0.98606716 	0.98734189 	
0.98193767 	0.99877758 	0.99715035 	0.99950630 	0.99975460 	0.99843540 	0.99501747 	0.99982778 	0.70703888 	0.99991933 	0.99996527 	0.99144480 	0.99721969 	0.98681326 	0.98606716 	0.98734189 	
0.98193767 	0.99877758 	0.99715035 	0.99950630 	0.99975460 	0.99843540 	0.99501747 	0.99982778 	0.70703888 	0.99900713 	0.99996527 	0.99144480 	0.99721969 	0.98681326 	0.98606716 	0.98734189 	
0.98193767 	0.99877758 	0.99715035 	0.99950630 	0.99975460 	0.99843540 	0.99501747 	0.99982778 	0.70703888 	0.99900713 	0.99996527 	0.99144480 	0.99721969 	0.98681326 	0.98606716 	0.98734189 	
0.98193767 	0.99877758 	0.99715035 	0.99950630 	0.99975460 	0.99843540 	0.99501747 	0.99982778 	0.70703888 	0.99900713 	0.99996527 	0.99137246 	0.99721969 	0.98681326 	0.98606716 	0.98734189 	
0.98193767 	0.99877758 	0.99715035 	0.99950630 	0.99975460 	0.99843540 	0.99501747 	0.99982778 	0.70703888 	0.99900713 	0.99996527 	0.99137246 	0.99794499 	0.98681326 	0.98606716 	0.98734189 	
0.98193767 	0.99877758 	0.99715035 	0.99950630 	0.99975460 	0.99843540 	0.99501747 	0.99982778 	0.70703888 	0.99900713 	0.99996527 	0.99137246 	0.99794499 	0.98681326 	0.98606716 	0.98734189 	
0.98193767 	0.99877758 	0.99715035 	0.99950630 	0.99975460 	0.99843540 	0.99501747 	0.99982778 	0.70703888 	0.99900713 	0.99996527 	0.99137246 	0.99794499 	0.98681326 	0.98606716 	0.98734189 	
0.98193767 	0.99877758 	0.99715035 	0.99950630 	0.99975460 	0.99843540 	0.99501747 	0.99982778 	0.70703888 	0.99900713 	0.99996527 	0.99137246 	0.99794499 	0.98681326 	0.98606716 	0.98734189 	
0.98193767 	0.99877758 	0.99715035 	0.99950630 	0.99975460 	0.99843540 	0.99501747 	0.99982778 	0.70703888 	0.99900713 	0.99996527 	0.99137246 	0.99794499 	0.98681326 	0.98606716 	0.98734189 	
0.98193767 	0.99428885 	0.99715035 	0.99950630 	0.99975460 	0.99843540 	0.99501747 	0.99982778 	0.70703888 	0.99900713 	0.99996527 	0.99137246 	0.99794499 	0.98681326 	0.98606716 	0.98734189 	
0.98193767 	0.99428885 	0.99903740 	0.99950630 	0.99975460 	0.99843540 	0.99501747 	0.99982778 	0.70703888 	0.99900713 	0.99996527 	0.99137246 	0.99794499 	0.98681326 	0.98606716 	0.98734189 	
0.98193767 	0.99428885 	0.99903740 	0.99963230 	0.99975460 	0.99843540 	0.99501747 	0.99982778 	0.70703888 	0.99900713 	0.99996527 	0.99137246 	0.99794499 	0.98681326 	0.98606716 	0.98734189 	
0.98193767 	0.99428885 	0.99903740 	0.99963230 	0.99984019 	0.99843540 	0.99501747 	0.99982778 	0.70703888 	0.99900713 	0.99996527 	0.99137246 	0.99794499 	0.98681326 	0.98606716 	0.98734189 	
0.98193767 	0.99428885 	0.99903740 	0.99963230 	0.99984019 	0.99967024 	0.99501747 	0.99982778 	0.70703888 	0.99900713 	0.99996527 	0.99137246 	0.99794499 	0.98681326 	0.98606716 	0.98734189 	
0.98193767 	0.99428885 	0.99903740 	0.99963230 	0.99984019 	0.99967024 	0.99381329 	0.99982778 	0.70703888 	0.99900713 	0.99996527 	0.99137246 	0.99794499 	0.98681326 	0.98606716 	0.98734189 	
0.98193767 	0.99428885 	0.99903740 	0.99963230 	0.99984019 	0.99967024 	0.99381329 	0.99993285 	0.70703888 	0.99900713 	0.99996527 	0.99137246 	0.99794499 	0.98681326 	0.98606716 	0.98734189 	
0.98193767 	0.99428885 	0.99903740 	0.99963230 	0.99984019 	0.99967024 	0.99381329 	0.99993285 	0.70703888 	0.99900713 	0.99996527 	0.99137246 	0.99794499 	0.98681326 	0.98606716 	0.98734189 	
0.98193767 	0.99428885 	0.99903740 	0.99963230 	0.99984019 	0.99967024 	0.99381329 	0.99993285 	0.70703888 	0.99891641 	0.99996527 	0.99137246 	0.99794499 	0.98681326 	0.98606716 	0.98734189 	
0.98193767 	0.99428885 	0.99903740 	0.99963230 	0.99984019 	0.99967024 	0.99381329 	0.99993285 	0.70703888 	0.99891641 	0.99999590 	0.99137246 	0.99794499 	0.98681326 	0.98606716 	0.98734189 	
0.98193767 	0.99428885 	0.99903740 	0.99963230 	0.99984019 	0.99967024 	0.99381329 	0.99993285 	0.70703888 	0.99891641 	0.99999590 	0.99194615 	0.99794499 	0.98681326 	0.98606716 	0.98734189 	
0.98193767 	0.99428885 	0.99903740 	0.99963230 	0.99984019 	0.99967024 	0.99381329 	0.99993285 	0.70703888 	0.99891641 	0.99999590 	0.99194615 	0.99891706 	0.98681326 	0.98606716 	0.98734189 	
0.98193767 	0.99428885 	0.99903740 	0.99963230 	0.99984019 	0.99967024 	0.99381329 	0.99993285 	0.70703888 	0.99891641 	0.99999590 	0.99194615 	0.99891706 	0.98798673 	0.98606716 	0.98734189 	
0.98193767 	0.99428885 	0.99903740 	0.99963230 	0.99984019 	0.99967024 	0.99381329 	0.99993285 	0.70703888 	0.99891641 	0.99999590 	0.99194615 	0.99891706 	0.98798673 	0.98606716 	0.98734189 	
0.98193767 	0.99428885 	0.99903740 	0.99963230 	0.99984019 	0.99967024 	0.99381329 	0.99993285 	0.70703888 	0.99891641 	0.99999590 	0.99194615 	0.99891706 	0.98798673 	0.98606716 	0.98582674 	
0.98886129 	0.99428885 	0.99903740 	0.99963230 	0.99984019 	0.99967024 	0.99381329 	0.99993285 	0.70703888 	0.99891641 	0.99999590 	0.99194615 	0.99891706 	0.98798673 	0.98606716 	0.98582674 	
0.98886129 	0.99380441 	0.99903740 	0.99963230 	0.99984019 	0.99967024 	0.99381329 	0.99993285 	0.70703888 	0.99891641 	0.99999590 	0.99194615 	0.99891706 	0.98798673 	0.98606716 	0.98582674 	
0.98886129 	0.99380441 	0.99909034 	0.99963230 	0.99984019 	0.99967024 	0.99381329 	0.99993285 	0.70703888 	0.99891641 	0.99999590 	0.99194615 	0.99891706 	0.98798673 	0.98606716 	0.98582674 	
0.98886129 	0.99380441 	0.99909034 	0.99971437 	0.99984019 	0.99967024 	0.99381329 	0.99993285 	0.70703888 	0.99891641 	0.99999590 	0.99194615 	0.99891706 	0.98798673 	0.98606716 	0.98582674 	
0.98886129 	0.99380441 	0.99909034 	0.99971437 	0.99995995 	0.99967024 	0.99381329 	0.99993285 	0.70703888 	0.99891641 	0.99999590 	0.99194615 	0.99891706 	0.98798673 	0.98606716 	0.98582674 	
0.98886129 	0.99380441 	0.99909034 	0.99971437 	0.99995995 	0.99967024 	0.99381329 	0.99993285 	0.70703888 	0.99891641 	0.99999590 	0.99194615 	0.99891706 	0.98798673 	0.98606716 	0.98582674 	
0.98886129 	0.99380441 	0.99909034 	0.99971437 	0.99995995 	0.99967024 	0.99381329 	0.99993285 	0.70703888 	0.99891641 	0.99999590 	0.99194615 	0.99891706 	0.98798673 	0.98606716 	0.98582674 	
0.98886129 	0.99380441 	0.99909034 	0.99971437 	0.99995995 	0.99967024 	0.99381329 	0.99993285 	0.70703888 	0.99891641 	0.99999590 	0.99194615 	0.99891706 	0.98798673 	0.98606716 	0.98582674 	
0.98886129 	0.99380441 	0.99909034 	0.99971437 	0.99995995 	0.99967024 	0.99381329 	0.99993285 	0.70703888 	0.99891641 	0.99999590 	0.99194615 	0.99891706 	0.98798673 	0.98606716 	0.98582674 	
0.98886129 	0.99380441 	0.99909034 	0.99971437 	0.99995995 	0.99967024 	0.99381329 	0.99993285 	0.70703888 	0.99891272 	0.99999590 	0.99194615 	0.99891706 	0.98798673 	0.98606716 	0.98582674 	
0.98886129 	0.99380441 	0.99909034 	0.99971437 	0.99995995 	0.99967024 	0.99381329 	0.99993285 	0.70703888 	0.99891272 	0.99999590 	0.99194615 	0.99891706 	0.98798673 	0.98606716 	0.98582674 	
0.98886129 	0.99380441 	0.99909034 	0.99971437 	0.99995995 	0.99967024 	0.99381329 	0.99993285 	0.70703888 	0.99891272 	0.99999590 	0.99124051 	0.99891706 	0.98798673 	0.98606716 	0.98582674 	
0.98886129 	0.99380441 	0.99909034 	0.99971437 	0.99995995 	0.99967024 	0.99381329 	0.99993285 	0.70703888 	0.99891272 	0.99999590 	0.99124051 	0.99956489 	0.98798673 	0.98606716 	0.98582674 	
0.98886129 	0.99380441 	0.99909034 	0.99971437 	0.99995995 	0.99967024 	0.99381329 	0.99993285 	0.70703888 	0.99891272 	0.99999590 	0.99124051 	0.99956489 	0.98798673 	0.98606716 	0.98582674 	
0.98886129 	0.99380441 	0.99909034 	0.99971437 	0.99995995 	0.99967024 	0.99381329 	0.99993285 	0.70703888 	0.99891272 	0.99999590 	0.99124051 	0.99956489 	0.98798673 	0.99313979 	0.98582674 	
0.98886129 	0.99380441 	0.99909034 	0.99971437 	0.99995995 	0.99967024 	0.99381329 	0.99993285 	0.70703888 	0.99891272 	0.99999590 	0.99124051 	0.99956489 	0.98798673 	0.99313979 	0.98582674 	
0.98614811 	0.99380441 	0.99909034 	0.99971437 	0.99995995 	0.99967024 	0.99381329 	0.99993285 	0.70703888 	0.99891272 	0.99999590 	0.99124051 	0.99956489 	0.98798673 	0.99313979 	0.98582674 	
0.98614811 	0.99380441 	0.99909034 	0.99971437 	0.99995995 	0.99967024 	0.99381329 	0.99993285 	0.70703888 	0.99891272 	0.99999590 	0.99124051 	0.99956489 	0.98798673 	0.99313979 	0.98582674 	
0.98614811 	0.99380441 	0.99978153 	0.99971437 	0.99995995 	0.99967024 	0.99381329 	0.99993285 	0.70703888 	0.99891272 	0.99999590 	0.99124051 	0.99956489 	0.98798673 	0.99313979 	0.98582674 	
0.98614811 	0.99380441 	0.99978153 	0.99997653 	0.99995995 	0.99967024 	0.99381329 	0.99993285 	0.70703888 	0.99891272 	0.99999590 	0.99124051 	0.99956489 	0.98798673 	0.99313979 	0.98582674 	
0.98614811 	0.99380441 	0.99978153 	0.99997653 	0.99995995 	0.99967024 	0.99381329 	0.99993285 	0.70703888 	0.99891272 	0.99999590 	0.99124051 	0.99956489 	0.98798673 	0.99313979 	0.98582674 	
0.98614811 	0.99380441 	0.99978153 	0.99997653 	0.99995995 	0.99991178 	0.99381329 	0.99993285 	0.70703888 	0.99891272 	0.99999590 	0.99124051 	0.99956489 	0.98798673 	0.99313979 	0.98582674 	
0.98614811 	0.99380441 	0.99978153 	0.99997653 	0.99995995 	0.99991178 	0.99381329 	0.99993285 	0.70703888 	0.99891272 	0.99999590 	0.99124051 	0.99956489 	0.98798673 	0.99313979 	0.98582674 	
0.98614811 	0.99380441 	0.99978153 	0.99997653 	0.99995995 	0.99991178 	0.99381329 	0.99993285 	0.70703888 	0.99891272 	0.99999590 	0.99124051 	0.99956489 	0.98798673 	0.99313979 	0.98582674 	
0.98614811 	0.99380441 	0.99978153 	0.99997653 	0.99995995 	0.99991178 	0.99381329 	0.99993285 	0.70703888 	0.99891272 	0.99999590 	0.99124051 	0.99956489 	0.98798673 	0.99313979 	0.98582674 	
0.98614811 	0.99380441 	0.99978153 	0.99997653 	0.99995995 	0.99991178 	0.99381329 	0.99993285 	0.70703888 	0.99853843 	0.99999590 	0.99124051 	0.99956489 	0.98798673 	0.99313979 	0.98582674 	
0.98614811 	0.99380441 	0.99978153 	0.99997653 	0.99995995 	0.99991178 	0.99381329 	0.99993285 	0.70703888 	0.99853843 	0.99999590 	0.99124051 	0.99956489 	0.98798673 	0.99313979 	0.98582674 	
0.98614811 	0.99380441 	0.99978153 	0.99997653 	0.99995995 	0.99991178 	0.99381329 	0.99993285 	0.70703888 	0.99853843 	0.99999590 	0.99137243 	0.99956489 	0.98798673 	0.99313979 	0.98582674 	
0.98614811 	0.99380441 	0.99978153 	0.99997653 	0.99995995 	0.99991178 	0.99381329 	0.99993285 	0.70703888 	0.99853843 	0.99999590 	0.99137243 	0.99980111 	0.98798673 	0.99313979 	0.98582674 	
0.98614811 	0.99380441 	0.99978153 	0.99997653 	0.99995995 	0.99991178 	0.99381329 	0.99993285 	0.70703888 	0.99853843 	0.99999590 	0.99137243 	0.99980111 	0.98691717 	0.99313979 	0.98582674 	
0.98614811 	0.99380441 	0.99978153 	0.99997653 	0.99995995 	0.99991178 	0.99381329 	0.99993285 	0.70703888 	0.99853843 	0.99999590 	0.99137243 	0.99980111 	0.98691717 	0.99867597 	0.98582674 	
0.98614811 	0.99380441 	0.99978153 	0.99997653 	0.99995995 	0.99991178 	0.99381329 	0.99993285 	0.70703888 	0.99853843 	0.99999590 	0.99137243 	0.99980111 	0.98691717 	0.99867597 	0.98582674 	
0.98640191 	0.99380441 	0.99978153 	0.99997653 	0.99995995 	0.99991178 	0.99381329 	0.99993285 	0.70703888 	0.99853843 	0.99999590 	0.99137243 	0.99980111 	0.98691717 	0.99867597 	0.98582674 	
0.98640191 	0.99310497 	0.99978153 	0.99997653 	0.99995995 	0.99991178 	0.99381329 	0.99993285 	0.70703888 	0.99853843 	0.99999590 	0.99137243 	0.99980111 	0.98691717 	0.99867597 	0.98582674 	
0.98640191 	0.99310497 	0.99978153 	0.99997653 	0.99995995 	0.99991178 	0.99381329 	0.99993285 	0.70703888 	0.99853843 	0.99999590 	0.99137243 	0.99980111 	0.98691717 	0.99867597 	0.98582674 	
0.98640191 	0.99310497 	0.99978153 	0.99997653 	0.99995995 	0.99991178 	0.99381329 	0.99993285 	0.70703888 	0.99853843 	0.99999590 	0.99137243 	0.99980111 	0.98691717 	0.99867597 	0.98582674 	
0.98640191 	0.99310497 	0.99978153 	0.99997653 	0.99995995 	0.99991178 	0.99381329 	0.99993285 	0.70703888 	0.99853843 	0.99999590 	0.99137243 	0.99980111 	0.98691717 	0.99867597 	0.98582674 	
0.98640191 	0.99310497 	0.99978153 	0.99997653 	0.99995995 	0.99991178 	0.99381329 	0.99993285 	0.70703888 	0.99853843 	0.99999590 	0.99137243 	0.99980111 	0.98691717 	0.99867597 	0.98582674 	
0.98640191 	0.99310497 	0.99978153 	0.99997653 	0.99995995 	0.99991178 	0.99381329 	0.99993285 	0.70703888 	0.99853843 	0.99999590 	0.99137243 	0.99980111 	0.98691717 	0.99867597 	0.98582674 	
0.98640191 	0.99310497 	0.99978153 	0.99997653 	0.99995995 	0.99991178 	0.99381329 	0.99993285 	0.70703888 	0.99853843 	0.99999590 	0.99137243 	0.99980111 	0.98691717 	0.99867597 	0.98582674 	
0.98640191 	0.99310497 	0.99978153 	0.99997653 	0.99995995 	0.99991178 	0.99381329 	0.99993285 	0.70703614 	0.99853843 	0.99999590 	0.99137243 	0.99980111 	0.98691717 	0.99867597 	0.98582674 	
0.98640191 	0.99310497 	0.99978153 	0.99997653 	0.99995995 	0.99991178 	0.99381329 	0.99993285 	0.70703614 	0.99791556 	0.99999590 	0.99137243 	0.99980111 	0.98691717 	0.99867597 	0.98582674 	
0.98640191 	0.99310497 	0.99978153 	0.99997653 	0.99995995 	0.99991178 	0.99381329 	0.99993285 	0.70703614 	0.99791556 	0.99999590 	0.99137243 	0.99980111 	0.98691717 	0.99867597 	0.98582674 	
0.98640191 	0.99310497 	0.99978153 	0.99997653 	0.99995995 	0.99991178 	0.99381329 	0.99993285 	0.70703614 	0.99791556 	0.99999590 	0.99137246 	0.99980111 	0.98691717 	0.99867597 	0.98582674 	
0.98640191 	0.99310497 	0.99978153 	0.99997653 	0.99995995 	0.99991178 	0.99381329 	0.99993285 	0.70703614 	0.99791556 	0.99999590 	0.99137246 	0.99999386 	0.98691717 	0.99867597 	0.98582674 	
0.98640191 	0.99310497 	0.99978153 	0.99997653 	0.99995995 	0.99991178 	0.99381329 	0.99993285 	0.70703614 	0.99791556 	0.99999590 	0.99137246 	0.99999386 	0.98803535 	0.99867597 	0.98582674 	
0.98640191 	0.99310497 	0.99978153 	0.99997653 	0.99995995 	0.99991178 	0.99381329 	0.99993285 	0.70703614 	0.99791556 	0.99999590 	0.99137246 	0.99999386 	0.98803535 	0.99867597 	0.98582674 	
0.98640191 	0.99310497 	0.99978153 	0.99997653 	0.99995995 	0.99991178 	0.99381329 	0.99993285 	0.70703614 	0.99791556 	0.99999590 	0.99137246 	0.99999386 	0.98803535 	0.99867597 	0.98621394 	
0.98640191 	0.99310497 	0.99978153 	0.99997653 	0.99995995 	0.99991178 	0.99381329 	0.99993285 	0.70703614 	0.99791556 	0.99999590 	0.99137246 	0.99999386 	0.98803535 	0.99867597 	0.98621394 	
0.98640191 	0.99304842 	0.99978153 	0.99997653 	0.99995995 	0.99991178 	0.99381329 	0.99993285 	0.70703614 	0.99791556 	0.99999590 	0.99137246 	0.99999386 	0.98803535 	0.99867597 	0.98621394 	
0.98640191 	0.99304842 	0.99982256 	0.99997653 	0.99995995 	0.99991178 	0.99381329 	0.99993285 	0.70703614 	0.99791556 	0.99999590 	0.99137246 	0.99999386 	0.98803535 	0.99867597 	0.98621394 	
0.98640191 	0.99304842 	0.99982256 	0.99997653 	0.99995995 	0.99991178 	0.99381329 	0.99993285 	0.70703614 	0.99791556 	0.99999590 	0.99137246 	0.99999386 	0.98803535 	0.99867597 	0.98621394 	
0.98640191 	0.99304842 	0.99982256 	0.99997653 	0.99998316 	0.99991178 	0.99381329 	0.99993285 	0.70703614 	0.99791556 	0.99999590 	0.99137246 	0.99999386 	0.98803535 	0.99867597 	0.98621394 	
0.98640191 	0.99304842 	0.99982256 	0.99997653 	0.99998316 	0.99999867 	0.99381329 	0.99993285 	0.70703614 	0.99791556 	0.99999590 	0.99137246 	0.99999386 	0.98803535 	0.99867597 	0.98621394 	
0.98640191 	0.99304842 	0.99982256 	0.99997653 	0.99998316 	0.99999867 	0.99381329 	0.99993285 	0.70703614 	0.99791556 	0.99999590 	0.99137246 	0.99999386 	0.98803535 	0.99867597 	0.98621394 	
0.98640191 	0.99304842 	0.99982256 	0.99997653 	0.99998316 	0.99999867 	0.99381329 	0.99993285 	0.70703614 	0.99791556 	0.99999590 	0.99137246 	0.99999386 	0.98803535 	0.99867597 	0.98621394 	
0.98640191 	0.99304842 	0.99982256 	0.99997653 	0.99998316 	0.99999867 	0.99381329 	0.99993285 	0.69872303 	0.99791556 	0.99999590 	0.99137246 	0.99999386 	0.98803535 	0.99867597 	0.98621394 	
0.98640191 	0.99304842 	0.99982256 	0.99997653 	0.99998316 	0.99999867 	0.99381329 	0.99993285 	0.69872303 	0.99791556 	0.99999590 	0.99137246 	0.99999386 	0.98803535 	0.99867597 	0.98621394 	
0.98640191 	0.99304842 	0.99982256 	0.99997653 	0.99998316 	0.99999867 	0.99381329 	0.99993285 	0.69872303 	0.99791556 	0.99999960 	0.99137246 	0.99999386 	0.98803535 	0.99867597 	0.98621394 	
0.98640191 	0.99304842 	0.99982256 	0.99997653 	0.99998316 	0.99999867 	0.99381329 	0.99993285 	0.69872303 	0.99791556 	0.99999960 	0.99137246 	0.99999386 	0.98803535 	0.99867597 	0.98621394 	
0.98640191 	0.99304842 	0.99982256 	0.99997653 	0.99998316 	0.99999867 	0.99381329 	0.99993285 	0.69872303 	0.99791556 	0.99999960 	0.99137246 	0.99999386 	0.98803535 	0.99867597 	0.98621394 	
0.98640191 	0.99304842 	0.99982256 	0.99997653 	0.99998316 	0.99999867 	0.99381329 	0.99993285 	0.69872303 	0.99791556 	0.99999960 	0.99137246 	0.99999386 	0.98895156 	0.99867597 	0.98621394 	
0.98640191 	0.99304842 	0.99982256 	0.99997653 	0.99998316 	0.99999867 	0.99381329 	0.99993285 	0.69872303 	0.99791556 	0.99999960 	0.99137246 	0.99999386 	0.98895156 	0.99914598 	0.98621394 	
0.98640191 	0.99304842 	0.99982256 	0.99997653 	0.99998316 	0.99999867 	0.99381329 	0.99993285 	0.69872303 	0.99791556 	0.99999960 	0.99137246 	0.99999386 	0.98895156 	0.99914598 	0.98795436 	
0.98743440 	0.99304842 	0.99982256 	0.99997653 	0.99998316 	0.99999867 	0.99381329 	0.99993285 	0.69872303 	0.99791556 	0.99999960 	0.99137246 	0.99999386 	0.98895156 	0.99914598 	0.98795436 	
0.98743440 	0.99291793 	0.99982256 	0.99997653 	0.99998316 	0.99999867 	0.99381329 	0.99993285 	0.69872303 	0.99791556 	0.99999960 	0.99137246 	0.99999386 	0.98895156 	0.99914598 	0.98795436 	
0.98743440 	0.99291793 	0.99999891 	0.99997653 	0.99998316 	0.99999867 	0.99381329 	0.99993285 	0.69872303 	0.99791556 	0.99999960 	0.99137246 	0.99999386 	0.98895156 	0.99914598 	0.98795436 	
0.98743440 	0.99291793 	0.99999891 	0.99997827 	0.99998316 	0.99999867 	0.99381329 	0.99993285 	0.69872303 	0.99791556 	0.99999960 	0.99137246 	0.99999386 	0.98895156 	0.99914598 	0.98795436 	
0.98743440 	0.99291793 	0.99999891 	0.99997827 	0.99998316 	0.99999867 	0.99381329 	0.99993285 	0.69872303 	0.99791556 	0.99999960 	0.99137246 	0.99999386 	0.98895156 	0.99914598 	0.98795436 	
0.98743440 	0.99291793 	0.99999891 	0.99997827 	0.99998316 	0.99999867 	0.99381329 	0.99993285 	0.69872303 	0.99791556 	0.99999960 	0.99137246 	0.99999386 	0.98895156 	0.99914598 	0.98795436 	
0.98743440 	0.99291793 	0.99999891 	0.99997827 	0.99998316 	0.99999867 	0.99382627 	0.99993285 	0.69872303 	0.99791556 	0.99999960 	0.99137246 	0.99999386 	0.98895156 	0.99914598 	0.98795436 	
0.98743440 	0.99291793 	0.99999891 	0.99997827 	0.99998316 	0.99999867 	0.99382627 	0.99999436 	0.69872303 	0.99791556 	0.99999960 	0.99137246 	0.99999386 	0.98895156 	0.99914598 	0.98795436 	
0.98743440 	0.99291793 	0.99999891 	0.99997827 	0.99998316 	0.99999867 	0.99382627 	0.99999436 	0.70549687 	0.99791556 	0.99999960 	0.99137246 	0.99999386 	0.98895156 	0.99914598 	0.98795436 	
0.98743440 	0.99291793 	0.99999891 	0.99997827 	0.99998316 	0.99999867 	0.99382627 	0.99999436 	0.70549687 	0.99791556 	0.99999960 	0.99137246 	0.99999386 	0.98895156 	0.99914598 	0.98795436 	
0.98743440 	0.99291793 	0.99999891 	0.99997827 	0.99998316 	0.99999867 	0.99382627 	0.99999436 	0.70549687 	0.99791556 	0.99999960 	0.99137246 	0.99999386 	0.98895156 	0.99914598 	0.98795436 	
0.98743440 	0.99291793 	0.99999891 	0.99997827 	0.99998316 	0.99999867 	0.99382627 	0.99999436 	0.70549687 	0.99791556 	0.99999960 	0.99137077 	0.99999386 	0.98895156 	0.99914598 	0.98795436 	
0.98743440 	0.99291793 	0.99999891 	0.99997827 	0.99998316 	0.99999867 	0.99382627 	0.99999436 	0.70549687 	0.99791556 	0.99999960 	0.99137077 	0.99999386 	0.98895156 	0.99914598 	0.98795436 	
0.98743440 	0.99291793 	0.99999891 	0.99997827 	0.99998316 	0.99999867 	0.99382627 	0.99999436 	0.70549687 	0.99791556 	0.99999960 	0.99137077 	0.99999386 	0.98789144 	0.99914598 	0.98795436 	
0.98743440 	0.99291793 	0.99999891 	0.99997827 	0.99998316 	0.99999867 	0.99382627 	0.99999436 	0.70549687 	0.99791556 	0.99999960 	0.99137077 	0.99999386 	0.98789144 	0.99926241 	0.98795436 	
0.98743440 	0.99291793 	0.99999891 	0.99997827 	0.99998316 	0.99999867 	0.99382627 	0.99999436 	0.70549687 	0.99791556 	0.99999960 	0.99137077 	0.99999386 	0.98789144 	0.99926241 	0.98635111 	
0.98680834 	0.99291793 	0.99999891 	0.99997827 	0.99998316 	0.99999867 	0.99382627 	0.99999436 	0.70549687 	0.99791556 	0.99999960 	0.99137077 	0.99999386 	0.98789144 	0.99926241 	0.98635111 	
0.98680834 	0.99291793 	0.99999891 	0.99997827 	0.99998316 	0.99999867 	0.99382627 	0.99999436 	0.70549687 	0.99791556 	0.99999960 	0.99137077 	0.99999386 	0.98789144 	0.99926241 	0.98635111 	
0.98680834 	0.99291793 	0.99999891 	0.99997827 	0.99998316 	0.99999867 	0.99382627 	0.99999436 	0.70549687 	0.99791556 	0.99999960 	0.99137077 	0.99999386 	0.98789144 	0.99926241 	0.98635111 	
0.98680834 	0.99291793 	0.99999891 	0.99997838 	0.99998316 	0.99999867 	0.99382627 	0.99999436 	0.70549687 	0.99791556 	0.99999960 	0.99137077 	0.99999386 	0.98789144 	0.99926241 	0.98635111 	
0.98680834 	0.99291793 	0.99999891 	0.99997838 	0.99998326 	0.99999867 	0.99382627 	0.99999436 	0.70549687 	0.99791556 	0.99999960 	0.99137077 	0.99999386 	0.98789144 	0.99926241 	0.98635111 	
0.98680834 	0.99291793 	0.99999891 	0.99997838 	0.99998326 	0.99999867 	0.99382627 	0.99999436 	0.70549687 	0.99791556 	0.99999960 	0.99137077 	0.99999386 	0.98789144 	0.99926241 	0.98635111 	
0.98680834 	0.99291793 	0.99999891 	0.99997838 	0.99998326 	0.99999867 	0.99391427 	0.99999436 	0.70549687 	0.99791556 	0.99999960 	0.99137077 	0.99999386 	0.98789144 	0.99926241 	0.98635111 	
0.98680834 	0.99291793 	0.99999891 	0.99997838 	0.99998326 	0.99999867 	0.99391427 	0.99999941 	0.70549687 	0.99791556 	0.99999960 	0.99137077 	0.99999386 	0.98789144 	0.99926241 	0.98635111 	
0.98680834 	0.99291793 	0.99999891 	0.99997838 	0.99998326 	0.99999867 	0.99391427 	0.99999941 	0.70549687 	0.99791556 	0.99999960 	0.99137077 	0.99999386 	0.98789144 	0.99926241 	0.98635111 	
0.98680834 	0.99291793 	0.99999891 	0.99997838 	0.99998326 	0.99999867 	0.99391427 	0.99999941 	0.70549687 	0.99791556 	0.99999960 	0.99137077 	0.99999386 	0.98789144 	0.99926241 	0.98635111 	
0.98680834 	0.99291793 	0.99999891 	0.99997838 	0.99998326 	0.99999867 	0.99391427 	0.99999941 	0.70549687 	0.99791556 	0.99999960 	0.99137077 	0.99999386 	0.98789144 	0.99926241 	0.98635111 	
0.98680834 	0.99291793 	0.99999891 	0.99997838 	0.99998326 	0.99999867 	0.99391427 	0.99999941 	0.70549687 	0.99791556 	0.99999960 	0.99137077 	0.99999386 	0.98789144 	0.99926241 	0.98635111 	
0.98680834 	0.99291793 	0.99999891 	0.99997838 	0.99998326 	0.99999867 	0.99391427 	0.99999941 	0.70549687 	0.99791556 	0.99999960 	0.99137077 	0.99999386 	0.98789144 	0.99926241 	0.98635111 	
0.98680834 	0.99291793 	0.99999891 	0.99997838 	0.99998326 	0.99999867 	0.99391427 	0.99999941 	0.70549687 	0.99791556 	0.99999960 	0.99137077 	0.99999386 	0.98789144 	0.99926241 	0.98635111 	
0.98680834 	0.99291793 	0.99999891 	0.99997838 	0.99998326 	0.99999867 	0.99391427 	0.99999941 	0.70549687 	0.99791556 	0.99999960 	0.99137077 	0.99999386 	0.98789144 	0.99972688 	0.98635111 	
0.98680834 	0.99291793 	0.99999891 	0.99997838 	0.99998326 	0.99999867 	0.99391427 	0.99999941 	0.70549687 	0.99791556 	0.99999960 	0.99137077 	0.99999386 	0.98789144 	0.99972688 	0.98635111 	
0.98683303 	0.99291793 	0.99999891 	0.99997838 	0.99998326 	0.99999867 	0.99391427 	0.99999941 	0.70549687 	0.99791556 	0.99999960 	0.99137077 	0.99999386 	0.98789144 	0.99972688 	0.98635111 	
0.98683303 	0.99291793 	0.99999891 	0.99997838 	0.99998326 	0.99999867 	0.99391427 	0.99999941 	0.70549687 	0.99791556 	0.99999960 	0.99137077 	0.99999386 	0.98789144 	0.99972688 	0.98635111 	
0.98683303 	0.99291793 	0.99999891 	0.99997838 	0.99998326 	0.99999867 	0.99391427 	0.99999941 	0.70549687 	0.99791556 	0.99999960 	0.99137077 	0.99999386 	0.98789144 	0.99972688 	0.98635111 	
0.98683303 	0.99291793 	0.99999891 	0.99999939 	0.99998326 	0.99999867 	0.99391427 	0.99999941 	0.70549687 	0.99791556 	0.99999960 	0.99137077 	0.99999386 	0.98789144 	0.99972688 	0.98635111 	
0.98683303 	0.99291793 	0.99999891 	0.99999939 	0.99999481 	0.99999867 	0.99391427 	0.99999941 	0.70549687 	0.99791556 	0.99999960 	0.99137077 	0.99999386 	0.98789144 	0.99972688 	0.98635111 	
0.98683303 	0.99291793 	0.99999891 	0.99999939 	0.99999481 	0.99999867 	0.99391427 	0.99999941 	0.70549687 	0.99791556 	0.99999960 	0.99137077 	0.99999386 	0.98789144 	0.99972688 	0.98635111 	
0.98683303 	0.99291793 	0.99999891 	0.99999939 	0.99999481 	0.99999867 	0.99401181 	0.99999941 	0.70549687 	0.99791556 	0.99999960 	0.99137077 	0.99999386 	0.98789144 	0.99972688 	0.98635111 	
0.98683303 	0.99291793 	0.99999891 	0.99999939 	0.99999481 	0.99999867 	0.99401181 	0.99999941 	0.70549687 	0.99791556 	0.99999960 	0.99137077 	0.99999386 	0.98789144 	0.99972688 	0.98635111 	
0.98683303 	0.99291793 	0.99999891 	0.99999939 	0.99999481 	0.99999867 	0.99401181 	0.99999941 	0.70312185 	0.99791556 	0.99999960 	0.99137077 	0.99999386 	0.98789144 	0.99972688 	0.98635111 	
0.98683303 	0.99291793 	0.99999891 	0.99999939 	0.99999481 	0.99999867 	0.99401181 	0.99999941 	0.70312185 	0.99791556 	0.99999960 	0.99137077 	0.99999386 	0.98789144 	0.99972688 	0.98635111 	
0.98683303 	0.99291793 	0.99999891 	0.99999939 	0.99999481 	0.99999867 	0.99401181 	0.99999941 	0.70312185 	0.99791556 	0.99999960 	0.99137077 	0.99999386 	0.98789144 	0.99972688 	0.98635111 	
0.98683303 	0.99291793 	0.99999891 	0.99999939 	0.99999481 	0.99999867 	0.99401181 	0.99999941 	0.70312185 	0.99791556 	0.99999960 	0.99137077 	0.99999386 	0.98789144 	0.99972688 	0.98635111 	
0.98683303 	0.99291793 	0.99999891 	0.99999939 	0.99999481 	0.99999867 	0.99401181 	0.99999941 	0.70312185 	0.99791556 	0.99999960 	0.99137077 	0.99999386 	0.98789144 	0.99972688 	0.98635111 	
0.98683303 	0.99291793 	0.99999891 	0.99999939 	0.99999481 	0.99999867 	0.99401181 	0.99999941 	0.70312185 	0.99791556 	0.99999960 	0.99137077 	0.99999386 	0.98789144 	0.99972688 	0.98635111 	
0.98683303 	0.99291793 	0.99999891 	0.99999939 	0.99999481 	0.99999867 	0.99401181 	0.99999941 	0.70312185 	0.99791556 	0.99999960 	0.99137077 	0.99999386 	0.98789144 	0.99991952 	0.98635111 	
0.98683303 	0.99291793 	0.99999891 	0.99999939 	0.99999481 	0.99999867 	0.99401181 	0.99999941 	0.70312185 	0.99791556 	0.99999960 	0.99137077 	0.99999386 	0.98789144 	0.99991952 	0.98667547 	
0.98702526 	0.99291793 	0.99999891 	0.99999939 	0.99999481 	0.99999867 	0.99401181 	0.99999941 	0.70312185 	0.99791556 	0.99999960 	0.99137077 	0.99999386 	0.98789144 	0.99991952 	0.98667547 	
0.98702526 	0.99274710 	0.99999891 	0.99999939 	0.99999481 	0.99999867 	0.99401181 	0.99999941 	0.70312185 	0.99791556 	0.99999960 	0.99137077 	0.99999386 	0.98789144 	0.99991952 	0.98667547 	
0.98702526 	0.99274710 	0.99999891 	0.99999939 	0.99999481 	0.99999867 	0.99401181 	0.99999941 	0.70312185 	0.99791556 	0.99999960 	0.99137077 	0.99999386 	0.98789144 	0.99991952 	0.98667547 	
0.98702526 	0.99274710 	0.99999891 	0.99999966 	0.99999481 	0.99999867 	0.99401181 	0.99999941 	0.70312185 	0.99791556 	0.99999960 	0.99137077 	0.99999386 	0.98789144 	0.99991952 	0.98667547 	
0.98702526 	0.99274710 	0.99999891 	0.99999966 	0.99999481 	0.99999867 	0.99401181 	0.99999941 	0.70312185 	0.99791556 	0.99999960 	0.99137077 	0.99999386 	0.98789144 	0.99991952 	0.98667547 	
0.98702526 	0.99274710 	0.99999891 	0.99999966 	0.99999481 	0.99999867 	0.99401181 	0.99999941 	0.70312185 	0.99791556 	0.99999960 	0.99137077 	0.99999386 	0.98789144 	0.99991952 	0.98667547 	
0.98702526 	0.99274710 	0.99999891 	0.99999966 	0.99999481 	0.99999867 	0.99401181 	0.99999941 	0.70312185 	0.99791556 	0.99999960 	0.99137077 	0.99999386 	0.98789144 	0.99991952 	0.98667547 	
0.98702526 	0.99274710 	0.99999891 	0.99999966 	0.99999481 	0.99999867 	0.99401181 	0.99999941 	0.70312185 	0.99791556 	0.99999960 	0.99137077 	0.99999386 	0.98789144 	0.99991952 	0.98667547 	
0.98702526 	0.99274710 	0.99999891 	0.99999966 	0.99999481 	0.99999867 	0.99401181 	0.99999941 	0.70312185 	0.99791556 	0.99999960 	0.99137077 	0.99999386 	0.98789144 	0.99991952 	0.98667547 	
0.98702526 	0.99274710 	0.99999891 	0.99999966 	0.99999481 	0.99999867 	0.99401181 	0.99999941 	0.70312185 	0.99759131 	0.99999960 	0.99137077 	0.99999386 	0.98789144 	0.99991952 	0.98667547 	
0.98702526 	0.99274710 	0.99999891 	0.99999966 	0.99999481 	0.99999867 	0.99401181 	0.99999941 	0.70312185 	0.99759131 	0.99999960 	0.99137077 	0.99999386 	0.98789144 	0.99991952 	0.98667547 	
0.98702526 	0.99274710 	0.99999891 	0.99999966 	0.99999481 	0.99999867 	0.99401181 	0.99999941 	0.70312185 	0.99759131 	0.99999960 	0.99135464 	0.99999386 	0.98789144 	0.99991952 	0.98667547 	
0.98702526 	0.99274710 	0.99999891 	0.99999966 	0.99999481 	0.99999867 	0.99401181 	0.99999941 	0.70312185 	0.99759131 	0.99999960 	0.99135464 	0.99999990 	0.98789144 	0.99991952 	0.98667547 	
0.98702526 	0.99274710 	0.99999891 	0.99999966 	0.99999481 	0.99999867 	0.99401181 	0.99999941 	0.70312185 	0.99759131 	0.99999960 	0.99135464 	0.99999990 	0.98798859 	0.99991952 	0.98667547 	
0.98702526 	0.99274710 	0.99999891 	0.99999966 	0.99999481 	0.99999867 	0.99401181 	0.99999941 	0.70312185 	0.99759131 	0.99999960 	0.99135464 	0.99999990 	0.98798859 	0.99997084 	0.98667547 	
0.98702526 	0.99274710 	0.99999891 	0.99999966 	0.99999481 	0.99999867 	0.99401181 	0.99999941 	0.70312185 	0.99759131 	0.99999960 	0.99135464 	0.99999990 	0.98798859 	0.99997084 	0.98734902 	
0.98702526 	0.99274710 	0.99999891 	0.99999966 	0.99999481 	0.99999867 	0.99401181 	0.99999941 	0.70312185 	0.99759131 	0.99999960 	0.99135464 	0.99999990 	0.98798859 	0.99997084 	0.98734902 	
0.98702526 	0.99274710 	0.99999891 	0.99999966 	0.99999481 	0.99999867 	0.99401181 	0.99999941 	0.70312185 	0.99759131 	0.99999960 	0.99135464 	0.99999990 	0.98798859 	0.99997084 	0.98734902 	
0.98702526 	0.99274710 	0.99999891 	0.99999966 	0.99999481 	0.99999867 	0.99401181 	0.99999941 	0.70312185 	0.99759131 	0.99999960 	0.99135464 	0.99999990 	0.98798859 	0.99997084 	0.98734902 	
0.98702526 	0.99274710 	0.99999891 	0.99999991 	0.99999481 	0.99999867 	0.99401181 	0.99999941 	0.70312185 	0.99759131 	0.99999960 	0.99135464 	0.99999990 	0.98798859 	0.99997084 	0.98734902 	
0.98702526 	0.99274710 	0.99999891 	0.99999991 	0.99999481 	0.99999867 	0.99401181 	0.99999941 	0.70312185 	0.99759131 	0.99999960 	0.99135464 	0.99999990 	0.98798859 	0.99997084 	0.98734902 	
0.98702526 	0.99274710 	0.99999891 	0.99999991 	0.99999481 	0.99999867 	0.99401181 	0.99999941 	0.70312185 	0.99759131 	0.99999960 	0.99135464 	0.99999990 	0.98798859 	0.99997084 	0.98734902 	
0.98702526 	0.99274710 	0.99999891 	0.99999991 	0.99999481 	0.99999867 	0.99401181 	0.99999941 	0.70312185 	0.99759131 	0.99999960 	0.99135464 	0.99999990 	0.98798859 	0.99997084 	0.98734902 	
0.98702526 	0.99274710 	0.99999891 	0.99999991 	0.99999481 	0.99999867 	0.99401181 	0.99999941 	0.70312185 	0.99759131 	0.99999960 	0.99135464 	0.99999990 	0.98798859 	0.99997084 	0.98734902 	
0.98702526 	0.99274710 	0.99999891 	0.99999991 	0.99999481 	0.99999867 	0.99401181 	0.99999941 	0.70301773 	0.99759131 	0.99999960 	0.99135464 	0.99999990 	0.98798859 	0.99997084 	0.98734902 	
0.98702526 	0.99274710 	0.99999891 	0.99999991 	0.99999481 	0.99999867 	0.99401181 	0.99999941 	0.70301773 	0.99760689 	0.99999960 	0.99135464 	0.99999990 	0.98798859 	0.99997084 	0.98734902 	
0.98702526 	0.99274710 	0.99999891 	0.99999991 	0.99999481 	0.99999867 	0.99401181 	0.99999941 	0.70301773 	0.99760689 	0.99999960 	0.99135464 	0.99999990 	0.98798859 	0.99997084 	0.98734902 	
0.98702526 	0.99274710 	0.99999891 	0.99999991 	0.99999481 	0.99999867 	0.99401181 	0.99999941 	0.70301773 	0.99760689 	0.99999960 	0.99135464 	0.99999990 	0.98798859 	0.99997084 	0.98734902 	
0.98702526 	0.99274710 	0.99999891 	0.99999991 	0.99999481 	0.99999867 	0.99401181 	0.99999941 	0.70301773 	0.99760689 	0.99999960 	0.99135464 	0.99999990 	0.98798859 	0.99997084 	0.98734902 	
0.98702526 	0.99274710 	0.99999891 	0.99999991 	0.99999481 	0.99999867 	0.99401181 	0.99999941 	0.70301773 	0.99760689 	0.99999960 	0.99135464 	0.99999990 	0.98807959 	0.99997084 	0.98734902 	
0.98702526 	0.99274710 	0.99999891 	0.99999991 	0.99999481 	0.99999867 	0.99401181 	0.99999941 	0.70301773 	0.99760689 	0.99999960 	0.99135464 	0.99999990 	0.98807959 	0.99997084 	0.98734902 	
0.98702526 	0.99274710 	0.99999891 	0.99999991 	0.99999481 	0.99999867 	0.99401181 	0.99999941 	0.70301773 	0.99760689 	0.99999960 	0.99135464 	0.99999990 	0.98807959 	0.99997084 	0.98706528 	
0.98714274 	0.99274710 	0.99999891 	0.99999991 	0.99999481 	0.99999867 	0.99401181 	0.99999941 	0.70301773 	0.99760689 	0.99999960 	0.99135464 	0.99999990 	0.98807959 	0.99997084 	0.98706528 	
0.98714274 	0.99270201 	0.99999891 	0.99999991 	0.99999481 	0.99999867 	0.99401181 	0.99999941 	0.70301773 	0.99760689 	0.99999960 	0.99135464 	0.99999990 	0.98807959 	0.99997084 	0.98706528 	
0.98714274 	0.99270201 	0.99999891 	0.99999991 	0.99999481 	0.99999867 	0.99401181 	0.99999941 	0.70301773 	0.99760689 	0.99999960 	0.99135464 	0.99999990 	0.98807959 	0.99997084 	0.98706528 	
0.98714274 	0.99270201 	0.99999891 	0.99999991 	0.99999481 	0.99999867 	0.99401181 	0.99999941 	0.70301773 	0.99760689 	0.99999960 	0.99135464 	0.99999990 	0.98807959 	0.99997084 	0.98706528 	
0.98714274 	0.99270201 	0.99999891 	0.99999991 	0.99999838 	0.99999867 	0.99401181 	0.99999941 	0.70301773 	0.99760689 	0.99999960 	0.99135464 	0.99999990 	0.98807959 	0.99997084 	0.98706528 	
0.98714274 	0.99270201 	0.99999891 	0.99999991 	0.99999838 	0.99999867 	0.99401181 	0.99999941 	0.70301773 	0.99760689 	0.99999960 	0.99135464 	0.99999990 	0.98807959 	0.99997084 	0.98706528 	
0.98714274 	0.99270201 	0.99999891 	0.99999991 	0.99999838 	0.99999867 	0.99401181 	0.99999941 	0.70301773 	0.99760689 	0.99999960 	0.99135464 	0.99999990 	0.98807959 	0.99997084 	0.98706528 	
0.98714274 	0.99270201 	0.99999891 	0.99999991 	0.99999838 	0.99999867 	0.99401181 	0.99999941 	0.70301773 	0.99760689 	0.99999960 	0.99135464 	0.99999990 	0.98807959 	0.99997084 	0.98706528 	
0.98714274 	0.99270201 	0.99999891 	0.99999991 	0.99999838 	0.99999867 	0.99401181 	0.99999941 	0.70301773 	0.99760689 	0.99999960 	0.99135464 	0.99999990 	0.98807959 	0.99997084 	0.98706528 	
0.98714274 	0.99270201 	0.99999891 	0.99999991 	0.99999838 	0.99999867 	0.99401181 	0.99999941 	0.70301773 	0.99760689 	0.99999960 	0.99135464 	0.99999990 	0.98807959 	0.99997084 	0.98706528 	
0.98714274 	0.99270201 	0.99999891 	0.99999991 	0.99999838 	0.99999867 	0.99401181 	0.99999941 	0.70301773 	0.99760689 	0.99999960 	0.99135464 	0.99999990 	0.98807959 	0.99997084 	0.98706528 	
0.98714274 	0.99270201 	0.99999891 	0.99999991 	0.99999838 	0.99999867 	0.99401181 	0.99999941 	0.70301773 	0.99760689 	0.99999960 	0.99135464 	0.99999990 	0.98807959 	0.99997084 	0.98706528 	
0.98714274 	0.99270201 	0.99999891 	0.99999991 	0.99999838 	0.99999867 	0.99401181 	0.99999941 	0.70301773 	0.99760689 	0.99999960 	0.99135464 	0.99999990 	0.98807959 	0.99997084 	0.98706528 	
0.98714274 	0.99270201 	0.99999891 	0.99999991 	0.99999838 	0.99999867 	0.99401181 	0.99999941 	0.70301773 	0.99760689 	0.99999960 	0.99135464 	0.99999990 	0.98839435 	0.99997084 	0.98706528 	
0.98714274 	0.99270201 	0.99999891 	0.99999991 	0.99999838 	0.99999867 	0.99401181 	0.99999941 	0.70301773 	0.99760689 	0.99999960 	0.99135464 	0.99999990 	0.98839435 	0.99997084 	0.98706528 	
0.98714274 	0.99270201 	0.99999891 	0.99999991 	0.99999838 	0.99999867 	0.99401181 	0.99999941 	0.70301773 	0.99760689 	0.99999960 	0.99135464 	0.99999990 	0.98839435 	0.99997084 	0.98706528 	
0.98733353 	0.99270201 	0.99999891 	0.99999991 	0.99999838 	0.99999867 	0.99401181 	0.99999941 	0.70301773 	0.99760689 	0.99999960 	0.99135464 	0.99999990 	0.98839435 	0.99997084 	0.98706528 	
0.98733353 	0.99270201 	0.99999891 	0.99999991 	0.99999838 	0.99999867 	0.99401181 	0.99999941 	0.70301773 	0.99760689 	0.99999960 	0.99135464 	0.99999990 	0.98839435 	0.99997084 	0.98706528 	
0.98733353 	0.99270201 	0.99999891 	0.99999991 	0.99999838 	0.99999867 	0.99401181 	0.99999941 	0.70301773 	0.99760689 	0.99999960 	0.99135464 	0.99999990 	0.98839435 	0.99997084 	0.98706528 	
0.98733353 	0.99270201 	0.99999891 	0.99999996 	0.99999838 	0.99999867 	0.99401181 	0.99999941 	0.70301773 	0.99760689 	0.99999960 	0.99135464 	0.99999990 	0.98839435 	0.99997084 	0.98706528 	
0.98733353 	0.99270201 	0.99999891 	0.99999996 	0.99999862 	0.99999867 	0.99401181 	0.99999941 	0.70301773 	0.99760689 	0.99999960 	0.99135464 	0.99999990 	0.98839435 	0.99997084 	0.98706528 	
0.98733353 	0.99270201 	0.99999891 	0.99999996 	0.99999862 	0.99999867 	0.99401181 	0.99999941 	0.70301773 	0.99760689 	0.99999960 	0.99135464 	0.99999990 	0.98839435 	0.99997084 	0.98706528 	
0.98733353 	0.99270201 	0.99999891 	0.99999996 	0.99999862 	0.99999867 	0.99401181 	0.99999941 	0.70301773 	0.99760689 	0.99999960 	0.99135464 	0.99999990 	0.98839435 	0.99997084 	0.98706528 	
0.98733353 	0.99270201 	0.99999891 	0.99999996 	0.99999862 	0.99999867 	0.99401181 	0.99999959 	0.70301773 	0.99760689 	0.99999960 	0.99135464 	0.99999990 	0.98839435 	0.99997084 	0.98706528 	
0.98733353 	0.99270201 	0.99999891 	0.99999996 	0.99999862 	0.99999867 	0.99401181 	0.99999959 	0.70301773 	0.99760689 	0.99999960 	0.99135464 	0.99999990 	0.98839435 	0.99997084 	0.98706528 	
0.98733353 	0.99270201 	0.99999891 	0.99999996 	0.99999862 	0.99999867 	0.99401181 	0.99999959 	0.70301773 	0.99760689 	0.99999960 	0.99135464 	0.99999990 	0.98839435 	0.99997084 	0.98706528 	
0.98733353 	0.99270201 	0.99999891 	0.99999996 	0.99999862 	0.99999867 	0.99401181 	0.99999959 	0.70301773 	0.99760689 	0.99999960 	0.99135464 	0.99999990 	0.98839435 	0.99997084 	0.98706528 	
0.98733353 	0.99270201 	0.99999891 	0.99999996 	0.99999862 	0.99999867 	0.99401181 	0.99999959 	0.70301773 	0.99760689 	0.99999960 	0.99135464 	0.99999990 	0.98839435 	0.99997084 	0.98706528 	
0.98733353 	0.99270201 	0.99999891 	0.99999996 	0.99999862 	0.99999867 	0.99401181 	0.99999959 	0.70301773 	0.99760689 	0.99999960 	0.99135464 	0.99999990 	0.98839435 	0.99997084 	0.98706528 	
0.98733353 	0.99270201 	0.99999891 	0.99999996 	0.99999862 	0.99999867 	0.99401181 	0.99999959 	0.70301773 	0.99760689 	0.99999960 	0.99135464 	0.99999990 	0.98839435 	0.99997084 	0.98706528 	
0.98733353 	0.99270201 	0.99999891 	0.99999996 	0.99999862 	0.99999867 	0.99401181 	0.99999959 	0.70301773 	0.99760689 	0.99999960 	0.99135464 	0.99999990 	0.98839435 	0.99997084 	0.98706528 	
0.98733353 	0.99270201 	0.99999891 	0.99999996 	0.99999862 	0.99999867 	0.99401181 	0.99999959 	0.70301773 	0.99760689 	0.99999960 	0.99135464 	0.99999990 	0.98839435 	0.99997084 	0.98706528 	
0.98731508 	0.99270201 	0.99999891 	0.99999996 	0.99999862 	0.99999867 	0.99401181 	0.99999959 	0.70301773 	0.99760689 	0.99999960 	0.99135464 	0.99999990 	0.98839435 	0.99997084 	0.98706528 	
0.98731508 	0.99266336 	0.99999891 	0.99999996 	0.99999862 	0.99999867 	0.99401181 	0.99999959 	0.70301773 	0.99760689 	0.99999960 	0.99135464 	0.99999990 	0.98839435 	0.99997084 	0.98706528 	
0.98731508 	0.99266336 	0.99999891 	0.99999996 	0.99999862 	0.99999867 	0.99401181 	0.99999959 	0.70301773 	0.99760689 	0.99999960 	0.99135464 	0.99999990 	0.98839435 	0.99997084 	0.98706528 	
0.98731508 	0.99266336 	0.99999891 	0.99999996 	0.99999862 	0.99999867 	0.99401181 	0.99999959 	0.70301773 	0.99760689 	0.99999960 	0.99135464 	0.99999990 	0.98839435 	0.99997084 	0.98706528 	
0.98731508 	0.99266336 	0.99999891 	0.99999996 	0.99999862 	0.99999867 	0.99401181 	0.99999959 	0.70301773 	0.99760689 	0.99999960 	0.99135464 	0.99999990 	0.98839435 	0.99997084 	0.98706528 	
0.98731508 	0.99266336 	0.99999891 	0.99999996 	0.99999862 	0.99999867 	0.99401181 	0.99999959 	0.70301773 	0.99760689 	0.99999960 	0.99135464 	0.99999990 	0.98839435 	0.99997084 	0.98706528 	
0.98731508 	0.99266336 	0.99999891 	0.99999996 	0.99999862 	0.99999867 	0.99401181 	0.99999959 	0.70301773 	0.99760689 	0.99999960 	0.99135464 	0.99999990 	0.98839435 	0.99997084 	0.98706528 	
0.98731508 	0.99266336 	0.99999891 	0.99999996 	0.99999862 	0.99999867 	0.99401181 	1.00000000 	0.70301773 	0.99760689 	0.99999960 	0.99135464 	0.99999990 	0.98839435 	0.99997084 	0.98706528 	
0.98731508 	0.99266336 	0.99999891 	0.99999996 	0.99999862 	0.99999867 	0.99401181 	1.00000000 	0.70301773 	0.99760689 	0.99999960 	0.99135464 	0.99999990 	0.98839435 	0.99997084 	0.98706528 	
0.98731508 	0.99266336 	0.99999891 	0.99999996 	0.99999862 	0.99999867 	0.99401181 	1.00000000 	0.70301773 	0.99760689 	0.99999960 	0.99135464 	0.99999990 	0.98839435 	0.99997084 	0.98706528 	
0.98731508 	0.99266336 	0.99999891 	0.99999996 	0.99999862 	0.99999867 	0.99401181 	1.00000000 	0.70301773 	0.99760689 	0.99999960 	0.99135464 	0.99999990 	0.98839435 	0.99997084 	0.98706528 	
0.98731508 	0.99266336 	0.99999891 	0.99999996 	0.99999862 	0.99999867 	0.99401181 	1.00000000 	0.70301773 	0.99760689 	0.99999960 	0.99135464 	0.99999990 	0.98839435 	0.99997084 	0.98706528 	
0.98731508 	0.99266336 	0.99999891 	0.99999996 	0.99999862 	0.99999867 	0.99401181 	1.00000000 	0.70301773 	0.99760689 	0.99999960 	0.99135464 	0.99999990 	0.98839435 	0.99997084 	0.98706528 	
0.98731508 	0.99266336 	0.99999891 	0.99999996 	0.99999862 	0.99999867 	0.99401181 	1.00000000 	0.70301773 	0.99760689 	0.99999960 	0.99135464 	0.99999990 	0.98839435 	0.99997084 	0.98706528 	
0.98731508 	0.99266336 	0.99999891 	0.99999996 	0.99999862 	0.99999867 	0.99401181 	1.00000000 	0.70301773 	0.99760689 	0.99999960 	0.99135464 	0.99999990 	0.98839435 	0.99998006 	0.98706528 	
0.98731508 	0.99266336 	0.99999891 	0.99999996 	0.99999862 	0.99999867 	0.99401181 	1.00000000 	0.70301773 	0.99760689 	0.99999960 	0.99135464 	0.99999990 	0.98839435 	0.99998006 	0.98706528 	
0.98731508 	0.99266336 	0.99999891 	0.99999996 	0.99999862 	0.99999867 	0.99401181 	1.00000000 	0.70301773 	0.99760689 	0.99999960 	0.99135464 	0.99999990 	0.98839435 	0.99998006 	0.98706528 	
0.98731508 	0.99265010 	0.99999891 	0.99999996 	0.99999862 	0.99999867 	0.99401181 	1.00000000 	0.70301773 	0.99760689 	0.99999960 	0.99135464 	0.99999990 	0.98839435 	0.99998006 	0.98706528 	
0.98731508 	0.99265010 	0.99999891 	0.99999996 	0.99999862 	0.99999867 	0.99401181 	1.00000000 	0.70301773 	0.99760689 	0.99999960 	0.99135464 	0.99999990 	0.98839435 	0.99998006 	0.98706528 	
0.98731508 	0.99265010 	0.99999891 	0.99999996 	0.99999862 	0.99999867 	0.99401181 	1.00000000 	0.70301773 	0.99760689 	0.99999960 	0.99135464 	0.99999990 	0.98839435 	0.99998006 	0.98706528 	
0.98731508 	0.99265010 	0.99999891 	0.99999996 	0.99999862 	0.99999867 	0.99401181 	1.00000000 	0.70301773 	0.99760689 	0.99999960 	0.99135464 	0.99999990 	0.98839435 	0.99998006 	0.98706528 	
0.98731508 	0.99265010 	0.99999891 	0.99999996 	0.99999862 	0.99999867 	0.99401181 	1.00000000 	0.70301773 	0.99760689 	0.99999960 	0.99135464 	0.99999990 	0.98839435 	0.99998006 	0.98706528 	
0.98731508 	0.99265010 	0.99999891 	0.99999996 	0.99999862 	0.99999867 	0.99401181 	1.00000000 	0.70301773 	0.99760689 	0.99999960 	0.99135464 	0.99999990 	0.98839435 	0.99998006 	0.98706528 	
0.98731508 	0.99265010 	0.99999891 	0.99999996 	0.99999862 	0.99999867 	0.99401181 	1.00000000 	0.70301773 	0.99760689 	0.99999960 	0.99135464 	0.99999990 	0.98839435 	0.99998006 	0.98706528 	
0.98731508 	0.99265010 	0.99999891 	0.99999996 	0.99999862 	0.99999867 	0.99401181 	1.00000000 	0.70301773 	0.99760689 	0.99999960 	0.99135464 	0.99999990 	0.98839435 	0.99998006 	0.98706528 	
0.98731508 	0.99265010 	0.99999891 	0.99999996 	0.99999862 	0.99999867 	0.99401181 	1.00000000 	0.70301773 	0.99760689 	0.99999960 	0.99135464 	0.99999990 	0.98839435 	0.99998006 	0.98706528 	
0.98731508 	0.99265010 	0.99999891 	0.99999996 	0.99999862 	0.99999867 	0.99401181 	1.00000000 	0.70301773 	0.99760689 	0.99999960 	0.99135464 	0.99999990 	0.98839435 	0.99998006 	0.98706528 	
0.98731508 	0.99265010 	0.99999891 	0.99999996 	0.99999862 	0.99999867 	0.99401181 	1.00000000 	0.70301773 	0.99760689 	0.99999960 	0.99135464 	0.99999990 	0.98839435 	0.99998006 	0.98706528 	
0.98731508 	0.99265010 	0.99999891 	0.99999996 	0.99999862 	0.99999867 	0.99401181 	1.00000000 	0.70301773 	0.99760689 	0.99999960 	0.99135464 	0.99999990 	0.98839435 	0.99998006 	0.98706528 	
0.98731508 	0.99265010 	0.99999891 	0.99999996 	0.99999862 	0.99999867 	0.99401181 	1.00000000 	0.70301773 	0.99760689 	0.99999960 	0.99135464 	0.99999990 	0.98839435 	0.99998006 	0.98706528 	
0.98731508 	0.99265010 	0.99999891 	0.99999996 	0.99999862 	0.99999867 	0.99401181 	1.00000000 	0.70301773 	0.99760689 	0.99999960 	0.99135464 	0.99999990 	0.98839435 	0.99998006 	0.98706528 	
0.98731508 	0.99265010 	0.99999891 	0.99999996 	0.99999862 	0.99999867 	0.99401181 	1.00000000 	0.70301773 	0.99760689 	0.99999960 	0.99135464 	0.99999990 	0.98839435 	0.99998006 	0.98706528 	
0.98731508 	0.99265010 	0.99999891 	0.99999996 	0.99999862 	0.99999867 	0.99401181 	1.00000000 	0.70301773 	0.99760689 	0.99999960 	0.99135464 	0.99999990 	0.98839435 	0.99998006 	0.98706528 	
0.98731508 	0.99262414 	0.99999891 	0.99999996 	0.99999862 	0.99999867 	0.99401181 	1.00000000 	0.70301773 	0.99760689 	0.99999960 	0.99135464 	0.99999990 	0.98839435 	0.99998006 	0.98706528 	
0.98731508 	0.99262414 	0.99999891 	0.99999996 	0.99999862 	0.99999867 	0.99401181 	1.00000000 	0.70301773 	0.99760689 	0.99999960 	0.99135464 	0.99999990 	0.98839435 	0.99998006 	0.98706528 	
0.98731508 	0.99262414 	0.99999891 	0.99999996 	0.99999862 	0.99999867 	0.99401181 	1.00000000 	0.70301773 	0.99760689 	0.99999960 	0.99135464 	0.99999990 	0.98839435 	0.99998006 	0.98706528 	
0.98731508 	0.99262414 	0.99999891 	0.99999996 	0.99999932 	0.99999867 	0.99401181 	1.00000000 	0.70301773 	0.99760689 	0.99999960 	0.99135464 	0.99999990 	0.98839435 	0.99998006 	0.98706528 	
0.98731508 	0.99262414 	0.99999891 	0.99999996 	0.99999932 	0.99999867 	0.99401181 	1.00000000 	0.70301773 	0.99760689 	0.99999960 	0.99135464 	0.99999990 	0.98839435 	0.99998006 	0.98706528 	
0.98731508 	0.99262414 	0.99999891 	0.99999996 	0.99999932 	0.99999867 	0.99401181 	1.00000000 	0.70301773 	0.99760689 	0.99999960 	0.99135464 	0.99999990 	0.98839435 	0.99998006 	0.98706528 	
0.98731508 	0.99262414 	0.99999891 	0.99999996 	0.99999932 	0.99999867 	0.99401181 	1.00000000 	0.70301773 	0.99760689 	0.99999960 	0.99135464 	0.99999990 	0.98839435 	0.99998006 	0.98706528 	
0.98731508 	0.99262414 	0.99999891 	0.99999996 	0.99999932 	0.99999867 	0.99401181 	1.00000000 	0.70301773 	0.99760689 	0.99999960 	0.99135464 	0.99999990 	0.98839435 	0.99998006 	0.98706528 	
0.98731508 	0.99262414 	0.99999891 	0.99999996 	0.99999932 	0.99999867 	0.99401181 	1.00000000 	0.70301773 	0.99760689 	0.99999960 	0.99135464 	0.99999990 	0.98839435 	0.99998006 	0.98706528 	
0.98731508 	0.99262414 	0.99999891 	0.99999996 	0.99999932 	0.99999867 	0.99401181 	1.00000000 	0.70301773 	0.99760689 	0.99999960 	0.99135464 	0.99999990 	0.98839435 	0.99998006 	0.98706528 	
0.98731508 	0.99262414 	0.99999891 	0.99999996 	0.99999932 	0.99999867 	0.99401181 	1.00000000 	0.70301773 	0.99760689 	0.99999960 	0.99135464 	0.99999990 	0.98839435 	0.99998006 	0.98706528 	
0.98731508 	0.99262414 	0.99999891 	0.99999996 	0.99999932 	0.99999867 	0.99401181 	1.00000000 	0.70301773 	0.99760689 	0.99999960 	0.99135464 	0.99999990 	0.98839435 	0.99998006 	0.98706528 	
0.98731508 	0.99262414 	0.99999891 	0.99999996 	0.99999932 	0.99999867 	0.99401181 	1.00000000 	0.70301773 	0.99760689 	0.99999960 	0.99135464 	0.99999990 	0.98839435 	0.99998006 	0.98706528 	
0.98731508 	0.99262414 	0.99999891 	0.99999996 	0.99999932 	0.99999867 	0.99401181 	1.00000000 	0.70301773 	0.99760689 	0.99999960 	0.99135464 	0.99999990 	0.98839435 	0.99998293 	0.98706528 	
0.98731508 	0.99262414 	0.99999891 	0.99999996 	0.99999932 	0.99999867 	0.99401181 	1.00000000 	0.70301773 	0.99760689 	0.99999960 	0.99135464 	0.99999990 	0.98839435 	0.99998293 	0.98706528 	
0.98731508 	0.99262414 	0.99999891 	0.99999996 	0.99999932 	0.99999867 	0.99401181 	1.00000000 	0.70301773 	0.99760689 	0.99999960 	0.99135464 	0.99999990 	0.98839435 	0.99998293 	0.98706528 	
0.98731508 	0.99260911 	0.99999891 	0.99999996 	0.99999932 	0.99999867 	0.99401181 	1.00000000 	0.70301773 	0.99760689 	0.99999960 	0.99135464 	0.99999990 	0.98839435 	0.99998293 	0.98706528 	
0.98731508 	0.99260911 	0.99999902 	0.99999996 	0.99999932 	0.99999867 	0.99401181 	1.00000000 	0.70301773 	0.99760689 	0.99999960 	0.99135464 	0.99999990 	0.98839435 	0.99998293 	0.98706528 	
0.98731508 	0.99260911 	0.99999902 	0.99999996 	0.99999932 	0.99999867 	0.99401181 	1.00000000 	0.70301773 	0.99760689 	0.99999960 	0.99135464 	0.99999990 	0.98839435 	0.99998293 	0.98706528 	
0.98731508 	0.99260911 	0.99999902 	0.99999996 	0.99999932 	0.99999867 	0.99401181 	1.00000000 	0.70301773 	0.99760689 	0.99999960 	0.99135464 	0.99999990 	0.98839435 	0.99998293 	0.98706528 	
0.98731508 	0.99260911 	0.99999902 	0.99999996 	0.99999932 	0.99999966 	0.99401181 	1.00000000 	0.70301773 	0.99760689 	0.99999960 	0.99135464 	0.99999990 	0.98839435 	0.99998293 	0.98706528 	
0.98731508 	0.99260911 	0.99999902 	0.99999996 	0.99999932 	0.99999966 	0.99401181 	1.00000000 	0.70301773 	0.99760689 	0.99999960 	0.99135464 	0.99999990 	0.98839435 	0.99998293 	0.98706528 	
0.98731508 	0.99260911 	0.99999902 	0.99999996 	0.99999932 	0.99999966 	0.99401181 	1.00000000 	0.70301773 	0.99760689 	0.99999960 	0.99135464 	0.99999990 	0.98839435 	0.99998293 	0.98706528 	
0.98731508 	0.99260911 	0.99999902 	0.99999996 	0.99999932 	0.99999966 	0.99401181 	1.00000000 	0.70299244 	0.99760689 	0.99999960 	0.99135464 	0.99999990 	0.98839435 	0.99998293 	0.98706528 	
0.98731508 	0.99260911 	0.99999902 	0.99999996 	0.99999932 	0.99999966 	0.99401181 	1.00000000 	0.70299244 	0.99760689 	0.99999960 	0.99135464 	0.99999990 	0.98839435 	0.99998293 	0.98706528 	
0.98731508 	0.99260911 	0.99999902 	0.99999996 	0.99999932 	0.99999966 	0.99401181 	1.00000000 	0.70299244 	0.99760689 	0.99999960 	0.99135464 	0.99999990 	0.98839435 	0.99998293 	0.98706528 	
0.98731508 	0.99260911 	0.99999902 	0.99999996 	0.99999932 	0.99999966 	0.99401181 	1.00000000 	0.70299244 	0.99760689 	0.99999960 	0.99135464 	0.99999990 	0.98839435 	0.99998293 	0.98706528 	
0.98731508 	0.99260911 	0.99999902 	0.99999996 	0.99999932 	0.99999966 	0.99401181 	1.00000000 	0.70299244 	0.99760689 	0.99999960 	0.99135464 	0.99999990 	0.98839435 	0.99998293 	0.98706528 	
0.98731508 	0.99260911 	0.99999902 	0.99999996 	0.99999932 	0.99999966 	0.99401181 	1.00000000 	0.70299244 	0.99760689 	0.99999960 	0.99135464 	0.99999990 	0.98839435 	0.99998293 	0.98706528 	
0.98731508 	0.99260911 	0.99999902 	0.99999996 	0.99999932 	0.99999966 	0.99401181 	1.00000000 	0.70299244 	0.99760689 	0.99999960 	0.99135464 	0.99999990 	0.98839435 	0.99999575 	0.98706528 	
0.98731508 	0.99260911 	0.99999902 	0.99999996 	0.99999932 	0.99999966 	0.99401181 	1.00000000 	0.70299244 	0.99760689 	0.99999960 	0.99135464 	0.99999990 	0.98839435 	0.99999575 	0.98706528 	
0.98731508 	0.99260911 	0.99999902 	0.99999996 	0.99999932 	0.99999966 	0.99401181 	1.00000000 	0.70299244 	0.99760689 	0.99999960 	0.99135464 	0.99999990 	0.98839435 	0.99999575 	0.98706528 	
0.98731508 	0.99260911 	0.99999902 	0.99999996 	0.99999932 	0.99999966 	0.99401181 	1.00000000 	0.70299244 	0.99760689 	0.99999960 	0.99135464 	0.99999990 	0.98839435 	0.99999575 	0.98706528 	
0.98731508 	0.99260911 	0.99999902 	0.99999996 	0.99999932 	0.99999966 	0.99401181 	1.00000000 	0.70299244 	0.99760689 	0.99999960 	0.99135464 	0.99999990 	0.98839435 	0.99999575 	0.98706528 	
0.98731508 	0.99260911 	0.99999902 	0.99999996 	0.99999932 	0.99999966 	0.99401181 	1.00000000 	0.70299244 	0.99760689 	0.99999960 	0.99135464 	0.99999990 	0.98839435 	0.99999575 	0.98706528 	
0.98731508 	0.99260911 	0.99999902 	0.99999996 	0.99999932 	0.99999966 	0.99401181 	1.00000000 	0.70299244 	0.99760689 	0.99999960 	0.99135464 	0.99999990 	0.98839435 	0.99999575 	0.98706528 	
0.98731508 	0.99260911 	0.99999902 	0.99999996 	0.99999932 	0.99999967 	0.99401181 	1.00000000 	0.70299244 	0.99760689 	0.99999960 	0.99135464 	0.99999990 	0.98839435 	0.99999575 	0.98706528 	
0.98731508 	0.99260911 	0.99999902 	0.99999996 	0.99999932 	0.99999967 	0.99401181 	1.00000000 	0.70299244 	0.99760689 	0.99999960 	0.99135464 	0.99999990 	0.98839435 	0.99999575 	0.98706528 	
0.98731508 	0.99260911 	0.99999902 	0.99999996 	0.99999932 	0.99999967 	0.99401181 	1.00000000 	0.70299244 	0.99760689 	0.99999960 	0.99135464 	0.99999990 	0.98839435 	0.99999575 	0.98706528 	
0.98731508 	0.99260911 	0.99999902 	0.99999996 	0.99999932 	0.99999967 	0.99401181 	1.00000000 	0.70242891 	0.99760689 	0.99999960 	0.99135464 	0.99999990 	0.98839435 	0.99999575 	0.98706528 	
0.98731508 	0.99260911 	0.99999902 	0.99999996 	0.99999932 	0.99999967 	0.99401181 	1.00000000 	0.70242891 	0.99760689 	0.99999960 	0.99135464 	0.99999990 	0.98839435 	0.99999575 	0.98706528 	
0.98731508 	0.99260911 	0.99999902 	0.99999996 	0.99999932 	0.99999967 	0.99401181 	1.00000000 	0.70242891 	0.99760689 	0.99999960 	0.99135464 	0.99999990 	0.98839435 	0.99999575 	0.98706528 	
0.98731508 	0.99260911 	0.99999902 	0.99999996 	0.99999932 	0.99999967 	0.99401181 	1.00000000 	0.70242891 	0.99760689 	0.99999960 	0.99127127 	0.99999990 	0.98839435 	0.99999575 	0.98706528 	
0.98731508 	0.99260911 	0.99999902 	0.99999996 	0.99999932 	0.99999967 	0.99401181 	1.00000000 	0.70242891 	0.99760689 	0.99999960 	0.99127127 	0.99999990 	0.98839435 	0.99999575 	0.98706528 	
0.98731508 	0.99260911 	0.99999902 	0.99999996 	0.99999932 	0.99999967 	0.99401181 	1.00000000 	0.70242891 	0.99760689 	0.99999960 	0.99127127 	0.99999990 	0.98839435 	0.99999575 	0.98706528 	
0.98731508 	0.99260911 	0.99999902 	0.99999996 	0.99999932 	0.99999967 	0.99401181 	1.00000000 	0.70242891 	0.99760689 	0.99999960 	0.99127127 	0.99999990 	0.98839435 	0.99999575 	0.98706528 	
0.98731508 	0.99260911 	0.99999902 	0.99999996 	0.99999932 	0.99999967 	0.99401181 	1.00000000 	0.70242891 	0.99760689 	0.99999960 	0.99127127 	0.99999990 	0.98839435 	0.99999575 	0.98723457 	
