-1305960.61691398 
-1259060.28386027 
-1212429.31323482 
-1010079.69113764 
-797499.24074829 
-795281.93993072 
-555143.26993898 
-520066.66518947 
-493993.26916308 
-493615.30838831 
-460332.12337009 
-365679.58641604 
-364706.90824039 
-321488.87564314 
-289671.91521440 
-210824.60788832 
-210824.60788832 
-210824.60788832 
-210824.60788832 
-198078.84847861 
-197835.38716826 
-190092.94069062 
-189778.81668633 
-189720.80552246 
-174299.75487577 
-173726.70157198 
-173726.70157198 
-173619.23889674 
-173619.23889674 
-167341.28115240 
-167341.28115240 
-167333.10481084 
-166817.58491974 
-166814.28580006 
-166393.12611381 
-166393.12611381 
-165730.29511922 
-164096.01101471 
-163579.87372804 
-163534.10158750 
-163534.10158750 
-163326.19555674 
-163201.87440412 
-162816.08488338 
-162493.45553901 
-160922.89914410 
-156084.70820876 
-155970.69822465 
-155970.69822465 
-155823.71106003 
-155823.71106003 
-153387.84253710 
-153387.84253710 
-153387.84253710 
-153323.30247268 
-146395.23755316 
-146382.02649504 
-146382.02649504 
-146381.04075518 
-145660.41494491 
-144797.86442713 
-144797.86442713 
-133710.46738312 
-133660.91567687 
-133496.32899518 
-133412.35409794 
-133226.26083557 
-132748.24224904 
-132413.76745508 
-132413.76745508 
-132333.44404647 
-131859.70852541 
-131669.51135817 
-131669.51135817 
-131669.51135817 
-131669.51135817 
-131669.51135817 
-131669.40423631 
-131669.40423631 
-131625.38891891 
-131621.78492940 
-131617.18884512 
-131464.49787341 
-131462.35107552 
-131461.99002032 
-130077.74020779 
-130011.60962881 
-129420.75842107 
-129419.12615147 
-129405.65550185 
-129400.26023147 
-129345.89847085 
-129341.73575649 
-128670.43361051 
-128670.43361051 
-128599.80863011 
-128599.80666885 
-128595.90990427 
-128595.90990427 
-128546.71759676 
-128546.71440300 
-128385.54676701 
-128381.41727641 
-128206.45176425 
-128164.40401860 
-128163.15909718 
-128160.84242483 
-128160.84242483 
-128159.17929241 
-128159.17929241 
-120245.24401075 
-120245.24401075 
-120245.13685486 
-120236.87367244 
-120138.06305277 
-119904.89456238 
-119900.70111014 
-119896.11562309 
-119896.11562309 
-119896.11562309 
-119867.26871946 
-119856.90427933 
-119856.90427933 
-119803.35416939 
-119802.29984714 
-119799.15259712 
-115569.84557910 
-115560.10225956 
-115558.34004748 
-115554.94740447 
-115475.44616228 
-115454.48548296 
-115452.93793835 
-115431.40736001 
-115431.40736001 
-115431.40736001 
-115386.87371112 
-115364.08880874 
-115363.59269874 
-115360.78191850 
-115358.68549668 
-115358.68549668 
-115243.26548300 
-115237.56314823 
-115237.56314823 
-115237.30549464 
-115237.30549464 
-115237.30549464 
-115237.30549464 
-115237.30100586 
-115236.37758995 
-115236.37758995 
-115234.75454530 
-115234.75454530 
-115234.75454530 
-115234.75454530 
-115234.75454530 
-115234.75454530 
-115212.92041028 
-115173.20025261 
-115173.06513975 
-115173.06513975 
-115170.68586691 
-115169.91890191 
-115169.91890191 
-115169.86501267 
-115169.86501267 
-115169.86501267 
-115169.78018151 
-115169.78018151 
-115169.78018151 
-115169.05901018 
-115168.46978232 
-115168.46978232 
-114429.90582669 
-114429.90582669 
-114429.88539716 
-114429.88539716 
-114429.86752451 
-114429.86752451 
-114429.86752451 
-114414.25270386 
-114414.25270386 
-114413.71829454 
-114391.19274453 
-114378.65536515 
-114378.65536515 
-114378.63833544 
-114378.63833544 
-114378.63833544 
-114378.53974480 
-114361.78380897 
-114361.78380897 
-114361.78380897 
-114361.78372894 
-114361.51996399 
-114361.51996399 
-114360.06410082 
-114360.06410082 
-114360.06410082 
-114358.26969562 
-114357.96331393 
-114357.96331393 
-114357.94618608 
-114357.94618608 
-114357.94618608 
-114355.90845600 
-114355.90845600 
-114355.90248309 
-114355.90248309 
-114355.90244771 
-114355.90244771 
-114355.85294651 
-114355.85294651 
-114355.85294651 
-114355.85294651 
-114355.85294651 
-114355.52094823 
-114355.51525727 
-114355.51525727 
-114355.51525727 
-114355.51525727 
-114348.75600766 
-114348.75600766 
-114348.75600766 
-114348.75600766 
-114348.75538277 
-114348.59878965 
-114348.55522235 
-114348.55522235 
-114348.55522235 
-114347.87729179 
-114346.96764831 
-114346.48007444 
-114346.48007444 
-114346.48007444 
-114346.46949952 
-114346.43729230 
-114346.43729230 
-114346.43729230 
-114346.43622682 
-114346.43622682 
-114346.43622682 
-114346.43535696 
-114346.43535696 
-114346.43535696 
-114346.43535696 
-114346.43535696 
-114346.43535696 
-114345.89602552 
-114345.87617874 
-114345.78257047 
-114345.78257047 
-114345.78257047 
-114291.08367679 
-114291.07526316 
-114291.07526316 
-114291.07526316 
-114290.99558229 
-114290.88631579 
-114290.74280699 
-114289.93277447 
-114288.09051611 
-114288.09051611 
-114288.09051611 
-114288.09051611 
-114288.09051611 
-114288.09051611 
-114288.09051611 
-114288.09051611 
-114288.09051611 
-114288.09051611 
-114288.09051611 
-114288.09051611 
-114288.09051611 
-114287.59931381 
-114287.59931381 
-114287.59931381 
-114287.59931381 
-114287.59931381 
-114287.59931381 
-114287.43656052 
-114287.43646192 
-114287.43646192 
-114287.43076951 
-114287.43076951 
-114287.43076951 
-114287.12191384 
-114287.12191384 
-114287.12191384 
-114287.12191384 
-114287.03316632 
-114286.85094634 
-114286.85094634 
-114286.81577649 
-114286.81577649 
-114286.81577649 
-114286.81577649 
-114286.81577649 
-114286.81577649 
-114286.81577649 
-114286.80247602 
-114283.53276296 
-114283.53276296 
-114283.53276296 
-114283.53276296 
-114283.53276296 
-114283.53276296 
-114283.53186167 
-114283.52853669 
-114283.40805282 
-114283.40805282 
-114283.40805282 
-114283.40805282 
-114283.40805282 
-114283.40790242 
-114283.40790242 
-114283.40790242 
-114283.01616571 
-114283.01616571 
-114283.01616571 
-114283.01616571 
-114283.01616571 
-114283.01616571 
-114283.00898034 
-114283.00897407 
-114283.00897407 
-114283.00897407 
-114283.00897407 
-114283.00897407 
-114283.00897407 
-114283.00897407 
-114283.00897407 
-114283.00897407 
-114282.99954687 
-114282.99954687 
-114282.99954687 
-114282.99954687 
-114282.99927975 
-114282.99927975 
-114282.99927975 
-114282.99927975 
-114282.99927975 
-114282.99927975 
-114282.99927975 
-114282.99927975 
-114282.99927975 
-114282.99927975 
-114282.99927975 
-114282.99927975 
-114282.99927975 
-114282.99927975 
-114282.99927975 
-114282.99927975 
-114282.99927975 
-114282.99927975 
-114282.99927975 
-114282.99927975 
-114282.99927975 
-114282.79792003 
-114282.79792003 
-114282.79792003 
-114282.79792003 
-114282.79792003 
-114282.79792003 
-114282.79792003 
-114282.79792003 
-114282.79792003 
-114282.79792003 
-114282.79792003 
-114282.79792003 
-114282.79792003 
-114282.79264225 
-114282.79249264 
-114282.79249264 
-114282.79249264 
-114282.79249264 
-114282.79249264 
-114282.79249264 
-114282.79249264 
-114282.79249264 
-114282.79249264 
-114282.79249264 
-114282.68123427 
-114282.67827248 
-114282.67827248 
-114282.67827248 
-114282.56108438 
-114282.56108438 
-114282.56034960 
-114282.56034960 
-114282.51788761 
-114282.51788761 
-114282.51788761 
-114282.51591527 
-114282.51591527 
-114282.51591527 
-114282.51591527 
-114282.35998816 
-114282.35998816 
