-1456777.20226357 
-1285810.67304951 
-1163469.30799446 
-1145186.25317914 
-1084170.22465909 
-1079721.63897760 
-954985.08244475 
-952851.93490797 
-915244.54323005 
-681812.52677025 
-632072.16695777 
-632072.16695777 
-557988.03985818 
-367105.44847823 
-305396.37242652 
-241953.71270240 
-241875.32545976 
-230540.84544313 
-227974.58359231 
-226736.08735830 
-225245.87336251 
-224630.15823168 
-224630.15823168 
-224037.04118276 
-192319.17559979 
-175344.88918863 
-175344.88918863 
-174901.01596231 
-174901.01596231 
-174901.01596231 
-174803.96016165 
-174501.59794937 
-174501.59794937 
-174501.59794937 
-174501.59794937 
-174501.59794937 
-168028.94437862 
-167991.41740191 
-167991.41740191 
-165075.71191593 
-164705.94101623 
-164705.94101623 
-164393.62884480 
-164393.62884480 
-164392.21589916 
-163782.21238209 
-163782.21238209 
-163438.86449539 
-163276.06598157 
-162321.73885688 
-162137.43284184 
-151662.95622093 
-150564.10531188 
-150564.10531188 
-150560.56557489 
-150478.70460729 
-150209.90936707 
-136230.00368072 
-136149.87392435 
-135506.64781471 
-135506.64781471 
-135506.64781471 
-135502.02065431 
-135403.94526419 
-135359.59795841 
-135167.43576882 
-135167.43576882 
-130443.85886916 
-130252.76581149 
-130251.63050885 
-130248.61925179 
-130225.02712957 
-130225.02712957 
-116015.43562700 
-116015.43562700 
-115849.00506033 
-115849.00506033 
-115450.05834223 
-115450.05834223 
-115407.34431705 
-115401.42651531 
-115185.83101099 
-114620.68704036 
-114620.68704036 
-114511.13222407 
-114511.13222407 
-114510.93100131 
-114510.93100131 
-113650.00649533 
-107424.17987074 
-107421.51053901 
-107297.49760649 
-107296.07196397 
-107296.07196397 
-107296.07196397 
-107280.27448547 
-107280.27448547 
-105603.84072289 
-105587.13446802 
-105350.78494524 
-105306.10332529 
-105304.32921094 
-105304.32921094 
-105303.48951383 
-105303.48951383 
-105303.48951383 
-105298.51996438 
-105093.93150712 
-105093.82989640 
-105093.82989640 
-105093.82989640 
-105093.82989640 
-105093.58322309 
-104926.41435762 
-104926.41435762 
-103639.21348297 
-103639.21348297 
-103635.88111261 
-103635.69684349 
-103635.69684349 
-103631.83486908 
-103631.83486908 
-103619.05213033 
-103611.11386723 
-103610.62666989 
-103541.30128890 
-103537.26724041 
-103531.15607628 
-103531.15607628 
-103474.13928963 
-103474.13928963 
-103474.13928963 
-103452.53986276 
-103449.99415745 
-103449.93922361 
-103447.66938862 
-103424.58612331 
-103402.33239548 
-103402.33239548 
-103399.53369844 
-103399.53045198 
-103262.71276813 
-103262.71276813 
-103261.19036031 
-103256.02206654 
-103248.52568943 
-103248.52568943 
-103248.52568943 
-103237.26859902 
-103236.48261242 
-103236.48261242 
-103232.73049100 
-103232.73049100 
-103227.91195247 
-103227.91195247 
-103215.55026212 
-103215.55026212 
-103211.88052853 
-103211.88052853 
-103211.88052853 
-103211.88052853 
-103211.88052853 
-103211.88052853 
-103166.09658426 
-103165.76365382 
-103165.76365382 
-103165.76365382 
-103165.76365382 
-103164.73460036 
-103164.73460036 
-103164.67211996 
-103163.26845694 
-103163.26845694 
-103163.24960588 
-103158.25042331 
-103155.12810304 
-103155.12810304 
-103155.12810304 
-103125.69449754 
-103125.69449754 
-103124.58253417 
-103124.58253417 
-103124.58253417 
-103124.58253417 
-103124.58253417 
-103114.00329599 
-103113.85475581 
-103113.85475581 
-103113.85154070 
-103113.85154070 
-103113.85154070 
-103113.85154070 
-103112.79257918 
-103112.79257918 
-103106.87445147 
-103106.87445147 
-103106.63712892 
-103106.13341939 
-103106.12280087 
-103106.12280087 
-103106.12280087 
-103096.86261435 
-103096.62721666 
-103096.62721666 
-103096.62721666 
-103096.62721666 
-103096.62721666 
-103096.31767309 
-103096.04410643 
-103088.28864738 
-103088.28864738 
-103083.25162819 
-103083.25162819 
-103083.25162819 
-103083.25162819 
-103078.36110983 
-103078.36110983 
-103078.36110983 
-103078.04319494 
-103078.04319494 
-103078.04319494 
-103078.04319494 
-103076.54424220 
-103076.54424220 
-103076.43650528 
-103076.43650528 
-103075.09505090 
-103074.18601865 
-103074.07731895 
-103074.07731895 
-103074.07731895 
-103074.07731895 
-103074.07731895 
-103074.07731895 
-103074.07731895 
-103073.90449444 
-103073.90449444 
-103070.55021590 
-103070.55021590 
-103070.52273788 
-103070.52273788 
-103070.52273788 
-103067.96506497 
-103067.96506497 
-103067.96506497 
-103067.74052870 
-103067.74052870 
-103067.60848223 
-103067.60848223 
-103067.60848223 
-103067.60848223 
-103067.60848223 
-103067.60848223 
-103067.12062821 
-103066.76225655 
-103066.76225655 
-103066.76225655 
-103066.76225655 
-103066.76225655 
-103066.76225655 
-103066.74790156 
-103066.37295266 
-103066.37295266 
-103066.37295266 
-103066.37295266 
-103066.37295266 
-103066.37295266 
-103066.33631524 
-103066.33301591 
-103066.33301591 
-103066.33301591 
-103066.33301591 
-103066.33301591 
-103066.18704025 
-103066.18704025 
-103066.18704025 
-103066.17097090 
-103066.17097090 
-103066.17097090 
-103066.17097090 
-103066.17097090 
-103063.35531567 
-103063.35531567 
-103063.35531567 
-103063.35531567 
-103063.35531567 
-103063.35531567 
-103063.35531567 
-103062.86874335 
-103062.85160411 
-103061.54649371 
-103061.27973662 
-103061.27245994 
-103061.27245994 
-103061.27245994 
-103061.27245994 
-103061.27245994 
-103061.27245994 
-103061.27245994 
-103061.22274143 
-103061.22274143 
-103061.17847010 
-103061.17847010 
-103061.17847010 
-103061.17847010 
-103061.01764284 
-103061.01764284 
-103061.01764284 
-103061.01745767 
-103061.01745767 
-103061.01745257 
-103061.01745257 
-103061.01745257 
-103061.01745257 
-103061.01745257 
-103061.01745257 
-103061.01745257 
-103061.01745257 
-103061.01745257 
-103061.01745257 
-103061.01745257 
-103060.75919318 
-103059.72599942 
-103059.72599942 
-103059.72599942 
-103059.72599942 
-103059.72599942 
-103059.72599942 
-103059.72599942 
-103059.72599942 
-103059.72599942 
-103059.72599942 
-103059.69339394 
-103059.69339394 
-103059.69339394 
-103059.69339394 
-103059.69339394 
-103059.62826178 
-103059.62826178 
-103059.62826178 
-103059.62826178 
-103059.62826178 
-103059.62826178 
-103059.62738513 
-103059.61846837 
-103059.61846837 
-103059.58811664 
-103059.58811664 
-103059.58811664 
-103059.58811664 
-103059.58811664 
-103059.58736706 
-103059.58736706 
-103059.58736706 
-103059.58736706 
-103059.58736706 
-103059.58736706 
-103059.58736706 
-103059.58736706 
-103059.58736706 
-103059.58736706 
-103059.58736706 
-103059.58348518 
-103059.58348518 
-103059.58348518 
-103059.58348518 
-103059.58348518 
-103059.58348518 
-103059.58348518 
-103059.50029813 
-103059.50029813 
-103059.50029813 
-103059.50029813 
-103059.50029813 
-103059.50029813 
-103059.50029813 
-103059.50029813 
-103059.50029813 
-103059.50029813 
-103059.50029813 
-103059.50029813 
-103059.50029813 
-103059.50029813 
-103059.49942223 
-103059.49942223 
-103059.49942223 
-103059.28346316 
-103059.28346316 
-103059.28346316 
-103059.20621781 
-103059.20621781 
-103059.20621781 
-103059.20621781 
-103059.20621781 
-103059.20621781 
-103059.19459632 
-103059.19459632 
-103059.19459632 
-103058.56679815 
-103058.56679815 
