-1007602.55650845 
-1007602.55650845 
-929313.01136866 
-911345.48978228 
-825274.85773917 
-824221.42381838 
-803428.01655850 
-640531.31161422 
-616888.47529154 
-505215.18012166 
-464745.05343540 
-384471.33209420 
-363755.96119258 
-350321.64529137 
-254089.01003051 
-238762.93648907 
-238735.96144116 
-238735.96144116 
-238735.96144116 
-237370.92225873 
-237370.92225873 
-226074.61199225 
-226074.61199225 
-226074.61199225 
-205719.99209067 
-205719.99209067 
-205719.99209067 
-195178.78244898 
-194740.20022100 
-187648.84821768 
-182529.37867189 
-182324.51919314 
-182324.51919314 
-182054.58874566 
-182054.58874566 
-168490.88956311 
-167031.39124681 
-166840.63168114 
-166774.14659172 
-166605.36228042 
-166545.21531965 
-166187.06492927 
-166187.06492927 
-166187.06492927 
-160547.30805462 
-160476.18999349 
-160476.18999349 
-160476.18999349 
-160468.75092952 
-160048.28362307 
-160048.28362307 
-159883.01253729 
-159751.33590787 
-157707.84768457 
-157579.96758229 
-157579.96758229 
-157578.20005164 
-157578.20005164 
-157578.20005164 
-142962.60228382 
-142107.99206748 
-142107.99206748 
-141972.27347380 
-141828.00485284 
-141828.00485284 
-141665.84240996 
-129073.84399986 
-124859.53368496 
-124859.53368496 
-124859.53368496 
-124767.99098451 
-121194.29523508 
-121194.26147050 
-121101.86667884 
-121101.86667884 
-115263.65557943 
-113070.28085618 
-113070.28085618 
-112964.22116307 
-112874.53825498 
-112601.99775995 
-112601.97964552 
-110898.05536968 
-110898.05536968 
-110898.05321277 
-110897.82321959 
-110753.60770340 
-110753.60770340 
-110743.06833839 
-110743.06833839 
-110743.06833839 
-110743.06833839 
-110205.63174219 
-110168.29723730 
-110034.80898407 
-110034.73724142 
-110027.43250989 
-110004.74731117 
-108990.20286630 
-108990.20286630 
-108985.05657643 
-108826.59760209 
-108797.09968657 
-108797.09968657 
-108793.83701011 
-108793.83701011 
-108793.83701011 
-104820.58977653 
-104796.65878082 
-104794.50445091 
-104697.01790618 
-104693.62404193 
-104681.84298975 
-104553.52850926 
-104532.03336041 
-104531.92614788 
-104525.38290358 
-104472.43511450 
-104380.22789104 
-104378.32610404 
-104378.32610404 
-104377.70764759 
-104377.68290288 
-104303.53621467 
-104236.01662745 
-104235.47611589 
-104235.47611589 
-104235.47611589 
-104235.47611589 
-104234.78075983 
-104234.60929185 
-104234.60929185 
-104234.30097009 
-104234.30097009 
-104234.30097009 
-104187.78902794 
-104176.94934422 
-104174.99211140 
-104174.99211140 
-104082.96283141 
-104044.48085851 
-104044.38973715 
-104040.94145062 
-104040.94145062 
-104040.94145062 
-104032.27233426 
-104032.27233426 
-104032.27233426 
-104032.11879058 
-104029.09962553 
-104029.09962553 
-104026.72437272 
-104026.72437272 
-104026.72437272 
-104026.72437272 
-103574.78888980 
-103574.78888980 
-103574.78888980 
-103574.78888980 
-103574.78888980 
-103574.78299880 
-103574.78299880 
-103573.80441701 
-103573.80439646 
-103573.79911791 
-103573.79911791 
-103573.79911791 
-103573.79911791 
-103573.79911791 
-103573.79911791 
-103573.79911791 
-103283.99889718 
-103283.84138321 
-103283.65941073 
-103283.65941073 
-103283.65941073 
-103283.27398123 
-103283.27398123 
-103283.27398123 
-103283.00949777 
-103282.99187395 
-103278.32345189 
-103277.59029643 
-103277.59029643 
-103274.49131372 
-103274.49131372 
-103274.49131372 
-103274.49131372 
-103274.10982382 
-103274.04806111 
-103274.04806111 
-103274.04806111 
-103274.04806111 
-103274.04806111 
-103274.04806111 
-103274.04806111 
-103274.04806111 
-103267.58610706 
-103267.10525659 
-103265.16108281 
-103264.76849618 
-103264.53589464 
-103264.53589464 
-102808.15999893 
-102808.15318292 
-102808.15318292 
-102807.99560474 
-102807.99560474 
-102807.99560474 
-102807.82740015 
-102807.82740015 
-102806.52212132 
-102806.41962654 
-102802.36213445 
-102802.36213445 
-102802.36213445 
-102802.36213445 
-102802.36213445 
-102802.36096285 
-102796.84170508 
-102796.84170508 
-102796.83943638 
-102796.81114730 
-102796.81114730 
-102796.70640899 
-102796.70640899 
-102796.70640899 
-102796.70617408 
-102796.69085869 
-102794.51927438 
-102794.51927438 
-102794.51927438 
-102791.33339084 
-102791.33339084 
-102791.33339084 
-102791.33339084 
-102791.33339084 
-102791.33327542 
-102791.33327542 
-102791.33327542 
-102791.33327542 
-102791.33327542 
-102791.33327542 
-102791.33327542 
-102791.33327542 
-102791.13275244 
-102791.13275244 
-102791.13275244 
-102791.13275244 
-102791.13275244 
-102791.13275244 
-102791.13275244 
-102791.13275244 
-102791.13275244 
-102791.13275244 
-102791.13275244 
-102791.09884942 
-102791.09884942 
-102791.09884942 
-102791.09352786 
-102791.09352786 
-102791.09352786 
-102791.09352786 
-102791.04839943 
-102790.90838579 
-102790.87382572 
-102790.87377840 
-102790.87377840 
-102790.87377840 
-102790.87377840 
-102790.87377840 
-102790.87377840 
-102790.16045875 
-102790.16045875 
-102789.96127191 
-102789.96127191 
-102789.96127191 
-102789.96127191 
-102789.96127191 
-102789.96127191 
-102789.96127191 
-102789.96127191 
-102789.96127191 
-102789.62521946 
-102789.61208360 
-102789.61208360 
-102789.61208360 
-102789.61208360 
-102789.10229424 
-102789.10229424 
-102789.10229424 
-102789.10229424 
-102789.10229424 
-102787.89854876 
-102787.89854876 
-102787.89854876 
-102787.89854876 
-102787.85166104 
-102787.85166104 
-102787.85166104 
-102787.85166104 
-102787.84829300 
-102787.84542480 
-102787.80805109 
-102787.80805109 
-102787.80805109 
-102787.62582072 
-102787.62517526 
-102787.62517526 
-102787.62517526 
-102787.62517526 
-102787.62517526 
-102786.93015025 
-102786.92384453 
-102786.92384453 
-102780.41732089 
-102780.41732089 
-102780.41732089 
-102780.41732089 
-102780.40721319 
-102780.20348337 
-102780.20348337 
-102780.20226826 
-102780.20128043 
-102780.20128043 
-102780.20128043 
-102780.20128043 
-102780.20128043 
-102780.20128043 
-102780.15512444 
-102780.15512444 
-102779.94765004 
-102779.94765004 
-102779.94765004 
-102779.94765004 
-102779.94765004 
-102779.94765004 
-102779.94765004 
-102779.94765004 
-102779.94765004 
-102779.94765004 
-102779.94765004 
-102779.94765004 
-102779.94765004 
-102779.79761641 
-102779.74658237 
-102779.74658237 
-102774.82506276 
-102774.82506276 
-102774.82506276 
-102774.81306559 
-102774.80507064 
-102774.80507064 
-102774.78643519 
-102774.78592088 
-102774.78592088 
-102774.78501302 
-102774.39215069 
-102774.39215069 
-102774.39215069 
-102774.39215069 
-102774.39215069 
-102774.39194777 
-102774.39194777 
-102774.39194777 
-102774.39194777 
-102774.39194777 
-102774.39194777 
-102774.22025198 
-102774.22025198 
-102774.22025198 
-102774.22025198 
-102774.22025198 
-102774.21701124 
-102774.21701124 
-102774.21701124 
-102774.21701124 
-102774.21701124 
-102774.21701124 
-102774.06967041 
-102774.06967041 
-102774.06967041 
-102774.06622955 
-102774.06622955 
-102774.06622955 
-102774.06622955 
-102774.06622955 
-102774.06622955 
-102774.06622955 
-102774.00620633 
-102774.00620633 
-102774.00620633 
-102773.94320181 
-102773.94320181 
-102773.94320181 
-102773.67877182 
-102773.67877182 
-102773.67877182 
-102773.67877182 
-102773.67722181 
