-1348542.49611143 
-1348542.49611143 
-1275359.63439054 
-1208557.90049079 
-961674.66003833 
-930677.87847983 
-930668.37327521 
-912690.80535506 
-883608.02358394 
-841124.29458672 
-809349.85782335 
-809349.85782335 
-702595.72855677 
-486290.80984082 
-458741.75193031 
-257852.64495752 
-257627.88457665 
-257627.88457665 
-256940.35701162 
-251229.72732296 
-251229.72732296 
-251229.72732296 
-251229.72732296 
-249729.14598403 
-142871.00751854 
-142871.00751854 
-142871.00751854 
-142871.00751854 
-140461.44495610 
-140461.44495610 
-139901.43628653 
-139136.09645174 
-139136.09645174 
-138975.36311203 
-138975.36311203 
-138842.66614497 
-138732.68022161 
-135508.41089722 
-135508.41089722 
-134808.04357986 
-134808.04357986 
-133377.98206405 
-133150.83288336 
-133150.83288336 
-133150.83288336 
-133150.83288336 
-132421.65481121 
-132353.58959756 
-131518.69139280 
-131501.47935699 
-131501.47935699 
-131501.47935699 
-131437.56744949 
-131417.99785119 
-131417.99785119 
-131073.21985376 
-131046.38862929 
-129189.17172756 
-129055.19557508 
-129055.19557508 
-129055.19557508 
-128638.90100623 
-128638.90100623 
-128594.88083360 
-128071.96466011 
-127959.44159991 
-127864.61669114 
-127823.36430788 
-127586.35040949 
-127586.35040949 
-127586.34318818 
-127543.36048515 
-127271.84000033 
-126043.79512150 
-125926.59018820 
-125830.94879234 
-125782.70352700 
-125782.70352700 
-125437.39595259 
-125423.09356088 
-125379.99674552 
-125369.93554450 
-125366.36060279 
-125366.30752669 
-125366.30752669 
-125348.47200606 
-125347.91305710 
-124997.24142480 
-124996.37945345 
-124996.37945345 
-124989.42741376 
-124989.42741376 
-124989.42741376 
-124989.01123712 
-124889.25275049 
-124887.56063917 
-124887.56063917 
-124887.56063917 
-124887.11467518 
-124887.09907015 
-124887.09907015 
-124490.82592485 
-124490.82592485 
-124383.31419514 
-124383.31419514 
-124327.03249974 
-124323.99275937 
-124323.99275937 
-124323.77891279 
-124323.14385261 
-124314.83173279 
-124314.59258495 
-124312.34431218 
-124312.34431218 
-124312.34431218 
-124312.29175840 
-124312.29175840 
-124311.88725588 
-124311.88725588 
-124309.48041514 
-124301.77354688 
-122261.54536689 
-122261.54536689 
-122261.54536689 
-122261.27801420 
-122261.27801420 
-122261.27801420 
-122259.93885952 
-122259.93885952 
-122259.93885952 
-122259.93885952 
-122259.93885952 
-122259.24824267 
-122251.12142732 
-122251.12142732 
-122249.38168371 
-122240.98240476 
-122097.85690116 
-122093.90700138 
-122093.90700138 
-122093.90700138 
-122093.90700138 
-122093.90700138 
-122093.90700138 
-122093.90700138 
-122093.90700138 
-122093.90700138 
-122093.90700138 
-122093.90700138 
-122092.20587274 
-122092.20587274 
-122092.19420723 
-122091.36448953 
-122029.53159368 
-122029.53159368 
-122028.27651586 
-122027.69800822 
-122027.69800822 
-122010.88208371 
-122010.88208371 
-122009.65690039 
-122009.65690039 
-122009.65690039 
-122009.65690039 
-122009.65690039 
-122009.65690039 
-122009.65690039 
-122009.61365896 
-122009.61365896 
-121808.21266704 
-121808.09997064 
-121805.23974938 
-121805.23974938 
-121805.23974938 
-121801.66506830 
-121801.66506830 
-121801.51932826 
-121801.51932826 
-121801.49781277 
-121801.49781277 
-121801.13025573 
-121800.56582579 
-121800.56582579 
-121800.56517853 
-121800.07128605 
-121800.07128605 
-121800.05839798 
-121800.05839798 
-121800.05839798 
-121800.05839798 
-121797.49439399 
-121797.47228497 
-121797.47228497 
-121797.47228497 
-121797.11898647 
-121797.11898647 
-121797.11898647 
-121797.11898647 
-121797.11898647 
-121797.11898647 
-121797.11898647 
-121777.03840285 
-121776.97742813 
-121776.97742813 
-121776.97742813 
-121776.96951540 
-121776.96951540 
-121776.94985070 
-121776.91091277 
-121776.91091277 
-121776.91091277 
-121776.91091277 
-121776.84786742 
-121776.77280157 
-121776.76806136 
-121776.76805660 
-121776.75369350 
-121776.75369350 
-121776.75369350 
-121776.72610190 
-121776.69750761 
-121776.67784239 
-121776.67784239 
-121776.66934962 
-121776.66934962 
-121776.66731496 
-121776.66731496 
-121776.66731496 
-121776.66731496 
-121775.63339937 
-121775.63326494 
-121775.63326494 
-121775.63326494 
-121759.02690889 
-121759.02690889 
-121759.02690889 
-121759.02399527 
-121759.02399527 
-121758.84211149 
-121758.84211149 
-121758.84211149 
-121758.84211149 
-121758.84211149 
-121758.84211149 
-121758.84211149 
-121758.84211149 
-121758.84114183 
-121758.84114183 
-121758.84114183 
-121758.84114183 
-121758.84114183 
-121757.74559726 
-121757.74503653 
-121757.74478209 
-121757.74478209 
-121757.73252211 
-121757.73252211 
-121757.73252211 
-121757.73252211 
-121757.69300592 
-121757.69300592 
-121757.40617781 
-121757.40509865 
-121757.40509865 
-121757.40509865 
-121756.64853808 
-121756.64853808 
-121756.41464713 
-121756.41462171 
-121756.41462171 
-121756.41462171 
-121756.41072320 
-121756.41072320 
-121756.40631494 
-121756.37673257 
-121756.37673257 
-121756.37673257 
-121756.37673257 
-121756.37673257 
-121756.37673257 
-121756.37673257 
-121756.37673257 
-121756.37673257 
-121756.37673257 
-121756.37671206 
-121756.37671206 
-121756.37671206 
-121756.37529831 
-121756.37529831 
-121756.37529831 
-121756.37529831 
-121756.37457677 
-121756.37457677 
-121756.23261612 
-121756.23261612 
-121756.23261612 
-121756.23261612 
-121756.23261612 
-121756.23261612 
-121756.20207401 
-121756.20207401 
-121756.19918587 
-121756.19918587 
-121756.19918587 
-121756.19834626 
-121756.19834626 
-121756.19834626 
-121756.19834626 
-121756.19834626 
-121756.19834626 
-121756.19834626 
-121756.19834626 
-121756.19799392 
-121756.19799392 
-121756.19799392 
-121756.19799392 
-121756.19799392 
-121756.19799392 
-121756.19799392 
-121756.19799392 
-121756.18649912 
-121756.18649912 
-121756.08122779 
-121756.08122779 
-121755.58725185 
-121755.54887310 
-121755.54887310 
-121755.54887310 
-121755.54887310 
-121755.54887310 
-121755.54887310 
-121755.54887310 
-121755.54887310 
-121755.54464106 
-121755.53973898 
-121755.53973898 
-121755.53973898 
-121755.53915925 
-121755.53915925 
-121755.53906376 
-121755.53906376 
-121755.53906376 
-121755.53906376 
-121755.53906376 
-121755.53906376 
-121755.53906376 
-121755.53360660 
-121755.53360660 
-121755.53360660 
-121755.52513055 
-121755.52513055 
-121755.52513055 
-121755.45551542 
-121755.45551542 
-121755.45551542 
-121755.45551542 
-121755.45551542 
-121755.45551542 
-121755.45551542 
-121755.45287913 
-121755.45287913 
-121755.45287913 
-121755.45287913 
-121755.45287913 
-121755.45287913 
-121755.45287913 
-121755.22084506 
-121755.22084506 
-121755.22084506 
-121755.22084506 
-121755.21907111 
-121755.21907111 
-121754.81562557 
-121754.81562557 
-121754.81562557 
-121754.81420672 
-121754.81420672 
-121754.81420672 
-121754.81420672 
-121754.79377717 
-121754.79377717 
-121754.79377717 
-121754.79377717 
-121754.79377717 
-121754.73587516 
-121754.73587516 
-121754.73587516 
-121754.73587516 
-121754.73328307 
-121754.73328307 
-121754.73328307 
-121754.73328307 
-121754.73328307 
-121754.73328307 
-121754.72514649 
-121754.71345953 
-121754.71345953 
-121754.71345953 
-121754.71345953 
-121754.71345953 
