-1394459.19259029 
-1325348.71268944 
-1320480.49115148 
-1319917.43864644 
-1166933.39097484 
-1088029.57151814 
-969108.53378191 
-914830.86233369 
-908849.29106883 
-850656.04265124 
-838652.62568332 
-598122.60378635 
-299634.11315708 
-299614.25952590 
-296747.91056258 
-263054.04582586 
-262938.26919537 
-258838.20393600 
-258838.20393600 
-258387.45098392 
-254972.35142777 
-253916.05738589 
-253658.43793913 
-253400.72742150 
-234786.61821851 
-234786.61821851 
-234008.92682371 
-225992.86622047 
-225992.86622047 
-225882.72183098 
-225882.72183098 
-225473.28650944 
-222048.97742826 
-220778.45638487 
-220342.96245303 
-220342.96245303 
-219230.54871661 
-213421.36142500 
-213421.36142500 
-212903.54190664 
-212895.01691650 
-209343.61899810 
-209343.61899810 
-209343.61899810 
-209343.61899810 
-209328.34733302 
-205609.58036386 
-205597.84892742 
-205584.46251149 
-205584.46251149 
-205218.42407072 
-205218.42407072 
-205218.42407072 
-204538.84054897 
-201766.68889150 
-201766.68889150 
-201718.67032559 
-198031.94665089 
-198010.42515519 
-197987.66409046 
-197987.66409046 
-197977.46874647 
-180596.95413699 
-180596.95413699 
-180596.95413699 
-180593.91986807 
-180593.91986807 
-180303.44050718 
-178963.96983612 
-174771.84935506 
-174771.83665024 
-174754.51163581 
-174680.02374469 
-162427.84270394 
-162390.09007060 
-162363.17412884 
-162363.17412884 
-162363.17412884 
-162363.17412884 
-162236.12723805 
-162236.12723805 
-162236.12723805 
-162236.12723805 
-162236.12723805 
-162213.08045867 
-160082.12179309 
-160062.96613186 
-160062.96613186 
-160062.07584550 
-159888.48577542 
-159879.35997175 
-159879.35997175 
-159879.35997175 
-159879.35997175 
-127956.67588055 
-127935.70671225 
-127935.60383277 
-127935.20313016 
-127898.06900291 
-127814.73711616 
-127778.60248663 
-124564.23042863 
-124564.23042863 
-124564.23042863 
-124437.56010636 
-124353.78003945 
-124353.78003945 
-124353.78003945 
-124157.94684431 
-124157.94684431 
-107484.88467484 
-107483.93557360 
-107482.53814032 
-107467.52974379 
-107336.27894009 
-107334.97398129 
-107334.97398129 
-107309.62868028 
-107309.62868028 
-107277.39949942 
-106987.51529507 
-106981.38401782 
-106981.38401782 
-106981.30876023 
-106944.62309087 
-106944.62309087 
-106944.62309087 
-106944.62309087 
-106944.62309087 
-106936.61083438 
-106761.92867900 
-106743.07984669 
-106737.69602572 
-106714.42714716 
-106713.10133271 
-106706.83144306 
-106706.83144306 
-106706.65109237 
-106705.90919351 
-106705.47732718 
-106657.50391801 
-106657.08290369 
-106657.08290369 
-106654.81409899 
-106649.72955837 
-106649.02344504 
-106644.41556234 
-106632.26644043 
-106624.96095923 
-106624.96095923 
-106624.96095923 
-106624.96095923 
-106624.96095923 
-106624.95900606 
-106624.95900606 
-106623.63166732 
-106595.13958356 
-106595.13958356 
-106264.41861101 
-106264.41861101 
-106260.80550161 
-106260.80550161 
-106204.48769822 
-106165.75939791 
-106165.75939791 
-106163.61722078 
-106163.61722078 
-106163.61722078 
-106163.61722078 
-106162.16012516 
-106162.16012516 
-106162.14793598 
-106151.76934592 
-106151.69066550 
-106018.77154392 
-106018.77154392 
-106018.75837556 
-106017.64278561 
-106017.64278561 
-106017.64278561 
-106017.64278561 
-106017.64278561 
-106017.64278561 
-106017.64278561 
-106017.55439727 
-106015.56800156 
-106015.56800156 
-106015.56799960 
-106007.18463756 
-106007.02257302 
-106007.02257302 
-106006.80936427 
-106006.80936427 
-106006.78785213 
-106003.62424502 
-106003.62424502 
-106002.23528678 
-106001.91947341 
-106001.91947341 
-106001.91947341 
-105993.70723867 
-105993.70723867 
-105993.61779596 
-105993.61779596 
-105993.61779596 
-105991.26845248 
-105982.05885618 
-105976.37267534 
-105976.34512119 
-105976.11514054 
-105962.90667873 
-105962.65187366 
-105962.65187366 
-105962.65187366 
-105962.64603568 
-105959.13174738 
-105940.90829419 
-105940.90829419 
-105940.90829419 
-105940.90772179 
-105940.90772179 
-105938.92653354 
-105937.31032026 
-105933.40898179 
-105933.35991677 
-105933.35991677 
-105933.35991677 
-105933.34340126 
-105933.33728838 
-105933.33728838 
-105933.30924693 
-105933.01873929 
-105933.01873929 
-105933.01873929 
-105933.01873929 
-105933.01873929 
-105933.01873929 
-105933.01873929 
-105927.05692517 
-105927.05692517 
-105927.04949526 
-105927.04949526 
-105927.04949526 
-105923.96161804 
-105923.27247122 
-105923.27247122 
-105923.26507077 
-105923.26507077 
-105892.70349254 
-105892.70349254 
-105892.70349254 
-105892.70349254 
-105892.70349254 
-105892.70349254 
-105890.14487175 
-105889.59109462 
-105889.55954800 
-105889.44604821 
-105889.44604821 
-105889.40670451 
-105889.40670451 
-105889.40670451 
-105889.40670451 
-105889.40670451 
-105889.40670451 
-105889.35728021 
-105889.35728021 
-105889.35420496 
-105889.07974524 
-105888.94960197 
-105888.27459240 
-105888.17085013 
-105888.17085013 
-105888.17085013 
-105888.17085013 
-105888.13508420 
-105888.13508420 
-105888.13508420 
-105888.13508420 
-105888.13508420 
-105887.69484261 
-105887.68190148 
-105887.68190148 
-105887.68190148 
-105887.68190148 
-105887.58083397 
-105887.58083397 
-105887.44857691 
-105887.42858415 
-105887.41088685 
-105887.41088685 
-105887.41088685 
-105887.19914495 
-105887.19914495 
-105887.19914495 
-105887.19914495 
-105887.19914495 
-105887.19914495 
-105887.19914495 
-105887.19914495 
-105887.19914495 
-105887.04754427 
-105887.04754427 
-105887.04754427 
-105887.04225268 
-105887.04225268 
-105887.04225268 
-105887.03462114 
-105887.02024840 
-105887.02024840 
-105887.02024840 
-105887.00977854 
-105887.00977854 
-105887.00977854 
-105887.00977854 
-105887.00977854 
-105887.00977854 
-105887.00977854 
-105887.00977854 
-105887.00977854 
-105887.00828471 
-105886.98785346 
-105886.98785346 
-105886.98785346 
-105886.98785346 
-105886.98785346 
-105886.98785346 
-105886.96442924 
-105886.96442924 
-105886.96442924 
-105886.96442924 
-105886.96442924 
-105886.96442924 
-105886.96442924 
-105886.84331168 
-105886.84331168 
-105886.84331168 
-105886.83785652 
-105886.83785652 
-105886.83785652 
-105886.83785652 
-105886.83785652 
-105886.83785652 
-105886.83785652 
-105886.83785652 
-105886.83785652 
-105886.83785652 
-105886.83785652 
-105886.83785652 
-105886.83785652 
-105886.83785652 
-105886.83785652 
-105886.83785652 
-105886.82954539 
-105886.82954539 
-105886.82954539 
-105886.78852747 
-105886.78852747 
-105886.78852747 
-105886.78852747 
-105886.78852747 
-105886.78852747 
-105886.78852747 
-105886.78852747 
-105886.78852747 
-105886.78852747 
-105886.75084124 
-105886.75084124 
-105886.75084124 
-105886.74744672 
-105886.73963064 
-105886.73963064 
-105886.73963064 
-105886.73762021 
-105886.73762021 
-105886.73762021 
-105886.64194857 
-105886.64194857 
-105886.64194857 
-105886.64194857 
-105886.64194857 
-105886.64194857 
-105886.47365645 
-105886.47365645 
-105886.47365645 
-105886.47365645 
-105886.47365645 
-105886.47365645 
-105886.47365645 
-105886.47362407 
-105886.47362407 
-105886.47362407 
-105885.63020199 
-105885.63020199 
-105885.63020199 
-105885.62298625 
-105885.62298625 
-105885.62298625 
-105885.62298625 
-105885.58917710 
